3450.000000 0.006654
3450.790039 0.009935
3451.590088 0.007691
3452.379883 0.008228
3453.179932 0.010158
3453.969971 0.008301
3454.770020 0.009317
3455.570068 0.008288
3456.360107 0.007774
3457.159912 0.010879
3457.949951 0.008293
3458.750000 0.003323
3459.550049 0.002121
3460.340088 0.004226
3461.139893 0.004856
3461.939941 0.003758
3462.729980 0.002815
3463.530029 0.003014
3464.330078 0.004885
3465.129883 0.008947
3465.919922 0.010491
3466.719971 0.009249
3467.520020 0.008829
3468.320068 0.008426
3469.120117 0.009370
3469.919922 0.008528
3470.719971 0.007767
3471.520020 0.007184
3472.310059 0.005338
3473.110107 0.005993
3473.909912 0.006234
3474.709961 0.005790
3475.510010 0.005755
3476.310059 0.004315
3477.120117 0.003382
3477.919922 0.001997
3478.719971 0.002926
3479.520020 0.005535
3480.320068 0.006354
3481.120117 0.006845
3481.919922 0.009964
3482.719971 0.009305
3483.530029 0.005773
3484.330078 0.006037
3485.129883 0.006452
3485.929932 0.005395
3486.739990 0.005434
3487.540039 0.006406
3488.340088 0.006362
3489.149902 0.003872
3489.949951 0.006167
3490.750000 0.003593
3491.560059 0.003018
3492.360107 0.004327
3493.169922 0.001810
3493.969971 0.002603
3494.770020 0.007372
3495.580078 0.008307
3496.379883 0.006961
3497.189941 0.007789
3497.989990 0.007443
3498.800049 0.005731
3499.610107 0.004294
3500.409912 0.005655
3501.219971 0.009261
3502.020020 0.009719
3502.830078 0.011666
3503.639893 0.010599
3504.439941 0.008639
3505.250000 0.007806
3506.060059 0.011062
3506.870117 0.014606
3507.669922 0.012900
3508.479980 0.007804
3509.290039 0.005131
3510.100098 0.005352
3510.909912 0.004174
3511.709961 0.002831
3512.520020 0.001315
3513.330078 0.002709
3514.139893 0.005216
3514.949951 0.004481
3515.760010 0.007141
3516.570068 0.004363
3517.379883 0.000590
3518.189941 0.004608
3519.000000 0.006186
3519.810059 0.005130
3520.620117 0.005069
3521.429932 0.004757
3522.239990 0.001137
3523.050049 -0.001657
3523.860107 -0.003338
3524.679932 -0.000149
3525.489990 -0.001400
3526.300049 -0.003652
3527.110107 -0.002218
3527.919922 0.000219
3528.739990 0.002146
3529.550049 0.004696
3530.360107 0.005556
3531.169922 0.004389
3531.989990 0.005033
3532.800049 0.005224
3533.610107 0.006780
3534.429932 0.007077
3535.239990 0.007405
3536.060059 0.007722
3536.870117 0.006621
3537.679932 0.007511
3538.500000 0.004950
3539.310059 0.006361
3540.129883 0.008419
3540.939941 0.010905
3541.760010 0.009248
3542.580078 0.006388
3543.389893 0.005977
3544.209961 0.007352
3545.020020 0.007298
3545.840088 0.007249
3546.659912 0.004903
3547.469971 0.004808
3548.290039 0.006445
3549.110107 0.005695
3549.919922 0.005564
3550.739990 0.003333
3551.560059 0.003279
3552.379883 0.003264
3553.199951 0.005871
3554.010010 0.005072
3554.830078 0.004613
3555.649902 0.002680
3556.469971 0.004651
3557.290039 0.002941
3558.110107 0.002397
3558.929932 0.002952
3559.750000 0.000953
3560.570068 0.002185
3561.389893 0.001504
3562.209961 0.000131
3563.030029 -0.000624
3563.850098 0.001084
3564.669922 0.001358
3565.489990 0.001780
3566.310059 -0.000523
3567.129883 -0.004355
3567.949951 -0.007405
3568.770020 -0.007267
3569.600098 -0.004820
3570.419922 -0.004735
3571.239990 -0.005546
3572.060059 -0.002908
3572.889893 -0.002299
3573.709961 -0.002081
3574.530029 0.000365
3575.350098 0.000498
3576.179932 0.000436
3577.000000 -0.001673
3577.820068 -0.003892
3578.649902 -0.005506
3579.469971 -0.006808
3580.300049 -0.007773
3581.120117 -0.008062
3581.949951 -0.008576
3582.770020 -0.011163
3583.600098 -0.010493
3584.419922 -0.010406
3585.250000 -0.008886
3586.070068 -0.005413
3586.899902 -0.005663
3587.719971 -0.007420
3588.550049 -0.005063
3589.379883 -0.001566
3590.199951 -0.001621
3591.030029 -0.001051
3591.860107 0.000161
3592.679932 -0.000151
3593.510010 0.003389
3594.340088 0.005051
3595.169922 0.005200
3596.000000 0.006712
3596.820068 0.007709
3597.649902 0.006781
3598.479980 0.006113
3599.310059 0.007692
3600.139893 0.009271
3600.969971 0.009524
3601.800049 0.007842
3602.629883 0.007097
3603.449951 0.006138
3604.280029 0.005779
3605.110107 0.003625
3605.949951 0.000033
3606.780029 -0.000448
3607.610107 -0.000246
3608.439941 -0.000142
3609.270020 -0.001892
3610.100098 -0.002169
3610.929932 0.003093
3611.760010 0.004128
3612.590088 0.001017
3613.429932 0.001757
3614.260010 0.003205
3615.090088 0.002376
3615.919922 0.002393
3616.760010 0.002021
3617.590088 0.000530
3618.419922 0.000325
3619.250000 -0.000560
3620.090088 -0.000647
3620.919922 -0.000802
3621.760010 -0.000831
3622.590088 0.002623
3623.419922 0.003158
3624.260010 0.003816
3625.090088 0.007643
3625.929932 0.008520
3626.760010 0.007523
3627.600098 0.008330
3628.429932 0.009585
3629.270020 0.008511
3630.100098 0.006008
3630.939941 0.005903
3631.780029 0.004634
3632.610107 0.001514
3633.449951 0.000753
3634.290039 -0.000052
3635.120117 0.001302
3635.959961 0.003026
3636.800049 0.003298
3637.629883 0.004343
3638.469971 0.005164
3639.310059 0.006199
3640.149902 0.008312
3640.989990 0.006375
3641.830078 0.005263
3642.659912 0.005751
3643.500000 0.004098
3644.340088 0.003894
3645.179932 0.002075
3646.020020 0.000199
3646.860107 -0.000311
3647.699951 -0.000234
3648.540039 0.000271
3649.379883 0.000359
3650.219971 0.000862
3651.060059 0.002505
3651.899902 0.005173
3652.739990 0.005435
3653.580078 0.007770
3654.429932 0.008916
3655.270020 0.006865
3656.110107 0.008158
3656.949951 0.010443
3657.790039 0.011329
3658.639893 0.012475
3659.479980 0.011197
3660.320068 0.012279
3661.159912 0.011731
3662.010010 0.010359
3662.850098 0.011385
3663.689941 0.011530
3664.540039 0.012042
3665.379883 0.010222
3666.219971 0.008023
3667.070068 0.008798
3667.909912 0.008507
3668.760010 0.008619
3669.600098 0.008598
3670.449951 0.007548
3671.290039 0.007294
3672.139893 0.008266
3672.979980 0.008472
3673.830078 0.008043
3674.679932 0.006423
3675.520020 0.004032
3676.370117 0.003584
3677.219971 0.005396
3678.060059 0.005413
3678.909912 0.004210
3679.760010 0.003890
3680.600098 0.002614
3681.449951 0.002570
3682.300049 0.002130
3683.149902 -0.000376
3684.000000 0.000908
3684.840088 0.002260
3685.689941 0.002154
3686.540039 0.001177
3687.389893 0.000703
3688.239990 0.001691
3689.090088 0.003830
3689.939941 0.001366
3690.790039 0.000804
3691.639893 0.002971
3692.489990 0.004239
3693.340088 0.005154
3694.189941 0.006723
3695.040039 0.005379
3695.889893 0.005145
3696.739990 0.005278
3697.590088 0.006217
3698.439941 0.005605
3699.300049 0.005837
3700.149902 0.008385
3701.000000 0.007680
3701.850098 0.004830
3702.699951 0.005500
3703.560059 0.004878
3704.409912 0.002340
3705.260010 -0.000179
3706.120117 -0.002597
3706.969971 -0.005744
3707.820068 -0.006974
3708.679932 -0.007486
3709.530029 -0.006539
3710.389893 -0.004883
3711.239990 -0.000370
3712.100098 0.005357
3712.949951 0.006164
3713.800049 0.006639
3714.659912 0.005522
3715.520020 0.003950
3716.370117 0.001733
3717.229980 -0.001171
3718.080078 -0.002632
3718.939941 -0.001185
3719.800049 0.000721
3720.649902 0.002641
3721.510010 0.007863
3722.370117 0.016781
3723.219971 0.031217
3724.080078 0.051553
3724.939941 0.058044
3725.800049 0.048093
3726.649902 0.053465
3727.510010 0.076836
3728.370117 0.073155
3729.229980 0.038553
3730.090088 0.029010
3730.949951 0.061407
3731.810059 0.074230
3732.669922 0.048525
3733.530029 0.022471
3734.389893 0.007765
3735.250000 0.000639
3736.110107 -0.005473
3736.969971 -0.010318
3737.830078 -0.011523
3738.689941 -0.014503
3739.550049 -0.017070
3740.409912 -0.018274
3741.270020 -0.019247
3742.129883 -0.019680
3742.989990 -0.019006
3743.860107 -0.021473
3744.719971 -0.021328
3745.580078 -0.021932
3746.439941 -0.021518
3747.310059 -0.019742
3748.169922 -0.017408
3749.030029 -0.013635
3749.889893 -0.011269
3750.760010 -0.010301
3751.620117 -0.009647
3752.489990 -0.009106
3753.350098 -0.010700
3754.209961 -0.012920
3755.080078 -0.014517
3755.939941 -0.015171
3756.810059 -0.017006
3757.669922 -0.017326
3758.540039 -0.016414
3759.399902 -0.017531
3760.270020 -0.020368
3761.139893 -0.021370
3762.000000 -0.022398
3762.870117 -0.022171
3763.739990 -0.021398
3764.600098 -0.021144
3765.469971 -0.020883
3766.340088 -0.019446
3767.199951 -0.016535
3768.070068 -0.012572
3768.939941 -0.010234
3769.810059 -0.006096
3770.679932 -0.004419
3771.540039 -0.002219
3772.409912 -0.001179
3773.280029 -0.004761
3774.149902 -0.006650
3775.020020 -0.008372
3775.889893 -0.011011
3776.760010 -0.012859
3777.629883 -0.015520
3778.500000 -0.015652
3779.370117 -0.016480
3780.239990 -0.019846
3781.110107 -0.021536
3781.979980 -0.020606
3782.850098 -0.020116
3783.719971 -0.021411
3784.590088 -0.022753
3785.459961 -0.022687
3786.340088 -0.024485
3787.209961 -0.024090
3788.080078 -0.024020
3788.949951 -0.025731
3789.820068 -0.026347
3790.699951 -0.026142
3791.570068 -0.026724
3792.439941 -0.026278
3793.320068 -0.022843
3794.189941 -0.019286
3795.060059 -0.016716
3795.939941 -0.013032
3796.810059 -0.011163
3797.689941 -0.010686
3798.560059 -0.011114
3799.439941 -0.010905
3800.310059 -0.010790
3801.189941 -0.012439
3802.060059 -0.017862
3802.939941 -0.019429
3803.810059 -0.022356
3804.689941 -0.024651
3805.560059 -0.023805
3806.439941 -0.023926
3807.320068 -0.024083
3808.189941 -0.026925
3809.070068 -0.029607
3809.949951 -0.032184
3810.830078 -0.032263
3811.699951 -0.031785
3812.580078 -0.033612
3813.459961 -0.032465
3814.340088 -0.032182
3815.219971 -0.032978
3816.090088 -0.034276
3816.969971 -0.036738
3817.850098 -0.039867
3818.729980 -0.041128
3819.610107 -0.040120
3820.489990 -0.037715
3821.370117 -0.037342
3822.250000 -0.038521
3823.129883 -0.041301
3824.010010 -0.043793
3824.889893 -0.039167
3825.770020 -0.037085
3826.649902 -0.036716
3827.530029 -0.035606
3828.419922 -0.036829
3829.300049 -0.035082
3830.179932 -0.034499
3831.060059 -0.033225
3831.939941 -0.028517
3832.830078 -0.025217
3833.709961 -0.020314
3834.590088 -0.017360
3835.469971 -0.019127
3836.360107 -0.020609
3837.239990 -0.020972
3838.120117 -0.020393
3839.010010 -0.023656
3839.889893 -0.024389
3840.780029 -0.026268
3841.659912 -0.030156
3842.550049 -0.032146
3843.429932 -0.032794
3844.320068 -0.033832
3845.199951 -0.034739
3846.090088 -0.035033
3846.969971 -0.035559
3847.860107 -0.037108
3848.739990 -0.038868
3849.629883 -0.038294
3850.520020 -0.037555
3851.399902 -0.039123
3852.290039 -0.040166
3853.179932 -0.043702
3854.070068 -0.044957
3854.949951 -0.042397
3855.840088 -0.039855
3856.729980 -0.041434
3857.620117 -0.042450
3858.510010 -0.043079
3859.389893 -0.042121
3860.280029 -0.041584
3861.169922 -0.041284
3862.060059 -0.041445
3862.949951 -0.041938
3863.840088 -0.039346
3864.729980 -0.034655
3865.620117 -0.029843
3866.510010 -0.026437
3867.399902 -0.025518
3868.290039 -0.033662
3869.179932 -0.045565
3870.070068 -0.044744
3870.959961 -0.031552
3871.850098 -0.022231
3872.750000 -0.023211
3873.639893 -0.027148
3874.530029 -0.030144
3875.419922 -0.031453
3876.320068 -0.034947
3877.209961 -0.035346
3878.100098 -0.032138
3878.989990 -0.030744
3879.889893 -0.031002
3880.780029 -0.032814
3881.669922 -0.032583
3882.570068 -0.030655
3883.459961 -0.025695
3884.360107 -0.021554
3885.250000 -0.019138
3886.149902 -0.012506
3887.040039 -0.006228
3887.939941 -0.004616
3888.830078 -0.009484
3889.729980 -0.009893
3890.620117 -0.001977
3891.520020 0.003125
3892.409912 0.001435
3893.310059 -0.002865
3894.209961 -0.005404
3895.100098 -0.008014
3896.000000 -0.010435
3896.899902 -0.012321
3897.800049 -0.015355
3898.689941 -0.016902
3899.590088 -0.017386
3900.489990 -0.018842
3901.389893 -0.020761
3902.290039 -0.021773
3903.179932 -0.022864
3904.080078 -0.024765
3904.979980 -0.024408
3905.879883 -0.023736
3906.780029 -0.024523
3907.679932 -0.024384
3908.580078 -0.023018
3909.479980 -0.023517
3910.379883 -0.022117
3911.280029 -0.021527
3912.179932 -0.021227
3913.080078 -0.019922
3913.979980 -0.018390
3914.889893 -0.017883
3915.790039 -0.018741
3916.689941 -0.019103
3917.590088 -0.019655
3918.489990 -0.020748
3919.399902 -0.022178
3920.300049 -0.023508
3921.199951 -0.025421
3922.100098 -0.027469
3923.010010 -0.028303
3923.909912 -0.029012
3924.810059 -0.030324
3925.719971 -0.030443
3926.620117 -0.031962
3927.530029 -0.032883
3928.429932 -0.032476
3929.340088 -0.032916
3930.239990 -0.034792
3931.149902 -0.035476
3932.050049 -0.033337
3932.959961 -0.029845
3933.860107 -0.025485
3934.770020 -0.024193
3935.669922 -0.026030
3936.580078 -0.030017
3937.489990 -0.033717
3938.389893 -0.034441
3939.300049 -0.034785
3940.209961 -0.034082
3941.110107 -0.032588
3942.020020 -0.031935
3942.929932 -0.030644
3943.840088 -0.029982
3944.750000 -0.028883
3945.649902 -0.028471
3946.560059 -0.026534
3947.469971 -0.025031
3948.379883 -0.021242
3949.290039 -0.019251
3950.199951 -0.018013
3951.110107 -0.016704
3952.020020 -0.015934
3952.929932 -0.015117
3953.840088 -0.013557
3954.750000 -0.014715
3955.659912 -0.016254
3956.570068 -0.012344
3957.479980 -0.010442
3958.389893 -0.013717
3959.310059 -0.015675
3960.219971 -0.017765
3961.129883 -0.019154
3962.040039 -0.018113
3962.949951 -0.018341
3963.870117 -0.018166
3964.780029 -0.016764
3965.689941 -0.013227
3966.610107 -0.012047
3967.520020 -0.011577
3968.429932 -0.007774
3969.350098 -0.004896
3970.260010 -0.006947
3971.179932 -0.010214
3972.090088 -0.006435
3973.000000 -0.003950
3973.919922 -0.004744
3974.830078 -0.006041
3975.750000 -0.006182
3976.669922 -0.005757
3977.580078 -0.005060
3978.500000 -0.003446
3979.409912 -0.005022
3980.330078 -0.005142
3981.250000 -0.003461
3982.159912 -0.003290
3983.080078 -0.001449
3984.000000 -0.000327
3984.919922 -0.004415
3985.830078 -0.005634
3986.750000 -0.003410
3987.669922 -0.002734
3988.590088 -0.004666
3989.510010 -0.003141
3990.419922 -0.002845
3991.340088 -0.003834
3992.260010 -0.002805
3993.179932 -0.002664
3994.100098 -0.002828
3995.020020 -0.002162
3995.939941 -0.002102
3996.860107 -0.001954
3997.780029 -0.001081
3998.699951 -0.000678
3999.620117 -0.001162
4000.540039 -0.001497
4001.469971 -0.000979
4002.389893 -0.001219
4003.310059 -0.000699
4004.229980 -0.001680
4005.149902 -0.001512
4006.080078 0.001153
4007.000000 0.000553
4007.919922 -0.000887
4008.840088 -0.001635
4009.770020 -0.001114
4010.689941 -0.000315
4011.610107 0.001547
4012.540039 0.002795
4013.459961 0.002810
4014.389893 0.003801
4015.310059 0.003262
4016.229980 0.002453
4017.159912 0.003236
4018.080078 0.003080
4019.010010 0.001653
4019.939941 0.000942
4020.860107 0.001166
4021.790039 0.001313
4022.709961 0.001792
4023.639893 0.002598
4024.570068 0.003524
4025.489990 0.004724
4026.419922 0.004681
4027.350098 0.001396
4028.270020 0.000199
4029.199951 0.001127
4030.129883 0.001602
4031.060059 0.000173
4031.989990 -0.001848
4032.919922 -0.004715
4033.840088 -0.005937
4034.770020 -0.006366
4035.699951 -0.005894
4036.629883 -0.004229
4037.560059 -0.003526
4038.489990 -0.001747
4039.419922 -0.000048
4040.350098 0.002757
4041.280029 0.003837
4042.209961 0.002257
4043.139893 -0.002279
4044.070068 -0.004974
4045.010010 -0.005740
4045.939941 -0.005939
4046.870117 -0.005670
4047.800049 -0.007748
4048.729980 -0.009006
4049.669922 -0.006159
4050.600098 -0.002473
4051.530029 -0.000081
4052.459961 0.000488
4053.399902 0.000604
4054.330078 0.001154
4055.260010 0.000015
4056.199951 -0.001232
4057.129883 -0.002426
4058.070068 -0.003332
4059.000000 -0.004810
4059.939941 -0.005956
4060.870117 -0.006815
4061.810059 -0.006385
4062.739990 -0.005909
4063.679932 -0.004119
4064.610107 -0.003408
4065.550049 -0.004246
4066.479980 -0.004721
4067.419922 -0.002129
4068.360107 0.000556
4069.290039 -0.000335
4070.229980 0.000128
4071.169922 0.004112
4072.110107 0.004532
4073.040039 0.002613
4073.979980 0.001008
4074.919922 -0.001699
4075.860107 -0.001052
4076.800049 0.003344
4077.739990 0.004162
4078.669922 0.003457
4079.610107 0.002451
4080.550049 0.001458
4081.489990 0.001996
4082.429932 0.002297
4083.370117 0.004056
4084.310059 0.006395
4085.250000 0.008249
4086.199951 0.008802
4087.139893 0.009552
4088.080078 0.010104
4089.020020 0.011036
4089.959961 0.012959
4090.899902 0.012665
4091.840088 0.012303
4092.790039 0.014226
4093.729980 0.012975
4094.669922 0.012160
4095.610107 0.013683
4096.560059 0.013171
4097.500000 0.014588
4098.439941 0.017201
4099.390137 0.021214
4100.330078 0.025370
4101.279785 0.021074
4102.220215 0.012489
4103.169922 0.012754
4104.109863 0.020501
4105.060059 0.024698
4106.000000 0.019808
4106.950195 0.016165
4107.890137 0.014639
4108.839844 0.012762
4109.779785 0.011095
4110.729980 0.010680
4111.680176 0.008324
4112.620117 0.006027
4113.569824 0.005046
4114.520020 0.003306
4115.470215 0.002216
4116.410156 0.002662
4117.359863 0.001481
4118.310059 0.000493
4119.259766 0.000717
4120.209961 0.002031
4121.160156 0.001759
4122.109863 0.000797
4123.049805 0.000901
4124.000000 -0.000223
4124.950195 -0.000434
4125.899902 -0.000774
4126.850098 -0.002025
4127.799805 -0.000960
4128.750000 -0.001324
4129.709961 -0.002280
4130.660156 -0.003406
4131.609863 -0.005534
4132.560059 -0.007596
4133.509766 -0.007118
4134.459961 -0.006475
4135.419922 -0.007377
4136.370117 -0.008718
4137.319824 -0.008400
4138.270020 -0.006974
4139.229980 -0.006616
4140.180176 -0.007968
4141.129883 -0.008452
4142.089844 -0.010152
4143.040039 -0.009565
4143.990234 -0.008044
4144.950195 -0.008957
4145.899902 -0.012166
4146.859863 -0.012896
4147.810059 -0.013118
4148.770020 -0.012138
4149.720215 -0.010940
4150.680176 -0.012689
4151.629883 -0.013663
4152.589844 -0.013835
4153.549805 -0.012808
4154.500000 -0.013103
4155.459961 -0.012450
4156.419922 -0.011312
4157.370117 -0.011827
4158.330078 -0.011520
4159.290039 -0.011177
4160.250000 -0.009146
4161.200195 -0.009255
4162.160156 -0.008394
4163.120117 -0.007907
4164.080078 -0.010047
4165.040039 -0.011216
4166.000000 -0.010364
4166.959961 -0.010543
4167.919922 -0.010721
4168.879883 -0.011547
4169.839844 -0.011926
4170.799805 -0.012321
4171.759766 -0.011054
4172.720215 -0.009585
4173.680176 -0.008728
4174.640137 -0.009087
4175.600098 -0.011955
4176.560059 -0.013245
4177.529785 -0.012740
4178.490234 -0.011847
4179.450195 -0.011276
4180.410156 -0.012262
4181.370117 -0.013076
4182.339844 -0.012432
4183.299805 -0.011388
4184.259766 -0.010544
4185.229980 -0.010167
4186.189941 -0.010057
4187.160156 -0.008698
4188.120117 -0.008848
4189.080078 -0.009677
4190.049805 -0.010129
4191.009766 -0.010483
4191.979980 -0.010748
4192.939941 -0.011935
4193.910156 -0.012130
4194.879883 -0.012932
4195.839844 -0.012476
4196.810059 -0.012925
4197.770020 -0.012484
4198.740234 -0.012778
4199.709961 -0.013733
4200.680176 -0.013282
4201.640137 -0.012643
4202.609863 -0.011830
4203.580078 -0.010803
4204.549805 -0.010430
4205.509766 -0.008736
4206.479980 -0.006956
4207.450195 -0.006786
4208.419922 -0.006406
4209.390137 -0.007327
4210.359863 -0.007364
4211.330078 -0.007377
4212.299805 -0.009294
4213.270020 -0.010850
4214.240234 -0.011842
4215.209961 -0.011464
4216.180176 -0.009490
4217.149902 -0.007950
4218.120117 -0.007626
4219.089844 -0.006306
4220.060059 -0.006100
4221.040039 -0.006091
4222.009766 -0.005863
4222.979980 -0.007143
4223.950195 -0.009900
4224.930176 -0.011064
4225.899902 -0.013186
4226.870117 -0.013568
4227.850098 -0.013538
4228.819824 -0.015758
4229.790039 -0.016938
4230.770020 -0.016640
4231.740234 -0.012981
4232.720215 -0.008445
4233.689941 -0.005758
4234.669922 -0.005263
4235.640137 -0.005846
4236.620117 -0.007150
4237.589844 -0.007401
4238.569824 -0.007187
4239.540039 -0.006234
4240.520020 -0.004874
4241.500000 -0.004053
4242.470215 -0.005921
4243.450195 -0.004773
4244.430176 -0.003771
4245.399902 -0.002175
4246.379883 -0.001320
4247.359863 -0.001910
4248.339844 -0.003681
4249.319824 -0.005286
4250.299805 -0.007001
4251.270020 -0.007868
4252.250000 -0.010203
4253.229980 -0.011196
4254.209961 -0.010975
4255.189941 -0.009945
4256.169922 -0.009546
4257.149902 -0.009519
4258.129883 -0.010014
4259.109863 -0.008622
4260.089844 -0.007166
4261.069824 -0.006209
4262.060059 -0.006485
4263.040039 -0.006646
4264.020020 -0.005897
4265.000000 -0.004978
4265.979980 -0.004808
4266.970215 -0.003741
4267.950195 -0.004721
4268.930176 -0.006385
4269.910156 -0.007619
4270.899902 -0.009746
4271.879883 -0.010314
4272.859863 -0.012179
4273.850098 -0.014346
4274.830078 -0.015001
4275.819824 -0.014229
4276.799805 -0.012819
4277.790039 -0.012246
4278.770020 -0.010365
4279.759766 -0.009291
4280.740234 -0.007122
4281.729980 -0.005576
4282.709961 -0.006751
4283.700195 -0.006693
4284.689941 -0.006818
4285.669922 -0.007705
4286.660156 -0.007602
4287.649902 -0.008330
4288.640137 -0.010228
4289.620117 -0.009485
4290.609863 -0.006943
4291.600098 -0.007752
4292.589844 -0.010046
4293.580078 -0.011095
4294.560059 -0.010432
4295.549805 -0.010265
4296.540039 -0.010905
4297.529785 -0.011496
4298.520020 -0.013326
4299.509766 -0.013594
4300.500000 -0.013874
4301.490234 -0.015453
4302.479980 -0.018046
4303.470215 -0.019553
4304.459961 -0.020969
4305.459961 -0.021677
4306.450195 -0.021895
4307.439941 -0.021781
4308.430176 -0.021275
4309.419922 -0.020038
4310.419922 -0.020545
4311.410156 -0.020263
4312.399902 -0.017525
4313.390137 -0.013130
4314.390137 -0.007194
4315.379883 -0.002021
4316.370117 0.000974
4317.370117 0.004702
4318.359863 0.006522
4319.359863 0.008245
4320.350098 0.008876
4321.350098 0.007485
4322.339844 0.005695
4323.339844 0.001889
4324.330078 -0.000206
4325.330078 0.001365
4326.319824 0.001355
4327.319824 0.001004
4328.319824 0.000712
4329.310059 0.003755
4330.310059 0.007075
4331.310059 0.012806
4332.310059 0.017027
4333.299805 0.019333
4334.299805 0.020677
4335.299805 0.022242
4336.299805 0.024625
4337.299805 0.028523
4338.290039 0.036125
4339.290039 0.037989
4340.290039 0.021837
4341.290039 0.005078
4342.290039 0.012082
4343.290039 0.031696
4344.290039 0.036609
4345.290039 0.029401
4346.290039 0.023861
4347.290039 0.021830
4348.299805 0.019760
4349.299805 0.017640
4350.299805 0.015637
4351.299805 0.015109
4352.299805 0.014186
4353.310059 0.011704
4354.310059 0.008392
4355.310059 0.004860
4356.310059 0.004023
4357.319824 0.004215
4358.319824 0.007084
4359.319824 0.008789
4360.330078 0.010427
4361.330078 0.012036
4362.339844 0.011338
4363.339844 0.009515
4364.350098 0.007876
4365.350098 0.008903
4366.359863 0.011050
4367.359863 0.010966
4368.370117 0.011264
4369.370117 0.010448
4370.379883 0.008146
4371.390137 0.004889
4372.390137 0.003648
4373.399902 0.002626
4374.410156 0.003306
4375.410156 0.004426
4376.419922 0.003915
4377.430176 0.001402
4378.439941 -0.001484
4379.450195 -0.001993
4380.450195 -0.003129
4381.459961 -0.005250
4382.470215 -0.005789
4383.479980 -0.004345
4384.490234 -0.003183
4385.500000 -0.003025
4386.509766 -0.005029
4387.520020 -0.007146
4388.529785 -0.005666
4389.540039 -0.002958
4390.549805 -0.000976
4391.560059 -0.000177
4392.569824 -0.000285
4393.589844 -0.000135
4394.600098 0.002012
4395.609863 0.004342
4396.620117 0.005021
4397.629883 0.003597
4398.649902 0.002143
4399.660156 0.004339
4400.669922 0.005612
4401.689941 0.004438
4402.700195 0.001576
4403.709961 -0.001750
4404.729980 -0.001942
4405.740234 -0.001236
4406.759766 -0.003197
4407.770020 -0.003098
4408.790039 0.000277
4409.799805 0.002875
4410.819824 0.003833
4411.830078 0.004398
4412.850098 0.005051
4413.870117 0.005914
4414.879883 0.007455
4415.899902 0.009407
4416.919922 0.009951
4417.930176 0.009905
4418.950195 0.010391
4419.970215 0.009453
4420.990234 0.008290
4422.000000 0.009021
4423.020020 0.009619
4424.040039 0.010453
4425.060059 0.009516
4426.080078 0.008016
4427.100098 0.008313
4428.120117 0.009527
4429.140137 0.009471
4430.160156 0.009183
4431.180176 0.009415
4432.200195 0.008122
4433.220215 0.006564
4434.240234 0.007453
4435.259766 0.010354
4436.279785 0.009154
4437.299805 0.007606
4438.319824 0.007408
4439.350098 0.007133
4440.370117 0.007596
4441.390137 0.008797
4442.410156 0.011820
4443.439941 0.013684
4444.459961 0.014390
4445.479980 0.014001
4446.509766 0.012955
4447.529785 0.012986
4448.560059 0.013609
4449.580078 0.015002
4450.609863 0.015326
4451.629883 0.014220
4452.660156 0.011903
4453.680176 0.009801
4454.709961 0.008881
4455.729980 0.008020
4456.759766 0.006815
4457.779785 0.004516
4458.810059 0.002493
4459.839844 0.003740
4460.870117 0.004043
4461.890137 0.004900
4462.919922 0.007074
4463.950195 0.006666
4464.979980 0.006653
4466.000000 0.008698
4467.029785 0.009762
4468.060059 0.011731
4469.089844 0.014920
4470.120117 0.015929
4471.149902 0.014295
4472.180176 0.012496
4473.209961 0.013523
4474.240234 0.015563
4475.270020 0.017265
4476.299805 0.017197
4477.330078 0.017094
4478.359863 0.016175
4479.390137 0.015041
4480.419922 0.017386
4481.459961 0.019553
4482.490234 0.020167
4483.520020 0.018945
4484.549805 0.016306
4485.580078 0.015072
4486.620117 0.015137
4487.649902 0.015442
4488.680176 0.016588
4489.720215 0.016859
4490.750000 0.016492
4491.790039 0.014711
4492.819824 0.012882
4493.859863 0.011812
4494.890137 0.011545
4495.930176 0.012208
4496.959961 0.012166
4498.000000 0.011610
4499.029785 0.012569
4500.069824 0.013892
4501.100098 0.016651
4502.140137 0.019931
4503.180176 0.020103
4504.209961 0.019042
4505.250000 0.019067
4506.290039 0.019415
4507.330078 0.020549
4508.370117 0.023012
4509.399902 0.023180
4510.439941 0.020711
4511.479980 0.019565
4512.520020 0.019450
4513.560059 0.018325
4514.600098 0.017767
4515.640137 0.017878
4516.680176 0.018527
4517.720215 0.018400
4518.759766 0.019086
4519.799805 0.019411
4520.839844 0.019824
4521.879883 0.019878
4522.919922 0.020499
4523.959961 0.019641
4525.009766 0.016874
4526.049805 0.014243
4527.089844 0.013310
4528.129883 0.011112
4529.169922 0.009670
4530.220215 0.009262
4531.259766 0.008272
4532.299805 0.007197
4533.350098 0.006762
4534.390137 0.009557
4535.439941 0.012618
4536.479980 0.012673
4537.529785 0.012489
4538.569824 0.012402
4539.620117 0.013014
4540.660156 0.015358
4541.709961 0.017393
4542.750000 0.017533
4543.799805 0.016164
4544.850098 0.015495
4545.890137 0.016240
4546.939941 0.015696
4547.990234 0.015289
4549.029785 0.015820
4550.080078 0.016825
4551.129883 0.018142
4552.180176 0.015700
4553.220215 0.015345
4554.270020 0.017725
4555.319824 0.020009
4556.370117 0.020782
4557.419922 0.020823
4558.470215 0.021422
4559.520020 0.021700
4560.569824 0.022398
4561.620117 0.021435
4562.669922 0.020537
4563.720215 0.022105
4564.770020 0.022644
4565.819824 0.022955
4566.870117 0.022178
4567.930176 0.020697
4568.979980 0.019960
4570.029785 0.020448
4571.080078 0.021099
4572.140137 0.021694
4573.189941 0.022091
4574.240234 0.021640
4575.290039 0.019973
4576.350098 0.019125
4577.399902 0.019572
4578.459961 0.019795
4579.509766 0.019710
4580.569824 0.019867
4581.620117 0.018412
4582.680176 0.018212
4583.729980 0.018776
4584.790039 0.019360
4585.839844 0.019434
4586.899902 0.019402
4587.950195 0.019211
4589.009766 0.019571
4590.069824 0.020040
4591.120117 0.019530
4592.180176 0.020442
4593.240234 0.021841
4594.299805 0.019671
4595.359863 0.017729
4596.410156 0.017813
4597.470215 0.017879
4598.529785 0.015551
4599.589844 0.015466
4600.649902 0.017912
4601.709961 0.018551
4602.770020 0.017967
4603.830078 0.017400
4604.890137 0.017797
4605.950195 0.018325
4607.009766 0.020007
4608.069824 0.020952
4609.129883 0.020753
4610.189941 0.021533
4611.250000 0.022174
4612.319824 0.022810
4613.379883 0.024120
4614.439941 0.024461
4615.500000 0.024346
4616.569824 0.024370
4617.629883 0.024403
4618.689941 0.024185
4619.759766 0.024970
4620.819824 0.025490
4621.879883 0.024216
4622.950195 0.024051
4624.009766 0.023401
4625.080078 0.023192
4626.140137 0.023209
4627.209961 0.023028
4628.270020 0.021972
4629.339844 0.023162
4630.410156 0.023843
4631.470215 0.023200
4632.540039 0.022950
4633.609863 0.022341
4634.669922 0.021888
4635.740234 0.021816
4636.810059 0.019415
4637.879883 0.018534
4638.939941 0.019625
4640.009766 0.018319
4641.080078 0.017584
4642.149902 0.016057
4643.220215 0.015813
4644.290039 0.016408
4645.359863 0.015785
4646.430176 0.014888
4647.500000 0.015254
4648.569824 0.016823
4649.640137 0.016143
4650.709961 0.015360
4651.779785 0.016235
4652.850098 0.015686
4653.919922 0.016337
4654.990234 0.018444
4656.069824 0.019857
4657.140137 0.020400
4658.209961 0.019904
4659.279785 0.019756
4660.359863 0.020985
4661.430176 0.021098
4662.500000 0.021150
4663.580078 0.020281
4664.649902 0.018432
4665.720215 0.016068
4666.799805 0.014607
4667.870117 0.014395
4668.950195 0.014893
4670.020020 0.014217
4671.100098 0.014246
4672.169922 0.013778
4673.250000 0.014370
4674.330078 0.015046
4675.399902 0.015979
4676.479980 0.016335
4677.560059 0.014801
4678.629883 0.014872
4679.709961 0.015687
4680.790039 0.016273
4681.870117 0.016852
4682.950195 0.017072
4684.020020 0.018106
4685.100098 0.019067
4686.180176 0.019939
4687.259766 0.021110
4688.339844 0.022058
4689.419922 0.021352
4690.500000 0.020138
4691.580078 0.017600
4692.660156 0.017259
4693.740234 0.017228
4694.819824 0.016824
4695.899902 0.015300
4696.979980 0.013485
4698.069824 0.015509
4699.149902 0.016041
4700.229980 0.015387
4701.310059 0.013717
4702.399902 0.013391
4703.479980 0.014309
4704.560059 0.014081
4705.640137 0.012849
4706.729980 0.012742
4707.810059 0.014457
4708.899902 0.015878
4709.979980 0.017241
4711.060059 0.017488
4712.149902 0.015609
4713.229980 0.015984
4714.319824 0.017117
4715.410156 0.017599
4716.490234 0.019060
4717.580078 0.019966
4718.660156 0.019211
4719.750000 0.020120
4720.839844 0.022109
4721.930176 0.023436
4723.009766 0.022671
4724.100098 0.021830
4725.189941 0.021738
4726.279785 0.020170
4727.359863 0.018415
4728.450195 0.020341
4729.540039 0.020305
4730.629883 0.017539
4731.720215 0.017342
4732.810059 0.016158
4733.899902 0.015478
4734.990234 0.015907
4736.080078 0.016708
4737.169922 0.018353
4738.259766 0.019527
4739.350098 0.020371
4740.439941 0.022315
4741.540039 0.022756
4742.629883 0.021781
4743.720215 0.021461
4744.810059 0.022662
4745.910156 0.024047
4747.000000 0.023757
4748.089844 0.023587
4749.189941 0.023802
4750.279785 0.023174
4751.370117 0.022055
4752.470215 0.021285
4753.560059 0.021630
4754.660156 0.021676
4755.750000 0.022110
4756.850098 0.021116
4757.939941 0.020861
4759.040039 0.020647
4760.129883 0.019765
4761.229980 0.018249
4762.330078 0.019058
4763.419922 0.020325
4764.520020 0.019820
4765.620117 0.018428
4766.709961 0.017550
4767.810059 0.016480
4768.910156 0.015981
4770.009766 0.016768
4771.109863 0.018045
4772.209961 0.018401
4773.299805 0.019174
4774.399902 0.019702
4775.500000 0.019387
4776.600098 0.018995
4777.700195 0.020124
4778.799805 0.020361
4779.899902 0.019599
4781.000000 0.019840
4782.100098 0.019172
4783.209961 0.018012
4784.310059 0.017383
4785.410156 0.016530
4786.509766 0.016726
4787.609863 0.017788
4788.720215 0.018510
4789.819824 0.018018
4790.919922 0.018585
4792.029785 0.019525
4793.129883 0.020592
4794.229980 0.020437
4795.339844 0.020052
4796.439941 0.020868
4797.549805 0.021048
4798.649902 0.020802
4799.759766 0.023108
4800.859863 0.023455
4801.970215 0.021651
4803.069824 0.020243
4804.180176 0.020816
4805.279785 0.021425
4806.390137 0.021698
4807.500000 0.020688
4808.600098 0.019254
4809.709961 0.019019
4810.819824 0.020036
4811.930176 0.020242
4813.040039 0.020914
4814.140137 0.020568
4815.250000 0.020931
4816.359863 0.022104
4817.470215 0.022055
4818.580078 0.022363
4819.689941 0.022564
4820.799805 0.022581
4821.910156 0.021067
4823.020020 0.021209
4824.129883 0.022373
4825.240234 0.022303
4826.350098 0.020121
4827.459961 0.018483
4828.580078 0.019677
4829.689941 0.020948
4830.799805 0.020496
4831.910156 0.019262
4833.029785 0.020368
4834.140137 0.020711
4835.250000 0.018978
4836.370117 0.019918
4837.479980 0.020756
4838.589844 0.020411
4839.709961 0.020972
4840.819824 0.021727
4841.939941 0.021632
4843.049805 0.020772
4844.169922 0.021854
4845.279785 0.022419
4846.399902 0.022606
4847.509766 0.023546
4848.629883 0.026060
4849.750000 0.027662
4850.859863 0.027843
4851.979980 0.027923
4853.100098 0.027770
4854.220215 0.029396
4855.330078 0.032114
4856.450195 0.036662
4857.569824 0.041257
4858.689941 0.051512
4859.810059 0.064679
4860.930176 0.044107
4862.049805 -0.003206
4863.169922 -0.000015
4864.290039 0.049879
4865.410156 0.064875
4866.529785 0.047812
4867.649902 0.035113
4868.770020 0.031133
4869.890137 0.027624
4871.009766 0.024085
4872.129883 0.023999
4873.250000 0.023190
4874.379883 0.022228
4875.500000 0.020673
4876.620117 0.020413
4877.750000 0.022090
4878.870117 0.023073
4879.990234 0.022892
4881.120117 0.020902
4882.240234 0.020116
4883.359863 0.020880
4884.490234 0.020009
4885.609863 0.018523
4886.740234 0.018046
4887.859863 0.016128
4888.990234 0.014514
4890.120117 0.015590
4891.240234 0.016765
4892.370117 0.019449
4893.490234 0.019773
4894.620117 0.017486
4895.750000 0.017958
4896.879883 0.020798
4898.000000 0.021638
4899.129883 0.022133
4900.259766 0.023351
4901.390137 0.022021
4902.520020 0.021357
4903.649902 0.020883
4904.770020 0.021162
4905.899902 0.020487
4907.029785 0.018491
4908.160156 0.018004
4909.290039 0.018791
4910.430176 0.018707
4911.560059 0.019143
4912.689941 0.018122
4913.819824 0.017913
4914.950195 0.017982
4916.080078 0.015335
4917.209961 0.015185
4918.350098 0.014309
4919.479980 0.014083
4920.609863 0.015120
4921.740234 0.015471
4922.879883 0.013549
4924.009766 0.012141
4925.149902 0.015702
4926.279785 0.017053
4927.410156 0.016408
4928.549805 0.017360
4929.680176 0.018489
4930.819824 0.019036
4931.950195 0.018430
4933.089844 0.018926
4934.229980 0.020460
4935.359863 0.018659
4936.500000 0.017151
4937.640137 0.016610
4938.770020 0.016988
4939.910156 0.017607
4941.049805 0.017044
4942.189941 0.014847
4943.319824 0.015465
4944.459961 0.017783
4945.600098 0.019768
4946.740234 0.020675
4947.879883 0.023260
4949.020020 0.025292
4950.160156 0.025624
4951.299805 0.026202
4952.439941 0.028620
4953.580078 0.031844
4954.720215 0.038003
4955.859863 0.046249
4957.000000 0.061121
4958.140137 0.050538
4959.290039 -0.018487
4960.430176 -0.051225
4961.569824 0.011408
4962.709961 0.063411
4963.850098 0.056478
4965.000000 0.039712
4966.140137 0.030095
4967.290039 0.023527
4968.430176 0.019631
4969.569824 0.017894
4970.720215 0.016795
4971.859863 0.016020
4973.009766 0.015587
4974.149902 0.015163
4975.299805 0.014719
4976.439941 0.013632
4977.589844 0.012987
4978.740234 0.011019
4979.879883 0.010224
4981.029785 0.009264
4982.180176 0.008932
4983.319824 0.010145
4984.470215 0.010168
4985.620117 0.010333
4986.770020 0.010243
4987.919922 0.010306
4989.060059 0.012042
4990.209961 0.012228
4991.359863 0.014207
4992.509766 0.016986
4993.660156 0.018339
4994.810059 0.019236
4995.959961 0.021196
4997.109863 0.023446
4998.259766 0.026360
4999.410156 0.031514
5000.560059 0.041646
5001.720215 0.055129
5002.870117 0.072577
5004.020020 0.110090
5005.169922 0.153616
5006.330078 0.082955
5007.479980 -0.132258
5008.629883 -0.159233
5009.790039 0.060229
5010.939941 0.169232
5012.089844 0.128062
5013.250000 0.080346
5014.399902 0.052395
5015.560059 0.034227
5016.709961 0.022435
5017.870117 0.017658
5019.020020 0.016056
5020.180176 0.013975
5021.330078 0.011077
5022.490234 0.008687
5023.649902 0.007957
5024.799805 0.008124
5025.959961 0.006592
5027.120117 0.006734
5028.279785 0.008670
5029.430176 0.007891
5030.589844 0.007509
5031.750000 0.008121
5032.910156 0.006869
5034.069824 0.006076
5035.229980 0.006734
5036.390137 0.007233
5037.549805 0.006114
5038.709961 0.003716
5039.870117 0.002976
5041.029785 0.005475
5042.189941 0.005811
5043.350098 0.004793
5044.509766 0.003295
5045.669922 0.003310
5046.830078 0.003879
5048.000000 0.003959
5049.160156 0.005460
5050.319824 0.006778
5051.490234 0.005930
5052.649902 0.006130
5053.810059 0.006404
5054.979980 0.004447
5056.140137 0.004227
5057.299805 0.005861
5058.470215 0.007497
5059.629883 0.007779
5060.799805 0.007129
5061.959961 0.006413
5063.129883 0.005079
5064.299805 0.004326
5065.459961 0.005534
5066.629883 0.005273
5067.799805 0.003907
5068.959961 0.002709
5070.129883 0.001657
5071.299805 0.002424
5072.470215 0.002649
5073.629883 0.003156
5074.799805 0.004106
5075.970215 0.002520
5077.140137 0.001704
5078.310059 0.001086
5079.479980 0.001288
5080.649902 0.002009
5081.819824 0.001320
5082.990234 -0.000603
5084.160156 -0.000583
5085.330078 0.000166
5086.500000 -0.000882
5087.669922 -0.000048
5088.839844 0.001317
5090.020020 0.001138
5091.189941 0.002334
5092.359863 0.003455
5093.529785 0.002255
5094.709961 0.002058
5095.879883 0.001576
5097.049805 0.001283
5098.229980 0.001297
5099.399902 0.001891
5100.569824 0.001215
5101.750000 -0.000569
5102.919922 -0.002591
5104.100098 -0.002340
5105.270020 -0.001442
5106.450195 -0.001302
5107.629883 -0.001133
5108.799805 -0.000919
5109.979980 -0.001161
5111.160156 -0.000494
5112.330078 0.000335
5113.509766 -0.000434
5114.689941 -0.000478
5115.870117 0.000897
5117.040039 0.002006
5118.220215 0.001223
5119.399902 0.000987
5120.580078 0.000473
5121.759766 0.000177
5122.939941 -0.000157
5124.120117 0.000267
5125.299805 -0.000420
5126.479980 -0.002726
5127.660156 -0.003866
5128.839844 -0.003478
5130.020020 -0.003389
5131.200195 -0.003389
5132.379883 -0.001967
5133.569824 -0.000559
5134.750000 0.000331
5135.930176 -0.000586
5137.109863 -0.002219
5138.299805 0.000541
5139.479980 0.002783
5140.660156 0.000948
5141.850098 -0.000326
5143.029785 -0.000313
5144.209961 -0.000221
5145.399902 -0.002571
5146.580078 -0.002985
5147.770020 -0.002082
5148.959961 -0.002651
5150.140137 -0.003016
5151.330078 -0.003753
5152.509766 -0.003731
5153.700195 -0.003161
5154.890137 -0.002358
5156.069824 -0.001429
5157.259766 -0.001032
5158.450195 -0.001446
5159.640137 -0.001303
5160.819824 -0.001949
5162.009766 -0.002765
5163.200195 -0.003400
5164.390137 -0.005831
5165.580078 -0.009007
5166.770020 -0.010305
5167.959961 -0.009556
5169.149902 -0.010260
5170.339844 -0.013666
5171.529785 -0.015832
5172.720215 -0.014362
5173.910156 -0.012034
5175.100098 -0.013483
5176.299805 -0.015636
5177.490234 -0.015459
5178.680176 -0.013525
5179.870117 -0.013187
5181.069824 -0.014597
5182.259766 -0.014332
5183.450195 -0.012233
5184.649902 -0.009305
5185.839844 -0.010421
5187.029785 -0.013556
5188.229980 -0.012090
5189.419922 -0.006606
5190.620117 -0.004703
5191.810059 -0.003480
5193.009766 0.001324
5194.209961 0.001833
5195.399902 0.001286
5196.600098 0.002143
5197.790039 0.004162
5198.990234 0.004655
5200.189941 0.005574
5201.390137 0.005391
5202.580078 0.003599
5203.779785 0.001467
5204.979980 0.000624
5206.180176 -0.000567
5207.379883 -0.003236
5208.580078 -0.005022
5209.779785 -0.004596
5210.979980 -0.003937
5212.180176 -0.004583
5213.379883 -0.004788
5214.580078 -0.003201
5215.779785 0.000169
5216.979980 0.003563
5218.180176 0.004517
5219.379883 0.002478
5220.580078 0.002843
5221.790039 0.002161
5222.990234 0.001276
5224.189941 0.001215
5225.390137 0.002178
5226.600098 0.003905
5227.799805 0.004041
5229.009766 0.002723
5230.209961 0.001460
5231.410156 0.000331
5232.620117 0.000718
5233.819824 0.002439
5235.029785 0.004833
5236.229980 0.007471
5237.439941 0.005914
5238.649902 0.003544
5239.850098 0.004891
5241.060059 0.005804
5242.270020 0.006143
5243.470215 0.006046
5244.680176 0.004542
5245.890137 0.003455
5247.100098 0.003960
5248.310059 0.003385
5249.509766 0.002931
5250.720215 0.002720
5251.930176 0.002975
5253.140137 0.002134
5254.350098 0.001712
5255.560059 0.003870
5256.770020 0.003776
5257.979980 0.002875
5259.189941 0.002946
5260.399902 0.001926
5261.620117 0.002147
5262.830078 0.001345
5264.040039 0.000717
5265.250000 0.001405
5266.459961 -0.001046
5267.680176 -0.004071
5268.890137 -0.005603
5270.100098 -0.003133
5271.319824 -0.000466
5272.529785 -0.002118
5273.740234 -0.002463
5274.959961 -0.000119
5276.169922 0.002671
5277.390137 0.004475
5278.600098 0.004448
5279.819824 0.002964
5281.040039 0.002337
5282.250000 0.003940
5283.470215 0.006052
5284.680176 0.006548
5285.899902 0.005202
5287.120117 0.003258
5288.339844 0.003679
5289.549805 0.005108
5290.770020 0.006511
5291.990234 0.007154
5293.209961 0.007013
5294.430176 0.006318
5295.649902 0.003727
5296.870117 0.002699
5298.089844 0.005938
5299.310059 0.005907
5300.529785 0.002599
5301.750000 0.002270
5302.970215 0.003978
5304.189941 0.005274
5305.410156 0.005592
5306.629883 0.006356
5307.859863 0.006973
5309.080078 0.008273
5310.299805 0.008156
5311.520020 0.007543
5312.750000 0.007239
5313.970215 0.007141
5315.189941 0.006953
5316.419922 0.007529
5317.640137 0.007970
5318.870117 0.007811
5320.089844 0.006346
5321.319824 0.005065
5322.540039 0.004575
5323.770020 0.003477
5324.990234 0.003176
5326.220215 0.001760
5327.450195 -0.000116
5328.669922 0.001225
5329.899902 0.002182
5331.129883 -0.000022
5332.359863 -0.000459
5333.580078 0.000976
5334.810059 0.002651
5336.040039 0.003118
5337.270020 0.003653
5338.500000 0.003567
5339.729980 0.002677
5340.959961 0.003618
5342.189941 0.003516
5343.419922 0.002006
5344.649902 0.001487
5345.879883 0.001341
5347.109863 0.001113
5348.339844 0.002197
5349.569824 0.002634
5350.799805 0.003151
5352.040039 0.002980
5353.270020 0.002243
5354.500000 0.004507
5355.729980 0.006022
5356.970215 0.005623
5358.200195 0.005612
5359.439941 0.006688
5360.669922 0.005645
5361.899902 0.004600
5363.140137 0.004346
5364.370117 0.004698
5365.609863 0.005152
5366.850098 0.003595
5368.080078 0.002799
5369.319824 0.001913
5370.549805 0.001165
5371.790039 0.000792
5373.029785 0.000978
5374.270020 -0.000397
5375.500000 -0.000707
5376.740234 0.000679
5377.979980 0.001847
5379.220215 0.002871
5380.459961 0.003920
5381.700195 0.003660
5382.930176 0.003515
5384.169922 0.004109
5385.410156 0.003551
5386.649902 0.002906
5387.890137 0.002129
5389.140137 0.000348
5390.379883 0.001059
5391.620117 0.001098
5392.859863 -0.000958
5394.100098 -0.001324
5395.339844 -0.001762
5396.589844 -0.002190
5397.830078 -0.000445
5399.069824 0.000151
5400.310059 -0.002098
5401.560059 -0.002762
5402.799805 -0.001769
5404.049805 -0.001339
5405.290039 -0.000724
5406.540039 -0.000057
5407.779785 -0.001413
5409.029785 -0.003603
5410.270020 -0.002877
5411.520020 -0.000572
5412.759766 -0.001089
5414.009766 -0.002034
5415.259766 0.000539
5416.500000 0.001661
5417.750000 0.001165
5419.000000 0.001218
5420.250000 0.002251
5421.500000 0.002562
5422.740234 0.000988
5423.990234 0.001093
5425.240234 0.002465
5426.490234 0.002614
5427.740234 0.000113
5428.990234 -0.000967
5430.240234 -0.000501
5431.490234 -0.000367
5432.740234 -0.000393
5433.990234 -0.002000
5435.240234 -0.001718
5436.500000 -0.000785
5437.750000 -0.002145
5439.000000 -0.001632
5440.250000 -0.001479
5441.509766 -0.001160
5442.759766 -0.000181
5444.009766 0.000102
5445.270020 -0.000333
5446.520020 0.000968
5447.770020 0.001077
5449.029785 -0.000276
5450.279785 -0.003590
5451.540039 -0.005023
5452.790039 -0.004632
5454.049805 -0.004137
5455.310059 -0.002475
5456.560059 -0.001418
5457.819824 -0.001853
5459.080078 -0.005505
5460.330078 -0.004893
5461.589844 -0.005219
5462.850098 -0.004002
5464.109863 -0.000911
5465.359863 -0.002648
5466.620117 -0.003199
5467.879883 -0.004047
5469.140137 -0.004881
5470.399902 -0.004564
5471.660156 -0.004781
5472.919922 -0.003933
5474.180176 -0.003060
5475.439941 -0.003178
5476.700195 -0.004182
5477.959961 -0.004560
5479.220215 -0.004989
5480.490234 -0.005717
5481.750000 -0.005047
5483.009766 -0.004090
5484.270020 -0.003545
5485.540039 -0.003298
5486.799805 -0.004100
5488.060059 -0.003609
5489.330078 -0.003280
5490.589844 -0.003176
5491.859863 -0.001965
5493.120117 -0.003763
5494.379883 -0.004282
5495.649902 -0.003892
5496.919922 -0.004885
5498.180176 -0.003919
5499.450195 -0.003355
5500.709961 -0.003812
5501.979980 -0.004102
5503.250000 -0.003504
5504.520020 -0.003917
5505.779785 -0.004541
5507.049805 -0.004141
5508.319824 -0.005140
5509.589844 -0.004856
5510.859863 -0.004489
5512.129883 -0.005013
5513.390137 -0.005096
5514.660156 -0.005019
5515.930176 -0.005535
5517.200195 -0.006589
5518.479980 -0.005706
5519.750000 -0.005393
5521.020020 -0.005766
5522.290039 -0.004327
5523.560059 -0.004771
5524.830078 -0.004413
5526.100098 -0.003451
5527.379883 -0.004047
5528.649902 -0.004059
5529.919922 -0.003844
5531.200195 -0.004731
5532.470215 -0.005405
5533.740234 -0.006028
5535.020020 -0.004841
5536.290039 -0.003538
5537.569824 -0.002918
5538.839844 -0.003419
5540.120117 -0.004237
5541.390137 -0.003721
5542.669922 -0.002897
5543.950195 -0.004440
5545.220215 -0.003168
5546.500000 -0.002110
5547.779785 -0.002622
5549.060059 -0.002319
5550.330078 -0.004493
5551.609863 -0.004201
5552.890137 -0.003547
5554.169922 -0.003519
5555.450195 -0.002822
5556.729980 -0.002573
5558.009766 -0.003478
5559.290039 -0.003840
5560.569824 -0.004987
5561.850098 -0.003709
5563.129883 -0.003571
5564.410156 -0.005072
5565.689941 -0.006078
5566.970215 -0.007833
5568.250000 -0.005309
5569.540039 -0.004091
5570.819824 -0.005730
5572.100098 -0.004950
5573.390137 -0.004680
5574.669922 -0.006150
5575.950195 -0.005764
5577.240234 -0.004686
5578.520020 -0.003923
5579.810059 -0.004840
5581.089844 -0.006088
5582.379883 -0.005908
5583.660156 -0.006778
5584.950195 -0.006036
5586.229980 -0.007391
5587.520020 -0.008008
5588.810059 -0.006216
5590.089844 -0.007043
5591.379883 -0.008445
5592.669922 -0.008774
5593.959961 -0.007938
5595.240234 -0.007447
5596.529785 -0.007128
5597.819824 -0.007381
5599.109863 -0.007807
5600.399902 -0.006694
5601.689941 -0.006674
5602.979980 -0.006406
5604.270020 -0.006618
5605.560059 -0.005944
5606.850098 -0.005531
5608.140137 -0.007069
5609.430176 -0.006875
5610.729980 -0.005150
5612.020020 -0.005540
5613.310059 -0.006512
5614.600098 -0.005583
5615.899902 -0.003673
5617.189941 -0.003381
5618.479980 -0.006027
5619.779785 -0.008110
5621.069824 -0.008609
5622.370117 -0.007678
5623.660156 -0.007284
5624.959961 -0.007663
5626.250000 -0.007970
5627.549805 -0.006365
5628.839844 -0.006698
5630.140137 -0.009187
5631.439941 -0.008879
5632.729980 -0.008047
5634.029785 -0.008753
5635.330078 -0.007503
5636.620117 -0.006740
5637.919922 -0.006090
5639.220215 -0.006990
5640.520020 -0.007379
5641.819824 -0.005781
5643.120117 -0.005407
5644.419922 -0.006842
5645.720215 -0.007610
5647.020020 -0.008370
5648.319824 -0.007543
5649.620117 -0.006822
5650.919922 -0.005695
5652.220215 -0.005681
5653.520020 -0.007245
5654.819824 -0.006245
5656.129883 -0.004952
5657.430176 -0.005937
5658.729980 -0.005666
5660.029785 -0.004268
5661.339844 -0.006221
5662.640137 -0.006664
5663.950195 -0.006046
5665.250000 -0.006635
5666.549805 -0.006200
5667.859863 -0.006327
5669.169922 -0.005649
5670.470215 -0.005432
5671.779785 -0.005398
5673.080078 -0.005515
5674.390137 -0.006370
5675.700195 -0.005599
5677.000000 -0.005901
5678.310059 -0.005709
5679.620117 -0.004555
5680.930176 -0.005272
5682.229980 -0.005094
5683.540039 -0.004340
5684.850098 -0.005864
5686.160156 -0.006969
5687.470215 -0.007380
5688.779785 -0.006457
5690.089844 -0.006345
5691.399902 -0.006803
5692.709961 -0.005830
5694.020020 -0.006603
5695.330078 -0.006535
5696.640137 -0.005875
5697.959961 -0.005838
5699.270020 -0.006343
5700.580078 -0.006556
5701.890137 -0.006222
5703.209961 -0.006486
5704.520020 -0.007938
5705.830078 -0.006967
5707.149902 -0.006328
5708.459961 -0.006937
5709.779785 -0.006648
5711.089844 -0.006556
5712.410156 -0.007340
5713.720215 -0.008098
5715.040039 -0.007192
5716.350098 -0.006891
5717.669922 -0.006116
5718.990234 -0.005278
5720.299805 -0.005034
5721.620117 -0.003513
5722.939941 -0.003925
5724.259766 -0.004141
5725.569824 -0.004272
5726.890137 -0.004480
5728.209961 -0.003932
5729.529785 -0.004050
5730.850098 -0.005244
5732.169922 -0.005640
5733.490234 -0.004658
5734.810059 -0.005384
5736.129883 -0.006278
5737.450195 -0.006264
5738.770020 -0.005525
5740.100098 -0.004755
5741.419922 -0.004798
5742.740234 -0.004473
5744.060059 -0.005010
5745.379883 -0.005255
5746.709961 -0.005338
5748.029785 -0.005454
5749.350098 -0.004665
5750.680176 -0.004923
5752.000000 -0.005639
5753.330078 -0.004139
5754.649902 -0.003701
5755.979980 -0.003496
5757.299805 -0.003839
5758.629883 -0.006075
5759.959961 -0.006983
5761.279785 -0.005610
5762.609863 -0.004350
5763.939941 -0.004692
5765.259766 -0.005386
5766.589844 -0.006064
5767.919922 -0.006767
5769.250000 -0.006270
5770.580078 -0.005288
5771.899902 -0.005344
5773.229980 -0.005963
5774.560059 -0.006189
5775.890137 -0.005615
5777.220215 -0.005681
5778.549805 -0.006612
5779.879883 -0.005604
5781.209961 -0.005564
5782.549805 -0.006113
5783.879883 -0.007398
5785.209961 -0.008068
5786.540039 -0.008843
5787.870117 -0.008385
5789.209961 -0.007816
5790.540039 -0.008271
5791.870117 -0.008098
5793.209961 -0.006545
5794.540039 -0.006658
5795.879883 -0.005497
5797.209961 -0.004437
5798.549805 -0.003921
5799.879883 -0.003563
5801.220215 -0.004369
5802.549805 -0.006158
5803.890137 -0.005240
5805.229980 -0.004427
5806.560059 -0.004634
5807.899902 -0.005009
5809.240234 -0.005271
5810.569824 -0.005718
5811.910156 -0.006988
5813.250000 -0.007297
5814.589844 -0.007616
5815.930176 -0.007646
5817.270020 -0.005972
5818.609863 -0.004992
5819.950195 -0.006601
5821.290039 -0.007116
5822.629883 -0.007364
5823.970215 -0.007181
5825.310059 -0.006267
5826.649902 -0.005663
5827.990234 -0.006280
5829.339844 -0.007912
5830.680176 -0.006481
5832.020020 -0.006065
5833.359863 -0.006249
5834.709961 -0.006972
5836.049805 -0.006426
5837.399902 -0.006500
5838.740234 -0.005993
5840.080078 -0.006148
5841.430176 -0.006779
5842.770020 -0.006070
5844.120117 -0.006732
5845.470215 -0.006286
5846.810059 -0.005552
5848.160156 -0.005376
5849.500000 -0.006099
5850.850098 -0.008262
5852.200195 -0.009086
5853.549805 -0.008674
5854.890137 -0.008897
5856.240234 -0.009045
5857.589844 -0.008416
5858.939941 -0.008300
5860.290039 -0.008647
5861.640137 -0.009476
5862.990234 -0.010102
5864.339844 -0.009976
5865.689941 -0.009857
5867.040039 -0.009186
5868.390137 -0.009103
5869.740234 -0.008654
5871.089844 -0.008349
5872.450195 -0.007976
5873.799805 -0.005972
5875.149902 -0.006929
5876.500000 -0.012227
5877.859863 -0.014398
5879.209961 -0.009842
5880.569824 -0.007523
5881.919922 -0.009706
5883.270020 -0.012978
5884.629883 -0.013746
5885.979980 -0.016731
5887.339844 -0.018744
5888.700195 -0.017396
5890.049805 -0.014486
5891.410156 -0.012218
5892.759766 -0.015031
5894.120117 -0.020925
5895.479980 -0.020980
5896.839844 -0.017000
5898.189941 -0.015631
5899.549805 -0.017099
5900.910156 -0.018632
5902.270020 -0.018295
5903.629883 -0.017455
5904.990234 -0.015232
5906.350098 -0.012732
5907.709961 -0.012382
5909.069824 -0.012091
5910.430176 -0.011406
5911.790039 -0.012385
5913.149902 -0.012733
5914.509766 -0.011494
5915.879883 -0.011232
5917.240234 -0.011783
5918.600098 -0.011776
5919.959961 -0.012287
5921.330078 -0.012379
5922.689941 -0.010859
5924.060059 -0.009933
5925.419922 -0.010533
5926.779785 -0.010729
5928.149902 -0.010539
5929.509766 -0.010231
5930.879883 -0.010227
5932.250000 -0.011480
5933.609863 -0.011133
5934.979980 -0.009911
5936.339844 -0.010725
5937.709961 -0.010515
5939.080078 -0.010639
5940.450195 -0.010902
5941.810059 -0.011586
5943.180176 -0.011211
5944.549805 -0.010499
5945.919922 -0.010751
5947.290039 -0.011565
5948.660156 -0.011729
5950.029785 -0.010314
5951.399902 -0.009885
5952.770020 -0.010609
5954.140137 -0.010522
5955.509766 -0.011358
5956.879883 -0.010768
5958.250000 -0.010339
5959.629883 -0.010415
5961.000000 -0.010347
5962.370117 -0.011236
5963.750000 -0.011658
5965.120117 -0.010955
5966.490234 -0.009825
5967.870117 -0.010016
5969.240234 -0.010517
5970.620117 -0.010442
5971.990234 -0.010315
5973.370117 -0.010339
5974.740234 -0.011272
5976.120117 -0.011197
5977.490234 -0.009474
5978.870117 -0.009352
5980.250000 -0.009919
5981.620117 -0.010762
5983.000000 -0.011503
5984.379883 -0.011047
5985.759766 -0.010768
5987.140137 -0.010404
5988.509766 -0.010577
5989.890137 -0.011065
5991.270020 -0.010509
5992.649902 -0.010833
5994.029785 -0.010538
5995.410156 -0.010063
5996.790039 -0.011076
5998.169922 -0.010598
5999.560059 -0.009863
6000.939941 -0.010135
6002.319824 -0.010646
6003.700195 -0.011953
6005.080078 -0.011130
6006.470215 -0.010866
6007.850098 -0.011494
6009.229980 -0.010042
6010.620117 -0.009986
6012.000000 -0.011652
6013.390137 -0.011592
6014.770020 -0.010568
6016.160156 -0.011439
6017.540039 -0.011656
6018.930176 -0.012101
6020.310059 -0.011952
6021.700195 -0.011117
6023.089844 -0.010710
6024.470215 -0.010956
6025.859863 -0.010670
6027.250000 -0.010873
6028.640137 -0.011183
6030.020020 -0.011344
6031.410156 -0.010617
6032.799805 -0.010295
6034.189941 -0.009591
6035.580078 -0.010184
6036.970215 -0.010096
6038.359863 -0.010065
6039.750000 -0.009563
6041.140137 -0.009298
6042.529785 -0.009839
6043.930176 -0.010118
6045.319824 -0.010419
6046.709961 -0.010144
6048.100098 -0.008515
6049.490234 -0.008003
6050.890137 -0.009078
6052.279785 -0.009308
6053.669922 -0.009777
6055.069824 -0.010045
6056.459961 -0.009026
6057.859863 -0.009897
6059.250000 -0.011053
6060.649902 -0.010433
6062.040039 -0.010343
6063.439941 -0.010643
6064.839844 -0.010379
6066.229980 -0.009870
6067.629883 -0.009144
6069.029785 -0.009725
6070.419922 -0.011141
6071.819824 -0.010589
6073.220215 -0.009351
6074.620117 -0.009897
6076.020020 -0.009551
6077.419922 -0.009215
6078.819824 -0.009563
6080.220215 -0.009627
6081.620117 -0.009582
6083.020020 -0.009720
6084.419922 -0.009320
6085.819824 -0.009208
6087.220215 -0.009650
6088.620117 -0.009516
6090.029785 -0.009889
6091.430176 -0.010127
6092.830078 -0.009711
6094.229980 -0.011270
6095.640137 -0.011952
6097.040039 -0.010709
6098.439941 -0.010769
6099.850098 -0.011765
6101.250000 -0.010301
6102.660156 -0.009942
6104.060059 -0.010144
6105.470215 -0.010958
6106.879883 -0.012587
6108.279785 -0.012789
6109.689941 -0.011910
6111.100098 -0.011353
6112.500000 -0.011251
6113.910156 -0.010717
6115.319824 -0.010295
6116.729980 -0.011746
6118.140137 -0.012060
6119.540039 -0.012038
6120.950195 -0.012302
6122.359863 -0.011630
6123.770020 -0.011898
6125.180176 -0.012531
6126.589844 -0.011851
6128.000000 -0.012081
6129.419922 -0.011956
6130.830078 -0.011808
6132.240234 -0.011922
6133.649902 -0.012788
6135.060059 -0.012632
6136.479980 -0.011665
6137.890137 -0.010283
6139.299805 -0.009482
6140.720215 -0.010787
6142.129883 -0.011926
6143.549805 -0.011303
6144.959961 -0.010638
6146.379883 -0.011500
6147.790039 -0.011626
6149.209961 -0.010801
6150.620117 -0.011173
6152.040039 -0.011961
6153.459961 -0.012856
6154.870117 -0.012302
6156.290039 -0.011928
6157.709961 -0.012570
6159.129883 -0.013835
6160.540039 -0.014584
6161.959961 -0.015213
6163.379883 -0.014748
6164.799805 -0.014777
6166.220215 -0.015183
6167.640137 -0.016006
6169.060059 -0.015933
6170.479980 -0.015186
6171.899902 -0.013467
6173.319824 -0.014407
6174.750000 -0.014983
6176.169922 -0.013603
6177.589844 -0.013480
6179.009766 -0.013301
6180.439941 -0.013290
6181.859863 -0.013073
6183.279785 -0.013101
6184.709961 -0.013967
6186.129883 -0.014848
6187.560059 -0.014851
6188.979980 -0.015315
6190.410156 -0.015050
6191.830078 -0.013825
6193.259766 -0.014374
6194.680176 -0.015031
6196.109863 -0.015629
6197.540039 -0.016080
6198.959961 -0.015475
6200.390137 -0.014839
6201.819824 -0.013095
6203.250000 -0.013389
6204.680176 -0.013641
6206.100098 -0.013968
6207.529785 -0.014375
6208.959961 -0.015078
6210.390137 -0.015532
6211.819824 -0.015773
6213.250000 -0.015408
6214.680176 -0.015091
6216.120117 -0.015871
6217.549805 -0.016632
6218.979980 -0.017332
6220.410156 -0.017250
6221.839844 -0.016265
6223.279785 -0.016734
6224.709961 -0.018455
6226.140137 -0.018768
6227.580078 -0.017334
6229.009766 -0.017006
6230.450195 -0.016997
6231.879883 -0.016037
6233.310059 -0.015506
6234.750000 -0.017302
6236.189941 -0.018124
6237.620117 -0.018593
6239.060059 -0.017540
6240.500000 -0.016211
6241.930176 -0.015533
6243.370117 -0.016169
6244.810059 -0.016976
6246.250000 -0.016861
6247.680176 -0.016448
6249.120117 -0.017095
6250.560059 -0.017506
6252.000000 -0.017613
6253.439941 -0.016775
6254.879883 -0.016289
6256.319824 -0.017003
6257.759766 -0.018207
6259.200195 -0.017461
6260.649902 -0.017410
6262.089844 -0.017747
6263.529785 -0.017395
6264.970215 -0.016786
6266.410156 -0.017343
6267.859863 -0.017258
6269.299805 -0.015904
6270.740234 -0.015518
6272.189941 -0.014980
6273.629883 -0.015466
6275.080078 -0.015332
6276.520020 -0.015042
6277.970215 -0.015783
6279.410156 -0.014750
6280.859863 -0.013452
6282.310059 -0.012624
6283.750000 -0.012042
6285.200195 -0.011728
6286.649902 -0.011051
6288.089844 -0.011511
6289.540039 -0.012284
6290.990234 -0.011790
6292.439941 -0.011674
6293.890137 -0.011250
6295.339844 -0.010917
6296.790039 -0.008930
6298.240234 -0.004618
6299.689941 -0.002870
6301.140137 -0.002862
6302.589844 -0.003313
6304.040039 -0.001679
6305.490234 -0.002482
6306.950195 -0.007006
6308.399902 -0.009757
6309.850098 -0.010899
6311.299805 -0.011645
6312.759766 -0.012377
6314.209961 -0.013198
6315.669922 -0.013630
6317.120117 -0.012725
6318.569824 -0.012701
6320.029785 -0.013261
6321.479980 -0.014085
6322.939941 -0.014865
6324.399902 -0.015152
6325.850098 -0.015173
6327.310059 -0.013881
6328.770020 -0.013933
6330.220215 -0.013542
6331.680176 -0.013523
6333.140137 -0.014309
6334.600098 -0.014449
6336.060059 -0.013940
6337.520020 -0.013051
6338.979980 -0.012710
6340.439941 -0.013316
6341.899902 -0.013987
6343.359863 -0.013783
6344.819824 -0.014009
6346.279785 -0.013249
6347.740234 -0.012315
6349.200195 -0.013061
6350.660156 -0.013794
6352.129883 -0.014210
6353.589844 -0.014248
6355.049805 -0.012886
6356.520020 -0.012808
6357.979980 -0.013451
6359.439941 -0.012699
6360.910156 -0.012494
6362.370117 -0.011320
6363.839844 -0.011081
6365.299805 -0.011984
6366.770020 -0.011041
6368.229980 -0.009906
6369.700195 -0.009667
6371.169922 -0.011190
6372.640137 -0.012158
6374.100098 -0.012199
6375.569824 -0.012592
6377.040039 -0.012457
6378.509766 -0.012966
6379.979980 -0.012787
6381.450195 -0.012460
6382.919922 -0.012807
6384.390137 -0.014089
6385.859863 -0.014173
6387.330078 -0.013361
6388.799805 -0.014120
6390.270020 -0.014238
6391.740234 -0.013915
6393.209961 -0.013127
6394.680176 -0.012387
6396.160156 -0.013075
6397.629883 -0.012953
6399.100098 -0.014932
6400.580078 -0.013397
6402.049805 -0.012502
6403.520020 -0.013250
6405.000000 -0.014874
6406.470215 -0.014617
6407.950195 -0.012600
6409.430176 -0.012189
6410.899902 -0.012826
6412.379883 -0.013409
6413.850098 -0.013084
6415.330078 -0.012149
6416.810059 -0.012813
6418.290039 -0.013786
6419.759766 -0.012661
6421.240234 -0.012042
6422.720215 -0.012558
6424.200195 -0.012926
6425.680176 -0.013222
6427.160156 -0.013851
6428.640137 -0.013862
6430.120117 -0.013166
6431.600098 -0.011549
6433.080078 -0.011113
6434.560059 -0.011910
6436.049805 -0.013353
6437.529785 -0.013814
6439.009766 -0.012333
6440.490234 -0.011134
6441.979980 -0.011976
6443.459961 -0.011439
6444.939941 -0.011812
6446.430176 -0.013266
6447.910156 -0.013027
6449.399902 -0.012101
6450.879883 -0.011199
6452.370117 -0.011644
6453.850098 -0.013178
6455.339844 -0.013316
6456.830078 -0.011862
6458.310059 -0.011440
6459.799805 -0.012213
6461.290039 -0.011992
6462.779785 -0.011225
6464.259766 -0.010040
6465.750000 -0.010738
6467.240234 -0.011738
6468.729980 -0.011447
6470.220215 -0.011803
6471.709961 -0.010848
6473.200195 -0.009485
6474.689941 -0.010761
6476.180176 -0.010946
6477.669922 -0.011105
6479.169922 -0.012103
6480.660156 -0.011729
6482.149902 -0.011585
6483.640137 -0.011742
6485.140137 -0.011992
6486.629883 -0.012796
6488.120117 -0.013646
6489.620117 -0.013674
6491.109863 -0.012825
6492.609863 -0.012840
6494.100098 -0.012243
6495.600098 -0.010575
6497.089844 -0.010422
6498.589844 -0.010336
6500.089844 -0.011757
6501.580078 -0.013354
6503.080078 -0.013155
6504.580078 -0.013393
6506.080078 -0.013204
6507.569824 -0.012633
6509.069824 -0.011799
6510.569824 -0.010843
6512.069824 -0.011090
6513.569824 -0.011264
6515.069824 -0.009960
6516.569824 -0.009028
6518.069824 -0.009570
6519.569824 -0.009717
6521.069824 -0.009626
6522.580078 -0.009992
6524.080078 -0.010162
6525.580078 -0.009264
6527.080078 -0.008065
6528.589844 -0.007774
6530.089844 -0.007734
6531.589844 -0.008057
6533.100098 -0.007112
6534.600098 -0.004299
6536.109863 -0.004608
6537.609863 -0.003905
6539.120117 -0.002107
6540.620117 -0.000821
6542.129883 0.001242
6543.640137 0.005992
6545.140137 0.014998
6546.649902 0.026281
6548.160156 0.034143
6549.669922 0.037477
6551.169922 0.039170
6552.680176 0.036832
6554.189941 0.029894
6555.700195 0.026660
6557.209961 0.032544
6558.720215 0.051549
6560.229980 0.091653
6561.740234 0.093835
6563.250000 -0.010090
6564.759766 -0.082701
6566.279785 0.013855
6567.790039 0.107994
6569.299805 0.087510
6570.810059 0.044055
6572.330078 0.024688
6573.839844 0.017899
6575.350098 0.016743
6576.870117 0.018831
6578.379883 0.025843
6579.899902 0.041025
6581.410156 0.067953
6582.930176 0.096048
6584.439941 0.109481
6585.959961 0.113121
6587.479980 0.104233
6588.990234 0.075020
6590.509766 0.040597
6592.029785 0.018256
6593.549805 0.008950
6595.060059 0.004554
6596.580078 -0.001150
6598.100098 -0.004350
6599.620117 -0.006025
6601.140137 -0.007303
6602.660156 -0.008865
6604.180176 -0.009613
6605.700195 -0.008855
6607.220215 -0.008825
6608.750000 -0.008399
6610.270020 -0.008424
6611.790039 -0.009387
6613.310059 -0.009413
6614.839844 -0.009152
6616.359863 -0.009670
6617.879883 -0.009929
6619.410156 -0.010695
6620.930176 -0.011335
6622.459961 -0.011687
6623.979980 -0.010796
6625.509766 -0.010204
6627.029785 -0.010588
6628.560059 -0.011641
6630.080078 -0.012366
6631.609863 -0.011913
6633.140137 -0.010810
6634.669922 -0.011340
6636.189941 -0.012207
6637.720215 -0.011683
6639.250000 -0.012239
6640.779785 -0.013701
6642.310059 -0.012718
6643.839844 -0.011401
6645.370117 -0.010443
6646.899902 -0.011443
6648.430176 -0.011662
6649.959961 -0.011560
6651.490234 -0.011395
6653.020020 -0.012241
6654.560059 -0.012671
6656.089844 -0.011897
6657.620117 -0.012445
6659.149902 -0.013193
6660.689941 -0.011072
6662.220215 -0.012158
6663.759766 -0.012522
6665.290039 -0.011646
6666.830078 -0.011974
6668.359863 -0.012301
6669.899902 -0.012576
6671.430176 -0.012588
6672.970215 -0.012807
6674.509766 -0.011952
6676.040039 -0.010871
6677.580078 -0.011687
6679.120117 -0.012088
6680.660156 -0.011443
6682.189941 -0.011591
6683.729980 -0.011878
6685.270020 -0.013220
6686.810059 -0.013018
6688.350098 -0.012173
6689.890137 -0.012291
6691.430176 -0.012286
6692.970215 -0.012614
6694.509766 -0.012619
6696.060059 -0.012414
6697.600098 -0.012841
6699.140137 -0.012121
6700.680176 -0.012753
6702.229980 -0.012967
6703.770020 -0.012061
6705.310059 -0.010364
6706.859863 -0.009254
6708.399902 -0.008478
6709.950195 -0.006480
6711.490234 -0.001826
6713.040039 0.005852
6714.580078 0.017269
6716.129883 0.017379
6717.680176 0.007850
6719.220215 0.010560
6720.770020 0.022390
6722.319824 0.020123
6723.870117 0.008061
6725.419922 0.002983
6726.959961 0.005335
6728.509766 0.013133
6730.060059 0.018599
6731.609863 0.013582
6733.160156 0.011375
6734.709961 0.017255
6736.259766 0.015897
6737.810059 0.005632
6739.370117 -0.002741
6740.919922 -0.006949
6742.470215 -0.009165
6744.020020 -0.009663
6745.580078 -0.010173
6747.129883 -0.012010
6748.680176 -0.012535
6750.240234 -0.012467
6751.790039 -0.011805
6753.350098 -0.012042
6754.899902 -0.012146
6756.459961 -0.012800
6758.009766 -0.013793
6759.569824 -0.013265
6761.129883 -0.013129
6762.680176 -0.012892
6764.240234 -0.011728
6765.799805 -0.012120
6767.359863 -0.013026
6768.919922 -0.012664
6770.470215 -0.012786
6772.029785 -0.013417
6773.589844 -0.012679
6775.149902 -0.011628
6776.709961 -0.012032
6778.270020 -0.012484
6779.830078 -0.013289
6781.399902 -0.013098
6782.959961 -0.012431
6784.520020 -0.012251
6786.080078 -0.012288
6787.640137 -0.012365
6789.209961 -0.011808
6790.770020 -0.011284
6792.330078 -0.012170
6793.899902 -0.013055
6795.459961 -0.013329
6797.029785 -0.012725
6798.589844 -0.012486
6800.160156 -0.013998
6801.729980 -0.013564
6803.290039 -0.012201
6804.859863 -0.011845
6806.430176 -0.012104
6807.990234 -0.011516
6809.560059 -0.011649
6811.129883 -0.012160
6812.700195 -0.012236
6814.270020 -0.012040
6815.839844 -0.011041
6817.399902 -0.011381
6818.970215 -0.011441
6820.540039 -0.011387
6822.120117 -0.012171
6823.689941 -0.012221
6825.259766 -0.011513
6826.830078 -0.011296
6828.399902 -0.011522
6829.970215 -0.011081
6831.549805 -0.010707
6833.120117 -0.011465
6834.689941 -0.011515
6836.270020 -0.011673
6837.839844 -0.012106
6839.419922 -0.011937
6840.990234 -0.010910
6842.569824 -0.009934
6844.140137 -0.010568
6845.720215 -0.011366
6847.299805 -0.011784
6848.870117 -0.012333
6850.450195 -0.011695
6852.029785 -0.010806
6853.600098 -0.011074
6855.180176 -0.011614
6856.759766 -0.011498
6858.339844 -0.011314
6859.919922 -0.010777
6861.500000 -0.010834
6863.080078 -0.011801
6864.660156 -0.011097
6866.240234 -0.010640
6867.819824 -0.011391
6869.399902 -0.011298
6870.990234 -0.010420
6872.569824 -0.010478
6874.149902 -0.010318
6875.729980 -0.010828
6877.319824 -0.011652
6878.899902 -0.011555
6880.490234 -0.010669
6882.069824 -0.010282
6883.649902 -0.010642
6885.240234 -0.010463
6886.830078 -0.010443
6888.410156 -0.009994
6890.000000 -0.009743
6891.580078 -0.010063
6893.169922 -0.011424
6894.759766 -0.010241
6896.350098 -0.010201
6897.930176 -0.010414
6899.520020 -0.009832
6901.109863 -0.010151
6902.700195 -0.010043
6904.290039 -0.010158
6905.879883 -0.011234
6907.470215 -0.010441
6909.060059 -0.009968
6910.649902 -0.010454
6912.240234 -0.009833
6913.839844 -0.009964
6915.430176 -0.010005
6917.020020 -0.009356
6918.609863 -0.009261
6920.209961 -0.010018
6921.799805 -0.011031
6923.390137 -0.011755
6924.990234 -0.010019
6926.580078 -0.009191
6928.180176 -0.009744
6929.770020 -0.010357
6931.370117 -0.010578
6932.970215 -0.010343
6934.560059 -0.009980
6936.160156 -0.009756
6937.759766 -0.009789
6939.350098 -0.009939
6940.950195 -0.009660
6942.549805 -0.009909
6944.149902 -0.010174
6945.750000 -0.009666
6947.350098 -0.009072
6948.950195 -0.009486
6950.549805 -0.010060
6952.149902 -0.009418
6953.750000 -0.009579
6955.350098 -0.010385
6956.950195 -0.009538
6958.560059 -0.009819
6960.160156 -0.010580
6961.759766 -0.010604
6963.359863 -0.009939
6964.970215 -0.009553
6966.569824 -0.009781
6968.180176 -0.009191
6969.779785 -0.008942
6971.390137 -0.009439
6972.990234 -0.009552
6974.600098 -0.010426
6976.200195 -0.010077
6977.810059 -0.008416
6979.419922 -0.008294
6981.020020 -0.008568
6982.629883 -0.009938
6984.240234 -0.010673
6985.850098 -0.010911
6987.459961 -0.010984
6989.060059 -0.009537
6990.669922 -0.009200
6992.279785 -0.009175
6993.890137 -0.008808
6995.509766 -0.008730
6997.120117 -0.008871
6998.729980 -0.009422
7000.339844 -0.008823
7001.950195 -0.008201
7003.560059 -0.008018
7005.180176 -0.008271
7006.790039 -0.009288
7008.399902 -0.008549
7010.020020 -0.009144
7011.629883 -0.009622
7013.250000 -0.008917
7014.859863 -0.008974
7016.479980 -0.007474
7018.089844 -0.007617
7019.709961 -0.008558
7021.330078 -0.009152
7022.939941 -0.008726
7024.560059 -0.008679
7026.180176 -0.008568
7027.790039 -0.008570
7029.410156 -0.008575
7031.029785 -0.008011
7032.649902 -0.008190
7034.270020 -0.008094
7035.890137 -0.008642
7037.509766 -0.008240
7039.129883 -0.007557
7040.750000 -0.006977
7042.370117 -0.007740
7044.000000 -0.008651
7045.620117 -0.007926
7047.240234 -0.006722
7048.859863 -0.007412
7050.490234 -0.008124
7052.109863 -0.008321
7053.729980 -0.008064
7055.359863 -0.008317
7056.979980 -0.009364
7058.609863 -0.009828
7060.229980 -0.010647
7061.859863 -0.010710
7063.490234 -0.010452
7065.109863 -0.011398
7066.740234 -0.011996
7068.370117 -0.010813
7069.990234 -0.009508
7071.620117 -0.009460
7073.250000 -0.010717
7074.879883 -0.011117
7076.509766 -0.010946
7078.140137 -0.010923
7079.770020 -0.010348
7081.399902 -0.011246
7083.029785 -0.011549
7084.660156 -0.011316
7086.290039 -0.011186
7087.919922 -0.011525
7089.560059 -0.012773
7091.189941 -0.013255
7092.819824 -0.013181
7094.459961 -0.012843
7096.089844 -0.012620
7097.720215 -0.013140
7099.359863 -0.012917
7100.990234 -0.012125
7102.629883 -0.012835
7104.259766 -0.012487
7105.899902 -0.013162
7107.540039 -0.013753
7109.169922 -0.012984
7110.810059 -0.012134
7112.450195 -0.011809
7114.089844 -0.011521
7115.720215 -0.011591
7117.359863 -0.012770
7119.000000 -0.012783
7120.640137 -0.011901
7122.279785 -0.012066
7123.919922 -0.012347
7125.560059 -0.012286
7127.200195 -0.012622
7128.839844 -0.012702
7130.490234 -0.012533
7132.129883 -0.010599
7133.770020 -0.008955
7135.410156 -0.010250
7137.060059 -0.013221
7138.700195 -0.013352
7140.339844 -0.010106
7141.990234 -0.010077
7143.629883 -0.011607
7145.279785 -0.012883
7146.919922 -0.013680
7148.569824 -0.013496
7150.209961 -0.012826
7151.859863 -0.012694
7153.509766 -0.013335
7155.160156 -0.013493
7156.799805 -0.013875
7158.450195 -0.013120
7160.100098 -0.011949
7161.750000 -0.013164
7163.399902 -0.014145
7165.049805 -0.012564
7166.700195 -0.011966
7168.350098 -0.012580
7170.000000 -0.013574
7171.649902 -0.013241
7173.299805 -0.012613
7174.950195 -0.013295
7176.609863 -0.013378
7178.259766 -0.013374
7179.910156 -0.012828
7181.560059 -0.012190
7183.220215 -0.012159
7184.870117 -0.012231
7186.529785 -0.012679
7188.180176 -0.011868
7189.839844 -0.011406
7191.490234 -0.012029
7193.149902 -0.012877
7194.810059 -0.012659
7196.459961 -0.012119
7198.120117 -0.012571
7199.779785 -0.012693
7201.439941 -0.011799
7203.089844 -0.012099
7204.750000 -0.013454
7206.410156 -0.013006
7208.069824 -0.012837
7209.729980 -0.011482
7211.390137 -0.012170
7213.049805 -0.013359
7214.709961 -0.012605
7216.379883 -0.012333
7218.040039 -0.013236
7219.700195 -0.012310
7221.359863 -0.011775
7223.020020 -0.010639
7224.689941 -0.009837
7226.350098 -0.009906
7228.020020 -0.010360
7229.680176 -0.011057
7231.350098 -0.010782
7233.009766 -0.010720
7234.680176 -0.011204
7236.339844 -0.011035
7238.009766 -0.011057
7239.680176 -0.010735
7241.339844 -0.010333
7243.009766 -0.010172
7244.680176 -0.010128
7246.350098 -0.009395
7248.020020 -0.010170
7249.680176 -0.011666
7251.350098 -0.011770
7253.020020 -0.011287
7254.689941 -0.010060
7256.359863 -0.010844
7258.040039 -0.010993
7259.709961 -0.010284
7261.379883 -0.010153
7263.049805 -0.009036
7264.720215 -0.008574
7266.399902 -0.010794
7268.069824 -0.011342
7269.740234 -0.010444
7271.419922 -0.010825
7273.089844 -0.009733
7274.770020 -0.010260
7276.439941 -0.010320
7278.120117 -0.009755
7279.790039 -0.009602
7281.470215 -0.010773
7283.149902 -0.010436
7284.819824 -0.009452
7286.500000 -0.009440
7288.180176 -0.009832
7289.859863 -0.010079
7291.540039 -0.008411
7293.220215 -0.007919
7294.899902 -0.008880
7296.580078 -0.010196
7298.259766 -0.010694
7299.939941 -0.009694
7301.620117 -0.009263
7303.299805 -0.009009
7304.979980 -0.009319
7306.660156 -0.009695
7308.350098 -0.008547
7310.029785 -0.007992
7311.709961 -0.008393
7313.399902 -0.007855
7315.080078 -0.008193
7316.759766 -0.007068
7318.450195 -0.005922
7320.129883 -0.006488
7321.819824 -0.007769
7323.509766 -0.007375
7325.189941 -0.005799
7326.879883 -0.005386
7328.569824 -0.005430
7330.250000 -0.006595
7331.939941 -0.007722
7333.629883 -0.006750
7335.319824 -0.006127
7337.009766 -0.007056
7338.700195 -0.007778
7340.390137 -0.007414
7342.080078 -0.007389
7343.770020 -0.007267
7345.459961 -0.006751
7347.149902 -0.006779
7348.839844 -0.008013
7350.540039 -0.008212
7352.229980 -0.008479
7353.919922 -0.007852
7355.620117 -0.007152
7357.310059 -0.007237
7359.000000 -0.007524
7360.700195 -0.008415
7362.390137 -0.008972
7364.089844 -0.008270
7365.790039 -0.007377
7367.479980 -0.007684
7369.180176 -0.007958
7370.879883 -0.006858
7372.569824 -0.006823
7374.270020 -0.006829
7375.970215 -0.005895
7377.669922 -0.005526
7379.370117 -0.005843
7381.069824 -0.005753
7382.770020 -0.006106
7384.470215 -0.006074
7386.169922 -0.005672
7387.870117 -0.006419
7389.569824 -0.005957
7391.270020 -0.006533
7392.970215 -0.006676
7394.669922 -0.007363
7396.379883 -0.007540
7398.080078 -0.007271
7399.779785 -0.007074
7401.490234 -0.006604
7403.189941 -0.005750
7404.899902 -0.006050
7406.600098 -0.006244
7408.310059 -0.006283
7410.020020 -0.006023
7411.720215 -0.005818
7413.430176 -0.005624
7415.140137 -0.005104
7416.839844 -0.004678
7418.549805 -0.006457
7420.259766 -0.007079
7421.970215 -0.006890
7423.680176 -0.005718
7425.390137 -0.004439
7427.100098 -0.006322
7428.810059 -0.006935
7430.520020 -0.005820
7432.229980 -0.005944
7433.939941 -0.006286
7435.649902 -0.005628
7437.359863 -0.005709
7439.080078 -0.005705
7440.790039 -0.006219
7442.500000 -0.005764
7444.220215 -0.004489
7445.930176 -0.005295
7447.649902 -0.005296
7449.359863 -0.004253
7451.080078 -0.005962
7452.790039 -0.005687
7454.509766 -0.005356
7456.229980 -0.005314
7457.939941 -0.006635
7459.660156 -0.007016
7461.379883 -0.005611
7463.100098 -0.004854
7464.819824 -0.005736
7466.529785 -0.005908
7468.250000 -0.006055
7469.970215 -0.006183
7471.689941 -0.005846
7473.410156 -0.005425
7475.140137 -0.004803
7476.859863 -0.005298
7478.580078 -0.005161
7480.299805 -0.005058
7482.020020 -0.005749
7483.750000 -0.005057
7485.470215 -0.006105
7487.189941 -0.005309
7488.919922 -0.005874
7490.640137 -0.006038
7492.370117 -0.005553
7494.089844 -0.004888
7495.819824 -0.003885
7497.540039 -0.004647
7499.270020 -0.006565
7501.000000 -0.006336
7502.729980 -0.005616
7504.450195 -0.005897
7506.180176 -0.005895
7507.910156 -0.004784
7509.640137 -0.004333
7511.370117 -0.003845
7513.100098 -0.003423
7514.830078 -0.004385
7516.560059 -0.005149
7518.290039 -0.005071
7520.020020 -0.005012
7521.750000 -0.004870
7523.490234 -0.004158
7525.220215 -0.004364
7526.950195 -0.003452
7528.680176 -0.003628
7530.419922 -0.004956
7532.149902 -0.004659
7533.890137 -0.003834
7535.620117 -0.003968
7537.359863 -0.004634
7539.089844 -0.004079
7540.830078 -0.003855
7542.569824 -0.003757
7544.299805 -0.003627
7546.040039 -0.003871
7547.779785 -0.004659
7549.520020 -0.003318
7551.250000 -0.003607
7552.990234 -0.004838
7554.729980 -0.004098
7556.470215 -0.002798
7558.209961 -0.002945
7559.950195 -0.003665
7561.689941 -0.004417
7563.439941 -0.004154
7565.180176 -0.003849
7566.919922 -0.003797
7568.660156 -0.003890
7570.399902 -0.004472
7572.149902 -0.003894
7573.890137 -0.004017
7575.640137 -0.004700
7577.379883 -0.004140
7579.120117 -0.003733
7580.870117 -0.004086
7582.620117 -0.004096
7584.359863 -0.003945
7586.109863 -0.003111
7587.859863 -0.002524
7589.600098 -0.004509
7591.350098 -0.005520
7593.100098 -0.005770
7594.850098 -0.007380
7596.600098 -0.007823
7598.350098 -0.007034
7600.100098 -0.006566
7601.850098 -0.006111
7603.600098 -0.005685
7605.350098 -0.006144
7607.100098 -0.005914
7608.850098 -0.006029
7610.600098 -0.006690
7612.359863 -0.006682
7614.109863 -0.005601
7615.859863 -0.006340
7617.620117 -0.005190
7619.370117 -0.004400
7621.120117 -0.004947
7622.879883 -0.005217
7624.640137 -0.007045
7626.390137 -0.007433
7628.149902 -0.007046
7629.899902 -0.006038
7631.660156 -0.006051
7633.419922 -0.006818
7635.180176 -0.005885
7636.930176 -0.005304
7638.689941 -0.005311
7640.450195 -0.005605
7642.209961 -0.005965
7643.970215 -0.006469
7645.729980 -0.006189
7647.490234 -0.005350
7649.250000 -0.005430
7651.020020 -0.006330
7652.779785 -0.006634
7654.540039 -0.007163
7656.299805 -0.006183
7658.069824 -0.005893
7659.830078 -0.006066
7661.589844 -0.006196
7663.359863 -0.005673
7665.120117 -0.004948
7666.890137 -0.004040
7668.649902 -0.005588
7670.419922 -0.008253
7672.189941 -0.009081
7673.950195 -0.009101
7675.720215 -0.008246
7677.490234 -0.007508
7679.250000 -0.005772
7681.020020 -0.004772
7682.790039 -0.005850
7684.560059 -0.007322
7686.330078 -0.006424
7688.100098 -0.006092
7689.870117 -0.005702
7691.640137 -0.005011
7693.410156 -0.005385
7695.189941 -0.005776
7696.959961 -0.006174
7698.729980 -0.005379
7700.500000 -0.004617
7702.279785 -0.004409
7704.049805 -0.005738
7705.819824 -0.005718
7707.600098 -0.006536
7709.370117 -0.006365
7711.149902 -0.005212
7712.919922 -0.004388
7714.700195 -0.004172
7716.479980 -0.004556
7718.250000 -0.004489
7720.029785 -0.005592
7721.810059 -0.005761
7723.589844 -0.005878
7725.370117 -0.004460
7727.149902 -0.004880
7728.919922 -0.005296
7730.700195 -0.003863
7732.479980 -0.004292
7734.270020 -0.004046
7736.049805 -0.004292
7737.830078 -0.004505
7739.609863 -0.003995
7741.390137 -0.004099
7743.180176 -0.003890
7744.959961 -0.003185
7746.740234 -0.002751
7748.529785 -0.002857
7750.310059 -0.002292
7752.089844 -0.002814
7753.879883 -0.003894
7755.669922 -0.003950
7757.450195 -0.004151
7759.240234 -0.004434
7761.020020 -0.004392
7762.810059 -0.003566
7764.600098 -0.002991
7766.390137 -0.004229
7768.180176 -0.004375
7769.970215 -0.003839
7771.750000 -0.002804
7773.540039 -0.001677
7775.330078 -0.000925
7777.120117 -0.001466
7778.919922 -0.002173
7780.709961 -0.002454
7782.500000 -0.002310
7784.290039 -0.002147
7786.080078 -0.003040
7787.879883 -0.003620
7789.669922 -0.003281
7791.459961 -0.002200
7793.259766 -0.002901
7795.049805 -0.002649
7796.850098 -0.003118
7798.640137 -0.003941
7800.439941 -0.002473
7802.240234 -0.000853
7804.029785 -0.002300
7805.830078 -0.002814
7807.629883 -0.001652
7809.430176 -0.001243
7811.220215 -0.001780
7813.020020 -0.001136
7814.819824 -0.000365
7816.620117 -0.000726
7818.419922 -0.001785
7820.220215 -0.001164
7822.020020 -0.000462
7823.819824 -0.000957
7825.629883 -0.001083
7827.430176 -0.001400
7829.229980 -0.001271
7831.029785 -0.000278
7832.839844 -0.000156
7834.640137 0.000066
7836.439941 -0.000587
7838.250000 -0.000748
7840.049805 -0.002158
7841.859863 -0.002958
7843.669922 -0.001559
7845.470215 -0.000737
7847.279785 -0.000975
7849.089844 -0.000950
7850.890137 -0.000922
7852.700195 0.000072
7854.509766 0.000859
7856.319824 -0.000024
7858.129883 -0.000191
7859.939941 -0.000231
7861.750000 -0.000396
7863.560059 0.000355
7865.370117 0.000337
7867.180176 0.000609
7868.990234 0.000221
7870.799805 0.001576
7872.620117 0.001245
7874.430176 0.001066
7876.240234 0.001648
7878.060059 0.000573
7879.870117 0.000272
7881.689941 0.000355
7883.500000 0.000270
7885.319824 0.000796
7887.129883 0.000729
7888.950195 -0.000121
7890.759766 0.001166
7892.580078 0.000563
7894.399902 -0.000717
7896.220215 0.001940
7898.040039 0.002546
7899.850098 0.000640
7901.669922 0.000880
7903.490234 0.001365
7905.310059 0.001012
7907.129883 0.000516
7908.950195 0.000722
7910.779785 0.002384
7912.600098 0.001721
7914.419922 0.001536
7916.240234 0.002445
7918.069824 0.002382
7919.890137 0.001294
7921.709961 0.000910
7923.540039 0.002303
7925.359863 0.002647
7927.189941 0.001084
7929.009766 0.002247
7930.839844 0.002670
7932.660156 0.003398
7934.490234 0.003917
7936.319824 0.002556
7938.149902 0.003354
7939.970215 0.003433
7941.799805 0.002974
7943.629883 0.002974
7945.459961 0.003631
7947.290039 0.003728
7949.120117 0.003417
7950.950195 0.003694
7952.779785 0.003111
7954.609863 0.002672
7956.450195 0.003109
7958.279785 0.004285
7960.109863 0.005736
7961.939941 0.005699
7963.779785 0.005188
7965.609863 0.005274
7967.450195 0.005321
7969.279785 0.005636
7971.120117 0.006842
7972.950195 0.006704
7974.790039 0.006069
7976.620117 0.006484
7978.459961 0.006614
7980.299805 0.006341
7982.140137 0.006611
7983.970215 0.006492
7985.810059 0.006052
7987.649902 0.007320
7989.490234 0.009618
7991.330078 0.008255
7993.169922 0.007226
7995.009766 0.007781
7996.850098 0.006910
7998.689941 0.007977
8000.540039 0.008952
8002.379883 0.007539
8004.220215 0.008078
8006.060059 0.008645
8007.910156 0.008720
8009.750000 0.007832
8011.600098 0.008533
8013.439941 0.009569
8015.290039 0.010258
8017.129883 0.009986
8018.979980 0.009462
8020.830078 0.009060
8022.669922 0.010212
8024.520020 0.009313
8026.370117 0.010420
8028.220215 0.012692
8030.069824 0.012402
8031.910156 0.011442
8033.759766 0.011454
8035.609863 0.011924
8037.459961 0.011809
8039.319824 0.011155
8041.169922 0.011857
8043.020020 0.012991
8044.870117 0.013019
8046.720215 0.014014
8048.580078 0.012567
8050.430176 0.011127
8052.279785 0.012270
8054.140137 0.011973
8055.990234 0.011498
8057.850098 0.012621
8059.700195 0.013681
8061.560059 0.013416
8063.419922 0.013464
8065.270020 0.013664
8067.129883 0.013156
8068.990234 0.012403
8070.850098 0.013501
8072.709961 0.014322
8074.560059 0.015804
8076.419922 0.016804
8078.279785 0.015288
8080.140137 0.015744
8082.000000 0.015500
8083.870117 0.014078
8085.729980 0.014757
8087.589844 0.015372
8089.450195 0.015712
8091.310059 0.015352
8093.180176 0.015705
8095.040039 0.015540
8096.910156 0.015795
8098.770020 0.014145
8100.640137 0.014283
8102.500000 0.015263
8104.370117 0.015141
8106.229980 0.015130
8108.100098 0.016175
8109.970215 0.017806
8111.830078 0.017586
8113.700195 0.015846
8115.569824 0.015676
8117.439941 0.017861
8119.310059 0.020152
8121.180176 0.019015
8123.049805 0.018028
8124.919922 0.018538
8126.790039 0.020762
8128.660156 0.021001
8130.529785 0.019215
8132.410156 0.019778
8134.279785 0.021642
8136.149902 0.021182
8138.029785 0.020400
8139.899902 0.019851
8141.770020 0.021484
8143.649902 0.021479
8145.520020 0.020876
8147.399902 0.021607
8149.279785 0.020581
8151.149902 0.019542
8153.029785 0.020898
8154.910156 0.021490
8156.790039 0.022387
8158.660156 0.021654
8160.540039 0.021433
8162.419922 0.022140
8164.299805 0.022791
8166.180176 0.022179
8168.060059 0.021550
8169.939941 0.024025
8171.830078 0.024395
8173.709961 0.024815
8175.589844 0.024737
8177.470215 0.023241
8179.359863 0.022656
8181.240234 0.023464
8183.120117 0.023680
8185.009766 0.023555
8186.890137 0.022348
8188.779785 0.023319
8190.660156 0.022472
8192.549805 0.019936
8194.440430 0.021894
8196.320312 0.024215
8198.209961 0.021799
8200.099609 0.019804
8201.990234 0.021235
8203.879883 0.021336
8205.759766 0.020573
8207.660156 0.021292
8209.540039 0.022156
8211.440430 0.022262
8213.330078 0.020409
8215.219727 0.020445
8217.110352 0.021101
8219.000000 0.023814
8220.889648 0.022820
8222.790039 0.023442
8224.679688 0.024757
8226.580078 0.023003
8228.469727 0.022364
8230.360352 0.022847
8232.259766 0.023874
8234.160156 0.027618
8236.049805 0.028319
8237.950195 0.025373
8239.849609 0.026148
8241.740234 0.026152
8243.639648 0.025538
8245.540039 0.025269
8247.440430 0.025461
8249.339844 0.025367
8251.240234 0.024594
8253.139648 0.025170
8255.040039 0.024914
8256.940430 0.026930
8258.839844 0.026819
8260.740234 0.024904
8262.639648 0.023671
8264.549805 0.024107
8266.450195 0.025953
8268.349609 0.026362
8270.259766 0.025597
8272.160156 0.025317
8274.070312 0.026681
8275.969727 0.025955
8277.879883 0.024835
8279.790039 0.024754
8281.690430 0.023709
8283.599609 0.022721
8285.509766 0.023604
8287.419922 0.024472
8289.320312 0.025171
8291.230469 0.025902
8293.139648 0.025864
8295.049805 0.023058
8296.959961 0.022839
8298.870117 0.022951
8300.780273 0.022153
8302.700195 0.022035
8304.610352 0.020647
8306.519531 0.020912
8308.429688 0.020554
8310.349609 0.022371
8312.259766 0.022821
8314.169922 0.020619
8316.089844 0.020574
8318.000000 0.021555
8319.919922 0.020574
8321.830078 0.019594
8323.750000 0.020593
8325.669922 0.019354
8327.580078 0.023236
8329.500000 0.023589
8331.419922 0.019139
8333.339844 0.019731
8335.259766 0.021497
8337.179688 0.020500
8339.099609 0.019704
8341.019531 0.021027
8342.940430 0.019451
8344.860352 0.017857
8346.780273 0.021662
8348.700195 0.021616
