3450.000000 -0.023711
3450.790039 -0.023185
3451.590088 -0.022824
3452.379883 -0.029658
3453.179932 -0.032473
3453.969971 -0.029725
3454.770020 -0.028639
3455.570068 -0.024160
3456.360107 -0.023394
3457.159912 -0.024239
3457.949951 -0.024594
3458.750000 -0.026931
3459.550049 -0.026758
3460.340088 -0.027325
3461.139893 -0.030804
3461.939941 -0.028840
3462.729980 -0.027050
3463.530029 -0.023173
3464.330078 -0.022029
3465.129883 -0.024378
3465.919922 -0.026905
3466.719971 -0.027830
3467.520020 -0.028726
3468.320068 -0.026065
3469.120117 -0.020794
3469.919922 -0.022061
3470.719971 -0.020553
3471.520020 -0.018856
3472.310059 -0.022451
3473.110107 -0.023943
3473.909912 -0.021875
3474.709961 -0.025476
3475.510010 -0.028195
3476.310059 -0.023473
3477.120117 -0.025920
3477.919922 -0.029919
3478.719971 -0.026141
3479.520020 -0.021311
3480.320068 -0.019074
3481.120117 -0.017870
3481.919922 -0.019757
3482.719971 -0.019905
3483.530029 -0.020320
3484.330078 -0.025046
3485.129883 -0.025828
3485.929932 -0.019672
3486.739990 -0.017365
3487.540039 -0.021169
3488.340088 -0.015802
3489.149902 -0.012611
3489.949951 -0.023209
3490.750000 -0.025374
3491.560059 -0.025440
3492.360107 -0.022687
3493.169922 -0.019703
3493.969971 -0.017408
3494.770020 -0.012319
3495.580078 -0.014017
3496.379883 -0.021355
3497.189941 -0.023824
3497.989990 -0.018798
3498.800049 -0.017219
3499.610107 -0.018422
3500.409912 -0.019326
3501.219971 -0.011883
3502.020020 -0.008352
3502.830078 -0.013907
3503.639893 -0.014609
3504.439941 -0.013378
3505.250000 -0.013469
3506.060059 -0.015992
3506.870117 -0.021743
3507.669922 -0.022293
3508.479980 -0.014475
3509.290039 -0.009155
3510.100098 -0.013144
3510.909912 -0.015847
3511.709961 -0.014420
3512.520020 -0.012538
3513.330078 -0.011075
3514.139893 -0.013357
3514.949951 -0.011733
3515.760010 -0.004940
3516.570068 -0.001135
3517.379883 -0.001089
3518.189941 -0.001476
3519.000000 0.001165
3519.810059 -0.001698
3520.620117 -0.004409
3521.429932 -0.005102
3522.239990 -0.005768
3523.050049 -0.005011
3523.860107 -0.003332
3524.679932 -0.004136
3525.489990 -0.004512
3526.300049 -0.006947
3527.110107 -0.008481
3527.919922 0.000297
3528.739990 0.004131
3529.550049 0.008541
3530.360107 0.009588
3531.169922 0.004526
3531.989990 0.003020
3532.800049 0.000119
3533.610107 -0.001277
3534.429932 0.003228
3535.239990 0.009503
3536.060059 0.007441
3536.870117 0.001743
3537.679932 0.000307
3538.500000 0.005736
3539.310059 0.005981
3540.129883 0.008323
3540.939941 0.009735
3541.760010 0.007670
3542.580078 0.005190
3543.389893 0.008315
3544.209961 0.010473
3545.020020 0.014532
3545.840088 0.014580
3546.659912 0.009028
3547.469971 0.009830
3548.290039 0.011784
3549.110107 0.015604
3549.919922 0.018677
3550.739990 0.018544
3551.560059 0.019311
3552.379883 0.017166
3553.199951 0.017308
3554.010010 0.015741
3554.830078 0.011864
3555.649902 0.011449
3556.469971 0.018583
3557.290039 0.021507
3558.110107 0.019745
3558.929932 0.021111
3559.750000 0.019232
3560.570068 0.019114
3561.389893 0.020758
3562.209961 0.027731
3563.030029 0.030170
3563.850098 0.029217
3564.669922 0.024260
3565.489990 0.019769
3566.310059 0.014150
3567.129883 0.013685
3567.949951 0.018794
3568.770020 0.023012
3569.600098 0.023304
3570.419922 0.016384
3571.239990 0.016217
3572.060059 0.018557
3572.889893 0.017547
3573.709961 0.021254
3574.530029 0.025317
3575.350098 0.025849
3576.179932 0.026431
3577.000000 0.029535
3577.820068 0.029819
3578.649902 0.027798
3579.469971 0.028446
3580.300049 0.025777
3581.120117 0.020892
3581.949951 0.022185
3582.770020 0.022711
3583.600098 0.026859
3584.419922 0.030102
3585.250000 0.028874
3586.070068 0.025108
3586.899902 0.021412
3587.719971 0.021288
3588.550049 0.025635
3589.379883 0.028926
3590.199951 0.030872
3591.030029 0.033786
3591.860107 0.036586
3592.679932 0.034614
3593.510010 0.030229
3594.340088 0.026836
3595.169922 0.028505
3596.000000 0.029421
3596.820068 0.029557
3597.649902 0.031514
3598.479980 0.032648
3599.310059 0.034224
3600.139893 0.034525
3600.969971 0.033221
3601.800049 0.027313
3602.629883 0.025260
3603.449951 0.026078
3604.280029 0.022689
3605.110107 0.022212
3605.949951 0.026173
3606.780029 0.029460
3607.610107 0.032365
3608.439941 0.030833
3609.270020 0.024428
3610.100098 0.022135
3610.929932 0.023001
3611.760010 0.025824
3612.590088 0.030234
3613.429932 0.033010
3614.260010 0.029235
3615.090088 0.033600
3615.919922 0.035716
3616.760010 0.036642
3617.590088 0.032937
3618.419922 0.026130
3619.250000 0.021527
3620.090088 0.019004
3620.919922 0.023098
3621.760010 0.029887
3622.590088 0.031042
3623.419922 0.031716
3624.260010 0.031247
3625.090088 0.029128
3625.929932 0.033160
3626.760010 0.038441
3627.600098 0.039294
3628.429932 0.038875
3629.270020 0.038431
3630.100098 0.034384
3630.939941 0.026855
3631.780029 0.021072
3632.610107 0.020350
3633.449951 0.022900
3634.290039 0.026391
3635.120117 0.028825
3635.959961 0.029716
3636.800049 0.028347
3637.629883 0.028477
3638.469971 0.030906
3639.310059 0.035036
3640.149902 0.036090
3640.989990 0.035538
3641.830078 0.033407
3642.659912 0.031421
3643.500000 0.030445
3644.340088 0.028534
3645.179932 0.028665
3646.020020 0.030812
3646.860107 0.030949
3647.699951 0.028810
3648.540039 0.024254
3649.379883 0.023480
3650.219971 0.024825
3651.060059 0.028821
3651.899902 0.030968
3652.739990 0.033066
3653.580078 0.034289
3654.429932 0.034247
3655.270020 0.035079
3656.110107 0.030845
3656.949951 0.028377
3657.790039 0.031020
3658.639893 0.031514
3659.479980 0.031072
3660.320068 0.030914
3661.159912 0.035340
3662.010010 0.035238
3662.850098 0.034214
3663.689941 0.028976
3664.540039 0.024407
3665.379883 0.028197
3666.219971 0.030869
3667.070068 0.030517
3667.909912 0.029133
3668.760010 0.027309
3669.600098 0.024933
3670.449951 0.023541
3671.290039 0.027465
3672.139893 0.029275
3672.979980 0.029917
3673.830078 0.031099
3674.679932 0.030406
3675.520020 0.030817
3676.370117 0.031338
3677.219971 0.027114
3678.060059 0.022635
3678.909912 0.020946
3679.760010 0.023409
3680.600098 0.021596
3681.449951 0.021996
3682.300049 0.027114
3683.149902 0.033938
3684.000000 0.034035
3684.840088 0.029649
3685.689941 0.026023
3686.540039 0.023066
3687.389893 0.020803
3688.239990 0.021745
3689.090088 0.021238
3689.939941 0.026506
3690.790039 0.029876
3691.639893 0.030895
3692.489990 0.032090
3693.340088 0.027553
3694.189941 0.022883
3695.040039 0.017245
3695.889893 0.019558
3696.739990 0.021594
3697.590088 0.021945
3698.439941 0.022014
3699.300049 0.023980
3700.149902 0.028266
3701.000000 0.031435
3701.850098 0.029825
3702.699951 0.025100
3703.560059 0.021936
3704.409912 0.016259
3705.260010 0.009774
3706.120117 0.009569
3706.969971 0.012827
3707.820068 0.018402
3708.679932 0.017092
3709.530029 0.016412
3710.389893 0.017812
3711.239990 0.019065
3712.100098 0.020085
3712.949951 0.023288
3713.800049 0.026110
3714.659912 0.028755
3715.520020 0.029271
3716.370117 0.029651
3717.229980 0.030603
3718.080078 0.029122
3718.939941 0.024270
3719.800049 0.017055
3720.649902 0.011189
3721.510010 0.007946
3722.370117 0.012026
3723.219971 0.013186
3724.080078 0.004169
3724.939941 0.001782
3725.800049 0.009534
3726.649902 0.002725
3727.510010 -0.032529
3728.370117 -0.056191
3729.229980 -0.034044
3730.090088 -0.009118
3730.949951 -0.015771
3731.810059 -0.021589
3732.669922 -0.007040
3733.530029 0.006167
3734.389893 0.010753
3735.250000 0.008559
3736.110107 0.004997
3736.969971 0.008099
3737.830078 0.007942
3738.689941 0.013437
3739.550049 0.021905
3740.409912 0.026135
3741.270020 0.027107
3742.129883 0.025183
3742.989990 0.019697
3743.860107 0.014245
3744.719971 0.011831
3745.580078 0.010318
3746.439941 0.009615
3747.310059 0.009159
3748.169922 0.004503
3749.030029 -0.000766
3749.889893 -0.003113
3750.760010 -0.002439
3751.620117 0.005819
3752.489990 0.014510
3753.350098 0.018529
3754.209961 0.023440
3755.080078 0.026563
3755.939941 0.025804
3756.810059 0.023861
3757.669922 0.012305
3758.540039 -0.000608
3759.399902 -0.004560
3760.270020 -0.000643
3761.139893 0.006441
3762.000000 0.011749
3762.870117 0.011663
3763.739990 0.009283
3764.600098 0.007862
3765.469971 0.009254
3766.340088 0.011252
3767.199951 0.008608
3768.070068 0.004709
3768.939941 0.006909
3769.810059 0.006830
3770.679932 0.006883
3771.540039 0.006217
3772.409912 0.007280
3773.280029 0.012998
3774.149902 0.013666
3775.020020 0.012398
3775.889893 0.007151
3776.760010 0.005919
3777.629883 0.006518
3778.500000 0.002966
3779.370117 0.001474
3780.239990 0.004196
3781.110107 0.006348
3781.979980 0.004720
3782.850098 0.003350
3783.719971 0.005218
3784.590088 0.008468
3785.459961 0.007216
3786.340088 0.003951
3787.209961 -0.002057
3788.080078 -0.006968
3788.949951 -0.005599
3789.820068 -0.005267
3790.699951 -0.003910
3791.570068 0.000379
3792.439941 0.005912
3793.320068 0.006444
3794.189941 0.004794
3795.060059 0.004007
3795.939941 0.002318
3796.810059 0.001078
3797.689941 -0.002043
3798.560059 -0.003954
3799.439941 -0.004091
3800.310059 -0.002164
3801.189941 0.003052
3802.060059 0.008278
3802.939941 0.010889
3803.810059 0.014720
3804.689941 0.014220
3805.560059 0.006689
3806.439941 0.000934
3807.320068 -0.005653
3808.189941 -0.005960
3809.070068 -0.000628
3809.949951 0.003172
3810.830078 0.005068
3811.699951 0.004864
3812.580078 0.001685
3813.459961 -0.004086
3814.340088 -0.012423
3815.219971 -0.016654
3816.090088 -0.014776
3816.969971 -0.010020
3817.850098 -0.000869
3818.729980 0.002749
3819.610107 -0.003000
3820.489990 -0.011173
3821.370117 -0.014555
3822.250000 -0.008749
3823.129883 0.000838
3824.010010 0.002345
3824.889893 -0.004317
3825.770020 -0.009137
3826.649902 -0.008381
3827.530029 -0.007096
3828.419922 -0.004968
3829.300049 -0.000547
3830.179932 0.002391
3831.060059 0.003809
3831.939941 0.005120
3832.830078 0.001673
3833.709961 -0.004017
3834.590088 -0.005577
3835.469971 0.000331
3836.360107 0.004396
3837.239990 0.006970
3838.120117 0.002384
3839.010010 -0.000187
3839.889893 -0.003172
3840.780029 -0.002912
3841.659912 -0.001231
3842.550049 0.000456
3843.429932 0.004443
3844.320068 0.007567
3845.199951 0.005039
3846.090088 0.003222
3846.969971 0.001046
3847.860107 0.003195
3848.739990 0.003694
3849.629883 -0.001050
3850.520020 -0.005718
3851.399902 -0.006283
3852.290039 -0.003997
3853.179932 0.001683
3854.070068 0.000781
3854.949951 -0.002078
3855.840088 -0.002535
3856.729980 -0.004504
3857.620117 -0.004932
3858.510010 -0.006400
3859.389893 -0.009639
3860.280029 -0.014667
3861.169922 -0.013650
3862.060059 -0.005111
3862.949951 0.003738
3863.840088 0.008349
3864.729980 0.007598
3865.620117 0.008142
3866.510010 0.008546
3867.399902 0.009839
3868.290039 0.010880
3869.179932 0.010048
3870.070068 0.012152
3870.959961 0.015625
3871.850098 0.011597
3872.750000 0.000937
3873.639893 -0.005144
3874.530029 0.000073
3875.419922 0.003506
3876.320068 0.008337
3877.209961 0.007715
3878.100098 -0.003771
3878.989990 -0.010328
3879.889893 -0.007420
3880.780029 0.000102
3881.669922 0.004914
3882.570068 0.004130
3883.459961 0.000543
3884.360107 0.002599
3885.250000 0.002901
3886.149902 -0.004139
3887.040039 -0.013006
3887.939941 -0.018454
3888.830078 -0.016223
3889.729980 -0.009750
3890.620117 -0.010602
3891.520020 -0.010900
3892.409912 -0.004403
3893.310059 0.000824
3894.209961 -0.001188
3895.100098 -0.002505
3896.000000 -0.006065
3896.899902 -0.008057
3897.800049 -0.006497
3898.689941 -0.008360
3899.590088 -0.010346
3900.489990 -0.011923
3901.389893 -0.009815
3902.290039 -0.007065
3903.179932 -0.008327
3904.080078 -0.013040
3904.979980 -0.015943
3905.879883 -0.017719
3906.780029 -0.021314
3907.679932 -0.018497
3908.580078 -0.013273
3909.479980 -0.010125
3910.379883 -0.010436
3911.280029 -0.010136
3912.179932 -0.010131
3913.080078 -0.012226
3913.979980 -0.014769
3914.889893 -0.014667
3915.790039 -0.013183
3916.689941 -0.015248
3917.590088 -0.015392
3918.489990 -0.015355
3919.399902 -0.017692
3920.300049 -0.020577
3921.199951 -0.020909
3922.100098 -0.019882
3923.010010 -0.017519
3923.909912 -0.012876
3924.810059 -0.011319
3925.719971 -0.009514
3926.620117 -0.010266
3927.530029 -0.012043
3928.429932 -0.014836
3929.340088 -0.017483
3930.239990 -0.017380
3931.149902 -0.016728
3932.050049 -0.017360
3932.959961 -0.020564
3933.860107 -0.022608
3934.770020 -0.023983
3935.669922 -0.021793
3936.580078 -0.016670
3937.489990 -0.012092
3938.389893 -0.012649
3939.300049 -0.010711
3940.209961 -0.006015
3941.110107 -0.006810
3942.020020 -0.008345
3942.929932 -0.010115
3943.840088 -0.014128
3944.750000 -0.016759
3945.649902 -0.013273
3946.560059 -0.008453
3947.469971 -0.007679
3948.379883 -0.007231
3949.290039 -0.010451
3950.199951 -0.011261
3951.110107 -0.007921
3952.020020 -0.008075
3952.929932 -0.012613
3953.840088 -0.012849
3954.750000 -0.005914
3955.659912 -0.004317
3956.570068 -0.008106
3957.479980 -0.010999
3958.389893 -0.007278
3959.310059 0.002579
3960.219971 0.007646
3961.129883 0.003779
3962.040039 -0.002407
3962.949951 -0.003220
3963.870117 -0.001349
3964.780029 0.002160
3965.689941 0.003752
3966.610107 0.001460
3967.520020 -0.006564
3968.429932 -0.014530
3969.350098 -0.013402
3970.260010 -0.002438
3971.179932 0.007076
3972.090088 0.000162
3973.000000 -0.005148
3973.919922 -0.004368
3974.830078 0.001674
3975.750000 0.004447
3976.669922 0.002090
3977.580078 0.001954
3978.500000 0.001848
3979.409912 0.001652
3980.330078 0.003450
3981.250000 0.000959
3982.159912 -0.002876
3983.080078 -0.006642
3984.000000 -0.009456
3984.919922 -0.007761
3985.830078 -0.004780
3986.750000 -0.005011
3987.669922 -0.004586
3988.590088 -0.003626
3989.510010 -0.003171
3990.419922 -0.007026
3991.340088 -0.008670
3992.260010 -0.005365
3993.179932 -0.002065
3994.100098 0.000307
3995.020020 -0.001359
3995.939941 -0.006587
3996.860107 -0.011354
3997.780029 -0.014473
3998.699951 -0.014378
3999.620117 -0.009027
4000.540039 -0.003938
4001.469971 -0.002128
4002.389893 -0.001538
4003.310059 0.000089
4004.229980 -0.000849
4005.149902 -0.009848
4006.080078 -0.019235
4007.000000 -0.021050
4007.919922 -0.013152
4008.840088 -0.003818
4009.770020 -0.000823
4010.689941 -0.002668
4011.610107 -0.002869
4012.540039 -0.004468
4013.459961 -0.005879
4014.389893 -0.005613
4015.310059 -0.004550
4016.229980 -0.003401
4017.159912 -0.004384
4018.080078 -0.007384
4019.010010 -0.004573
4019.939941 -0.002369
4020.860107 -0.001746
4021.790039 -0.000564
4022.709961 -0.002209
4023.639893 -0.002645
4024.570068 -0.003988
4025.489990 -0.005739
4026.419922 -0.004261
4027.350098 0.002452
4028.270020 0.009242
4029.199951 0.009703
4030.129883 0.001794
4031.060059 -0.006539
4031.989990 -0.012532
4032.919922 -0.012314
4033.840088 -0.011170
4034.770020 -0.010022
4035.699951 -0.005512
4036.629883 -0.001257
4037.560059 0.006368
4038.489990 0.011492
4039.419922 0.009666
4040.350098 0.002047
4041.280029 -0.001709
4042.209961 -0.001476
4043.139893 0.003234
4044.070068 0.003566
4045.010010 -0.009148
4045.939941 -0.022187
4046.870117 -0.024637
4047.800049 -0.012292
4048.729980 0.002267
4049.669922 0.006979
4050.600098 0.007181
4051.530029 0.007852
4052.459961 0.006579
4053.399902 0.001129
4054.330078 -0.001672
4055.260010 -0.003791
4056.199951 -0.003577
4057.129883 -0.001486
4058.070068 -0.002954
4059.000000 -0.003147
4059.939941 0.002270
4060.870117 0.010015
4061.810059 0.014309
4062.739990 0.005883
4063.679932 -0.006805
4064.610107 -0.011357
4065.550049 -0.006347
4066.479980 0.000240
4067.419922 0.003374
4068.360107 0.007691
4069.290039 0.015168
4070.229980 0.017874
4071.169922 0.008656
4072.110107 -0.003276
4073.040039 -0.004747
4073.979980 0.002926
4074.919922 0.011414
4075.860107 0.010223
4076.800049 -0.000291
4077.739990 -0.010677
4078.669922 -0.013714
4079.610107 -0.006956
4080.550049 0.002322
4081.489990 0.011227
4082.429932 0.015289
4083.370117 0.009078
4084.310059 0.000037
4085.250000 -0.005153
4086.199951 -0.004612
4087.139893 0.000755
4088.080078 0.005617
4089.020020 0.009379
4089.959961 0.011677
4090.899902 0.010013
4091.840088 0.006876
4092.790039 0.006394
4093.729980 0.010038
4094.669922 0.013141
4095.610107 0.010874
4096.560059 0.008378
4097.500000 0.008389
4098.439941 0.008305
4099.390137 0.005492
4100.330078 -0.003464
4101.279785 -0.004543
4102.220215 0.003350
4103.169922 0.003166
4104.109863 -0.004573
4105.060059 -0.003436
4106.000000 0.009481
4106.950195 0.016580
4107.890137 0.016307
4108.839844 0.016222
4109.779785 0.013234
4110.729980 0.008844
4111.680176 0.005667
4112.620117 0.005094
4113.569824 0.007863
4114.520020 0.011014
4115.470215 0.013886
4116.410156 0.014897
4117.359863 0.012854
4118.310059 0.009866
4119.259766 0.004208
4120.209961 0.000007
4121.160156 0.001747
4122.109863 0.005332
4123.049805 0.004869
4124.000000 0.005035
4124.950195 0.006657
4125.899902 0.010181
4126.850098 0.010945
4127.799805 0.005270
4128.750000 0.002219
4129.709961 0.002361
4130.660156 0.004414
4131.609863 0.003151
4132.560059 -0.000375
4133.509766 -0.002845
4134.459961 -0.004506
4135.419922 0.000715
4136.370117 0.009476
4137.319824 0.011639
4138.270020 0.010133
4139.229980 0.011867
4140.180176 0.015705
4141.129883 0.015198
4142.089844 0.011494
4143.040039 0.000128
4143.990234 -0.009914
4144.950195 -0.010869
4145.899902 -0.000019
4146.859863 0.009730
4147.810059 0.013761
4148.770020 0.014353
4149.720215 0.010417
4150.680176 0.008775
4151.629883 0.007843
4152.589844 0.008114
4153.549805 0.007646
4154.500000 0.005204
4155.459961 0.003898
4156.419922 0.003158
4157.370117 0.004519
4158.330078 0.004193
4159.290039 0.006562
4160.250000 0.006506
4161.200195 0.007767
4162.160156 0.008120
4163.120117 0.009179
4164.080078 0.012136
4165.040039 0.010576
4166.000000 0.007891
4166.959961 0.006120
4167.919922 0.003343
4168.879883 0.003677
4169.839844 0.007445
4170.799805 0.010127
4171.759766 0.006270
4172.720215 -0.001901
4173.680176 -0.009563
4174.640137 -0.007573
4175.600098 0.000691
4176.560059 0.004326
4177.529785 0.004108
4178.490234 0.001604
4179.450195 0.002552
4180.410156 0.005679
4181.370117 0.006999
4182.339844 0.004935
4183.299805 0.000855
4184.259766 -0.000047
4185.229980 0.004132
4186.189941 0.006437
4187.160156 0.000510
4188.120117 -0.005309
4189.080078 -0.006260
4190.049805 -0.001775
4191.009766 0.000744
4191.979980 0.001658
4192.939941 0.004692
4193.910156 0.008956
4194.879883 0.010702
4195.839844 0.005870
4196.810059 -0.001335
4197.770020 -0.005188
4198.740234 -0.006406
4199.709961 -0.006208
4200.680176 -0.005799
4201.640137 -0.004923
4202.609863 -0.005228
4203.580078 -0.006487
4204.549805 -0.004633
4205.509766 -0.002267
4206.479980 -0.002430
4207.450195 -0.000895
4208.419922 0.001084
4209.390137 0.001944
4210.359863 0.001620
4211.330078 0.000544
4212.299805 0.000985
4213.270020 0.004188
4214.240234 0.004582
4215.209961 -0.002333
4216.180176 -0.010254
4217.149902 -0.012155
4218.120117 -0.006037
4219.089844 0.000302
4220.060059 0.003769
4221.040039 0.003745
4222.009766 0.006155
4222.979980 0.004858
4223.950195 -0.002184
4224.930176 -0.008566
4225.899902 -0.016602
4226.870117 -0.027847
4227.850098 -0.030500
4228.819824 -0.018555
4229.790039 -0.002212
4230.770020 0.008951
4231.740234 0.012330
4232.720215 0.005856
4233.689941 -0.003421
4234.669922 -0.008476
4235.640137 -0.009528
4236.620117 -0.011318
4237.589844 -0.012019
4238.569824 -0.012251
4239.540039 -0.013428
4240.520020 -0.012841
4241.500000 -0.008437
4242.470215 -0.002509
4243.450195 -0.002142
4244.430176 -0.002270
4245.399902 0.000104
4246.379883 -0.002636
4247.359863 -0.007897
4248.339844 -0.012503
4249.319824 -0.014775
4250.299805 -0.016565
4251.270020 -0.017183
4252.250000 -0.010540
4253.229980 -0.004644
4254.209961 -0.006152
4255.189941 -0.012573
4256.169922 -0.012166
4257.149902 -0.004830
4258.129883 -0.000677
4259.109863 -0.005165
4260.089844 -0.014595
4261.069824 -0.025250
4262.060059 -0.023743
4263.040039 -0.013656
4264.020020 -0.004620
4265.000000 -0.000357
4265.979980 0.001342
4266.970215 0.000155
4267.950195 -0.002457
4268.930176 -0.005961
4269.910156 -0.008197
4270.899902 -0.012154
4271.879883 -0.019808
4272.859863 -0.022829
4273.850098 -0.017626
4274.830078 -0.013152
4275.819824 -0.011977
4276.799805 -0.007062
4277.790039 0.000043
4278.770020 0.004164
4279.759766 0.000774
4280.740234 -0.008266
4281.729980 -0.013106
4282.709961 -0.012672
4283.700195 -0.008799
4284.689941 -0.006296
4285.669922 -0.007732
4286.660156 -0.009889
4287.649902 -0.009320
4288.640137 -0.007564
4289.620117 -0.015373
4290.609863 -0.024516
4291.600098 -0.022079
4292.589844 -0.011682
4293.580078 -0.002720
4294.560059 -0.001464
4295.549805 -0.003978
4296.540039 -0.004197
4297.529785 -0.005487
4298.520020 -0.009256
4299.509766 -0.014433
4300.500000 -0.020714
4301.490234 -0.020990
4302.479980 -0.015073
4303.470215 -0.010316
4304.459961 -0.006930
4305.459961 -0.004148
4306.450195 -0.004016
4307.439941 -0.009186
4308.430176 -0.016195
4309.419922 -0.020126
4310.419922 -0.018584
4311.410156 -0.012925
4312.399902 -0.009945
4313.390137 -0.012666
4314.390137 -0.014719
4315.379883 -0.012872
4316.370117 -0.006332
4317.370117 0.001372
4318.359863 0.003925
4319.359863 0.001221
4320.350098 -0.003367
4321.350098 -0.004045
4322.339844 -0.003893
4323.339844 -0.006386
4324.330078 -0.013124
4325.330078 -0.025347
4326.319824 -0.032943
4327.319824 -0.026586
4328.319824 -0.011247
4329.310059 0.002202
4330.310059 0.004526
4331.310059 -0.001676
4332.310059 -0.005595
4333.299805 -0.003686
4334.299805 -0.001248
4335.299805 0.003303
4336.299805 0.005646
4337.299805 -0.005966
4338.290039 -0.029516
4339.290039 -0.046754
4340.290039 -0.034206
4341.290039 -0.009453
4342.290039 -0.012854
4343.290039 -0.030118
4344.290039 -0.028937
4345.290039 -0.012021
4346.290039 -0.001122
4347.290039 -0.001435
4348.299805 -0.000276
4349.299805 0.002520
4350.299805 0.003187
4351.299805 -0.005448
4352.299805 -0.019942
4353.310059 -0.024002
4354.310059 -0.017170
4355.310059 -0.009960
4356.310059 -0.004946
4357.319824 -0.001420
4358.319824 -0.004478
4359.319824 -0.010019
4360.330078 -0.015198
4361.330078 -0.013124
4362.339844 -0.008732
4363.339844 -0.007467
4364.350098 -0.006795
4365.350098 -0.003684
4366.359863 -0.000898
4367.359863 -0.007024
4368.370117 -0.016286
4369.370117 -0.017253
4370.379883 -0.014111
4371.390137 -0.011031
4372.390137 -0.008932
4373.399902 -0.009637
4374.410156 -0.014978
4375.410156 -0.023009
4376.419922 -0.023191
4377.430176 -0.013314
4378.439941 -0.003826
4379.450195 0.000134
4380.450195 0.000785
4381.459961 -0.000572
4382.470215 -0.007083
4383.479980 -0.020952
4384.490234 -0.033545
4385.500000 -0.033384
4386.509766 -0.019501
4387.520020 -0.005365
4388.529785 -0.001459
4389.540039 -0.006818
4390.549805 -0.011628
4391.560059 -0.011162
4392.569824 -0.008889
4393.589844 -0.009765
4394.600098 -0.013591
4395.609863 -0.017460
4396.620117 -0.014821
4397.629883 -0.006542
4398.649902 -0.001638
4399.660156 -0.007629
4400.669922 -0.015987
4401.689941 -0.016534
4402.700195 -0.011744
4403.709961 -0.010069
4404.729980 -0.016881
4405.740234 -0.026004
4406.759766 -0.023425
4407.770020 -0.017371
4408.790039 -0.017258
4409.799805 -0.016351
4410.819824 -0.011707
4411.830078 -0.005572
4412.850098 -0.001261
4413.870117 -0.003712
4414.879883 -0.013005
4415.899902 -0.024772
4416.919922 -0.029484
4417.930176 -0.023140
4418.950195 -0.013286
4419.970215 -0.006452
4420.990234 -0.004246
4422.000000 -0.010276
4423.020020 -0.016480
4424.040039 -0.020569
4425.060059 -0.018669
4426.080078 -0.015808
4427.100098 -0.016066
4428.120117 -0.015855
4429.140137 -0.014455
4430.160156 -0.014006
4431.180176 -0.013841
4432.200195 -0.014514
4433.220215 -0.013875
4434.240234 -0.016574
4435.259766 -0.024885
4436.279785 -0.027562
4437.299805 -0.021020
4438.319824 -0.010448
4439.350098 -0.003792
4440.370117 -0.002272
4441.390137 -0.009370
4442.410156 -0.020000
4443.439941 -0.029123
4444.459961 -0.029714
4445.479980 -0.021432
4446.509766 -0.011660
4447.529785 -0.010378
4448.560059 -0.013721
4449.580078 -0.013707
4450.609863 -0.015662
4451.629883 -0.015087
4452.660156 -0.012914
4453.680176 -0.012240
4454.709961 -0.016519
4455.729980 -0.024122
4456.759766 -0.024866
4457.779785 -0.017913
4458.810059 -0.013631
4459.839844 -0.014729
4460.870117 -0.016921
4461.890137 -0.019060
4462.919922 -0.019397
4463.950195 -0.015352
4464.979980 -0.010161
4466.000000 -0.008529
4467.029785 -0.011295
4468.060059 -0.014181
4469.089844 -0.017418
4470.120117 -0.021127
4471.149902 -0.021079
4472.180176 -0.017850
4473.209961 -0.012966
4474.240234 -0.010669
4475.270020 -0.011264
4476.299805 -0.010975
4477.330078 -0.009550
4478.359863 -0.005921
4479.390137 -0.006278
4480.419922 -0.015243
4481.459961 -0.026693
4482.490234 -0.033682
4483.520020 -0.028866
4484.549805 -0.015607
4485.580078 -0.006497
4486.620117 -0.003104
4487.649902 -0.006810
4488.680176 -0.014379
4489.720215 -0.021631
4490.750000 -0.024730
4491.790039 -0.019174
4492.819824 -0.011447
4493.859863 -0.009151
4494.890137 -0.013895
4495.930176 -0.020283
4496.959961 -0.021218
4498.000000 -0.017318
4499.029785 -0.010052
4500.069824 -0.007760
4501.100098 -0.012173
4502.140137 -0.018605
4503.180176 -0.019105
4504.209961 -0.011145
4505.250000 -0.006696
4506.290039 -0.009488
4507.330078 -0.013774
4508.370117 -0.018615
4509.399902 -0.020146
4510.439941 -0.015515
4511.479980 -0.012676
4512.520020 -0.014088
4513.560059 -0.016013
4514.600098 -0.017843
4515.640137 -0.019942
4516.680176 -0.018319
4517.720215 -0.016991
4518.759766 -0.018399
4519.799805 -0.017927
4520.839844 -0.013892
4521.879883 -0.010633
4522.919922 -0.012428
4523.959961 -0.015122
4525.009766 -0.013640
4526.049805 -0.015007
4527.089844 -0.018086
4528.129883 -0.020087
4529.169922 -0.022198
4530.220215 -0.021424
4531.259766 -0.014598
4532.299805 -0.009333
4533.350098 -0.007073
4534.390137 -0.012075
4535.439941 -0.020869
4536.479980 -0.021385
4537.529785 -0.012561
4538.569824 -0.003029
4539.620117 -0.003198
4540.660156 -0.009015
4541.709961 -0.014906
4542.750000 -0.015111
4543.799805 -0.012155
4544.850098 -0.010982
4545.890137 -0.012582
4546.939941 -0.013432
4547.990234 -0.011438
4549.029785 -0.013314
4550.080078 -0.016805
4551.129883 -0.018332
4552.180176 -0.013356
4553.220215 -0.010197
4554.270020 -0.016963
4555.319824 -0.022965
4556.370117 -0.024305
4557.419922 -0.020126
4558.470215 -0.013312
4559.520020 -0.010669
4560.569824 -0.012128
4561.620117 -0.011132
4562.669922 -0.011125
4563.720215 -0.015344
4564.770020 -0.023233
4565.819824 -0.026337
4566.870117 -0.022866
4567.930176 -0.015187
4568.979980 -0.008975
4570.029785 -0.007533
4571.080078 -0.013264
4572.140137 -0.019524
4573.189941 -0.021370
4574.240234 -0.015976
4575.290039 -0.008572
4576.350098 -0.007867
4577.399902 -0.009437
4578.459961 -0.010160
4579.509766 -0.012332
4580.569824 -0.017321
4581.620117 -0.019418
4582.680176 -0.016033
4583.729980 -0.014645
4584.790039 -0.015227
4585.839844 -0.017724
4586.899902 -0.017823
4587.950195 -0.013129
4589.009766 -0.009572
4590.069824 -0.006438
4591.120117 -0.007781
4592.180176 -0.014156
4593.240234 -0.018605
4594.299805 -0.016420
4595.359863 -0.014607
4596.410156 -0.016268
4597.470215 -0.015916
4598.529785 -0.012214
4599.589844 -0.010130
4600.649902 -0.012635
4601.709961 -0.014930
4602.770020 -0.014426
4603.830078 -0.010771
4604.890137 -0.010049
4605.950195 -0.013491
4607.009766 -0.017551
4608.069824 -0.013583
4609.129883 -0.006693
4610.189941 -0.004273
4611.250000 -0.007843
4612.319824 -0.013761
4613.379883 -0.016667
4614.439941 -0.017155
4615.500000 -0.015739
4616.569824 -0.014287
4617.629883 -0.013912
4618.689941 -0.014242
4619.759766 -0.015289
4620.819824 -0.015699
4621.879883 -0.014085
4622.950195 -0.011065
4624.009766 -0.010711
4625.080078 -0.013134
4626.140137 -0.014562
4627.209961 -0.012722
4628.270020 -0.010291
4629.339844 -0.011757
4630.410156 -0.014076
4631.470215 -0.011476
4632.540039 -0.008383
4633.609863 -0.010006
4634.669922 -0.013101
4635.740234 -0.012759
4636.810059 -0.009028
4637.879883 -0.010474
4638.939941 -0.013672
4640.009766 -0.013463
4641.080078 -0.011875
4642.149902 -0.006277
4643.220215 -0.002663
4644.290039 -0.003268
4645.359863 -0.005676
4646.430176 -0.009915
4647.500000 -0.015658
4648.569824 -0.019143
4649.640137 -0.016257
4650.709961 -0.009696
4651.779785 -0.005077
4652.850098 -0.001961
4653.919922 -0.001905
4654.990234 -0.008046
4656.069824 -0.013280
4657.140137 -0.017301
4658.209961 -0.013313
4659.279785 -0.005025
4660.359863 0.000081
4661.430176 0.001261
4662.500000 -0.001769
4663.580078 -0.006411
4664.649902 -0.007715
4665.720215 -0.006342
4666.799805 -0.010390
4667.870117 -0.017593
4668.950195 -0.020998
4670.020020 -0.015101
4671.100098 -0.006139
4672.169922 -0.000435
4673.250000 -0.001159
4674.330078 -0.004087
4675.399902 -0.003748
4676.479980 -0.001105
4677.560059 0.003543
4678.629883 -0.000203
4679.709961 -0.004344
4680.790039 -0.007253
4681.870117 -0.007261
4682.950195 -0.004055
4684.020020 0.000313
4685.100098 0.004723
4686.180176 0.009338
4687.259766 0.010936
4688.339844 0.005498
4689.419922 0.000596
4690.500000 -0.002143
4691.580078 -0.003399
4692.660156 -0.006418
4693.740234 -0.006149
4694.819824 -0.003227
4695.899902 0.000655
4696.979980 0.004397
4698.069824 0.001597
4699.149902 -0.004755
4700.229980 -0.007146
4701.310059 -0.005409
4702.399902 -0.006361
4703.479980 -0.009226
4704.560059 -0.008598
4705.640137 -0.002787
4706.729980 0.001454
4707.810059 -0.001390
4708.899902 -0.007693
4709.979980 -0.009736
4711.060059 -0.004388
4712.149902 0.000431
4713.229980 0.000958
4714.319824 -0.003561
4715.410156 -0.008371
4716.490234 -0.009620
4717.580078 -0.006553
4718.660156 -0.003312
4719.750000 -0.001908
4720.839844 -0.002234
4721.930176 -0.004150
4723.009766 -0.006087
4724.100098 -0.006199
4725.189941 -0.001623
4726.279785 0.000988
4727.359863 -0.001689
4728.450195 -0.010197
4729.540039 -0.014960
4730.629883 -0.013833
4731.720215 -0.010037
4732.810059 -0.005187
4733.899902 -0.002359
4734.990234 0.001004
4736.080078 -0.001038
4737.169922 -0.005337
4738.259766 -0.005829
4739.350098 -0.003087
4740.439941 -0.000016
4741.540039 -0.002121
4742.629883 -0.004746
4743.720215 -0.006047
4744.810059 -0.006415
4745.910156 -0.007155
4747.000000 -0.006885
4748.089844 -0.004071
4749.189941 -0.004949
4750.279785 -0.003913
4751.370117 -0.002194
4752.470215 -0.003020
4753.560059 -0.006096
4754.660156 -0.008246
4755.750000 -0.008813
4756.850098 -0.008621
4757.939941 -0.007298
4759.040039 -0.004410
4760.129883 -0.000907
4761.229980 0.000876
4762.330078 -0.002064
4763.419922 -0.006946
4764.520020 -0.009811
4765.620117 -0.010461
4766.709961 -0.010051
4767.810059 -0.009315
4768.910156 -0.005517
4770.009766 0.000569
4771.109863 0.001083
4772.209961 -0.002822
4773.299805 -0.006463
4774.399902 -0.004898
4775.500000 -0.001802
4776.600098 0.000094
4777.700195 0.000260
4778.799805 -0.000592
4779.899902 -0.000893
4781.000000 -0.001900
4782.100098 -0.001608
4783.209961 -0.002408
4784.310059 -0.003715
4785.410156 -0.003099
4786.509766 -0.004191
4787.609863 -0.005023
4788.720215 -0.004819
4789.819824 -0.005303
4790.919922 -0.007054
4792.029785 -0.008026
4793.129883 -0.006497
4794.229980 -0.001448
4795.339844 0.003654
4796.439941 0.003673
4797.549805 -0.000342
4798.649902 -0.005485
4799.759766 -0.009152
4800.859863 -0.010785
4801.970215 -0.007318
4803.069824 -0.000876
4804.180176 0.002418
4805.279785 -0.000881
4806.390137 -0.005312
4807.500000 -0.005423
4808.600098 -0.005778
4809.709961 -0.006239
4810.819824 -0.004810
4811.930176 -0.003144
4813.040039 -0.002168
4814.140137 -0.003005
4815.250000 -0.002777
4816.359863 -0.003474
4817.470215 -0.002317
4818.580078 0.000539
4819.689941 0.001034
4820.799805 0.000578
4821.910156 0.001195
4823.020020 -0.000648
4824.129883 -0.006513
4825.240234 -0.009869
4826.350098 -0.004653
4827.459961 0.000511
4828.580078 0.000710
4829.689941 -0.001543
4830.799805 -0.001479
4831.910156 -0.001250
4833.029785 -0.003121
4834.140137 -0.004219
4835.250000 -0.001178
4836.370117 0.003298
4837.479980 0.004279
4838.589844 0.003067
4839.709961 -0.001292
4840.819824 -0.005026
4841.939941 -0.004287
4843.049805 -0.001565
4844.169922 -0.001012
4845.279785 0.000166
4846.399902 0.002973
4847.509766 0.005562
4848.629883 0.000857
4849.750000 -0.002513
4850.859863 0.000934
4851.979980 0.006546
4853.100098 0.011626
4854.220215 0.010012
4855.330078 0.008518
4856.450195 0.004747
4857.569824 -0.000889
4858.689941 -0.023043
4859.810059 -0.064256
4860.930176 -0.051306
4862.049805 0.020816
4863.169922 0.026320
4864.290039 -0.045727
4865.410156 -0.066571
4866.529785 -0.023326
4867.649902 0.007706
4868.770020 0.014686
4869.890137 0.013567
4871.009766 0.007263
4872.129883 -0.002177
4873.250000 -0.006498
4874.379883 -0.002449
4875.500000 0.002736
4876.620117 0.003413
4877.750000 0.002781
4878.870117 0.004108
4879.990234 0.007310
4881.120117 0.008744
4882.240234 0.005585
4883.359863 0.002460
4884.490234 0.003321
4885.609863 0.001899
4886.740234 -0.002266
4887.859863 -0.001286
4888.990234 0.000223
4890.120117 -0.002605
4891.240234 -0.007720
4892.370117 -0.011992
4893.490234 -0.008317
4894.620117 0.001478
4895.750000 0.008107
4896.879883 0.011123
4898.000000 0.010141
4899.129883 0.004726
4900.259766 -0.000729
4901.390137 -0.001901
4902.520020 -0.002611
4903.649902 -0.003660
4904.770020 -0.003751
4905.899902 -0.000792
4907.029785 0.005513
4908.160156 0.007617
4909.290039 0.001011
4910.430176 -0.005704
4911.560059 -0.008759
4912.689941 -0.007610
4913.819824 -0.001667
4914.950195 0.006642
4916.080078 0.011510
4917.209961 0.011032
4918.350098 0.005940
4919.479980 -0.007681
4920.609863 -0.017994
4921.740234 -0.017328
4922.879883 -0.008568
4924.009766 -0.001467
4925.149902 -0.002055
4926.279785 -0.002781
4927.410156 0.002108
4928.549805 0.005817
4929.680176 0.006711
4930.819824 0.008307
4931.950195 0.008154
4933.089844 0.001398
4934.229980 -0.006733
4935.359863 -0.006016
4936.500000 -0.000461
4937.640137 -0.000619
4938.770020 -0.006169
4939.910156 -0.011701
4941.049805 -0.008262
4942.189941 0.002060
4943.319824 0.008173
4944.459961 0.009075
4945.600098 0.006726
4946.740234 0.002923
4947.879883 0.000231
4949.020020 0.002102
4950.160156 0.006901
4951.299805 0.010581
4952.439941 0.015514
4953.580078 0.021454
4954.720215 0.028781
4955.859863 0.039508
4957.000000 0.045772
4958.140137 0.022652
4959.290039 -0.028594
4960.430176 -0.029548
4961.569824 0.033009
4962.709961 0.069734
4963.850098 0.059614
4965.000000 0.039156
4966.140137 0.020825
4967.290039 0.010465
4968.430176 0.006199
4969.569824 0.004041
4970.720215 0.004194
4971.859863 0.005075
4973.009766 0.004120
4974.149902 0.006633
4975.299805 0.009791
4976.439941 0.011494
4977.589844 0.009084
4978.740234 0.006713
4979.879883 0.005552
4981.029785 0.004659
4982.180176 0.002289
4983.319824 -0.003785
4984.470215 -0.008376
4985.620117 -0.008029
4986.770020 0.000468
4987.919922 0.009145
4989.060059 0.012437
4990.209961 0.011846
4991.359863 0.007087
4992.509766 0.005290
4993.660156 0.009011
4994.810059 0.010834
4995.959961 0.015141
4997.109863 0.022140
4998.259766 0.029435
4999.410156 0.035684
5000.560059 0.043411
5001.720215 0.054213
5002.870117 0.076379
5004.020020 0.115913
5005.169922 0.152033
5006.330078 0.089939
5007.479980 -0.068144
5008.629883 -0.062780
5009.790039 0.122300
5010.939941 0.196032
5012.089844 0.148825
5013.250000 0.090790
5014.399902 0.051913
5015.560059 0.030919
5016.709961 0.023427
5017.870117 0.020490
5019.020020 0.013687
5020.180176 0.010478
5021.330078 0.009870
5022.490234 0.006050
5023.649902 0.003938
5024.799805 0.006253
5025.959961 0.009301
5027.120117 0.007407
5028.279785 0.000614
5029.430176 -0.000452
5030.589844 0.002227
5031.750000 0.006902
5032.910156 0.009853
5034.069824 0.012646
5035.229980 0.011827
5036.390137 0.005443
5037.549805 0.000173
5038.709961 0.003421
5039.870117 0.002550
5041.029785 -0.006945
5042.189941 -0.014215
5043.350098 -0.010945
5044.509766 0.001806
5045.669922 0.012579
5046.830078 0.017124
5048.000000 0.015905
5049.160156 0.005733
5050.319824 -0.003803
5051.490234 -0.004310
5052.649902 -0.003595
5053.810059 -0.002652
5054.979980 0.003108
5056.140137 0.006981
5057.299805 0.005267
5058.470215 0.003736
5059.629883 0.003249
5060.799805 0.004519
5061.959961 0.008509
5063.129883 0.009882
5064.299805 0.007835
5065.459961 -0.000776
5066.629883 -0.006880
5067.799805 -0.002487
5068.959961 0.000875
5070.129883 0.003072
5071.299805 0.006060
5072.470215 0.005675
5073.629883 0.002575
5074.799805 0.002285
5075.970215 0.006640
5077.140137 0.009044
5078.310059 0.009029
5079.479980 0.005340
5080.649902 -0.004650
5081.819824 -0.008717
5082.990234 -0.002822
5084.160156 0.002428
5085.330078 0.003929
5086.500000 0.007858
5087.669922 0.008341
5088.839844 0.006275
5090.020020 0.005502
5091.189941 0.004583
5092.359863 0.004733
5093.529785 0.009677
5094.709961 0.011526
5095.879883 0.011869
5097.049805 0.008301
5098.229980 0.001173
5099.399902 -0.005923
5100.569824 -0.006688
5101.750000 0.001056
5102.919922 0.010016
5104.100098 0.011401
5105.270020 0.008974
5106.450195 0.007597
5107.629883 0.003873
5108.799805 0.000612
5109.979980 0.000100
5111.160156 -0.000656
5112.330078 0.001101
5113.509766 0.004656
5114.689941 0.008183
5115.870117 0.007603
5117.040039 0.005651
5118.220215 0.009217
5119.399902 0.011415
5120.580078 0.009997
5121.759766 0.008087
5122.939941 0.004878
5124.120117 -0.000447
5125.299805 -0.003191
5126.479980 -0.000691
5127.660156 0.002090
5128.839844 0.003036
5130.020020 0.003623
5131.200195 0.004345
5132.379883 0.005540
5133.569824 0.006273
5134.750000 0.006789
5135.930176 0.009723
5137.109863 0.010347
5138.299805 0.003828
5139.479980 -0.003723
5140.660156 -0.002513
5141.850098 0.001571
5143.029785 0.002566
5144.209961 0.002502
5145.399902 0.005175
5146.580078 0.006092
5147.770020 0.005719
5148.959961 0.005196
5150.140137 0.006097
5151.330078 0.007101
5152.509766 0.005212
5153.700195 0.002640
5154.890137 0.001956
5156.069824 0.003276
5157.259766 0.009142
5158.450195 0.014376
5159.640137 0.016085
5160.819824 0.012417
5162.009766 0.013193
5163.200195 0.014135
5164.390137 0.014883
5165.580078 0.016073
5166.770020 0.008148
5167.959961 -0.006648
5169.149902 -0.009904
5170.339844 0.001401
5171.529785 0.009666
5172.720215 0.001114
5173.910156 -0.012375
5175.100098 -0.004752
5176.299805 0.013612
5177.490234 0.022614
5178.680176 0.027035
5179.870117 0.027136
5181.069824 0.023764
5182.259766 0.015124
5183.450195 -0.002838
5184.649902 -0.017061
5185.839844 -0.013975
5187.029785 0.006217
5188.229980 0.018235
5189.419922 0.016900
5190.620117 0.016774
5191.810059 0.011285
5193.009766 -0.001793
5194.209961 -0.007908
5195.399902 -0.006041
5196.600098 -0.004488
5197.790039 0.000714
5198.990234 0.006482
5200.189941 0.010143
5201.390137 0.013296
5202.580078 0.010664
5203.779785 0.004539
5204.979980 -0.001009
5206.180176 -0.004836
5207.379883 -0.007712
5208.580078 -0.009030
5209.779785 -0.007459
5210.979980 -0.004155
5212.180176 0.001921
5213.379883 0.011063
5214.580078 0.013152
5215.779785 0.004875
5216.979980 -0.004071
5218.180176 -0.005246
5219.379883 0.000347
5220.580078 0.005383
5221.790039 0.007587
5222.990234 0.008528
5224.189941 0.006068
5225.390137 -0.002481
5226.600098 -0.013531
5227.799805 -0.018890
5229.009766 -0.015994
5230.209961 -0.002308
5231.410156 0.009226
5232.620117 0.008090
5233.819824 0.000778
5235.029785 -0.006328
5236.229980 -0.007790
5237.439941 -0.001382
5238.649902 0.003293
5239.850098 0.005044
5241.060059 0.002070
5242.270020 -0.000326
5243.470215 -0.000898
5244.680176 0.001083
5245.890137 0.004433
5247.100098 0.002675
5248.310059 -0.003967
5249.509766 -0.005766
5250.720215 -0.006545
5251.930176 -0.006782
5253.140137 -0.003829
5254.350098 -0.002929
5255.560059 -0.004790
5256.770020 -0.004312
5257.979980 0.001506
5259.189941 0.009279
5260.399902 0.014639
5261.620117 0.009801
5262.830078 0.004443
5264.040039 -0.004834
5265.250000 -0.014380
5266.459961 -0.013010
5267.680176 -0.006711
5268.890137 -0.000934
5270.100098 -0.008014
5271.319824 -0.016113
5272.529785 -0.008118
5273.740234 0.002651
5274.959961 0.004364
5276.169922 -0.002956
5277.390137 -0.004365
5278.600098 0.003560
5279.819824 0.010755
5281.040039 0.006385
5282.250000 -0.004004
5283.470215 -0.012442
5284.680176 -0.013878
5285.899902 -0.007746
5287.120117 0.000278
5288.339844 0.003776
5289.549805 0.002306
5290.770020 0.000696
5291.990234 0.001403
5293.209961 0.001599
5294.430176 -0.000244
5295.649902 0.000030
5296.870117 -0.003470
5298.089844 -0.014556
5299.310059 -0.018576
5300.529785 -0.012730
5301.750000 -0.006061
5302.970215 -0.005787
5304.189941 -0.005393
5305.410156 -0.001409
5306.629883 0.001456
5307.859863 -0.001146
5309.080078 -0.004814
5310.299805 -0.003799
5311.520020 -0.000564
5312.750000 -0.000509
5313.970215 -0.002309
5315.189941 -0.004414
5316.419922 -0.006953
5317.640137 -0.007433
5318.870117 -0.006219
5320.089844 -0.003843
5321.319824 -0.001631
5322.540039 0.000047
5323.770020 -0.000461
5324.990234 -0.002852
5326.220215 -0.004542
5327.450195 -0.004659
5328.669922 -0.014246
5329.899902 -0.021917
5331.129883 -0.013219
5332.359863 -0.002019
5333.580078 0.002780
5334.810059 0.002711
5336.040039 0.004290
5337.270020 0.003509
5338.500000 0.000950
5339.729980 -0.001700
5340.959961 -0.009071
5342.189941 -0.012387
5343.419922 -0.006331
5344.649902 0.000625
5345.879883 0.001444
5347.109863 -0.001046
5348.339844 -0.004903
5349.569824 -0.008000
5350.799805 -0.010969
5352.040039 -0.008713
5353.270020 -0.002629
5354.500000 -0.001527
5355.729980 -0.001906
5356.970215 0.000456
5358.200195 0.001489
5359.439941 -0.001744
5360.669922 -0.001230
5361.899902 -0.002207
5363.140137 -0.004487
5364.370117 -0.006795
5365.609863 -0.007984
5366.850098 -0.005754
5368.080078 -0.002674
5369.319824 -0.003264
5370.549805 -0.009689
5371.790039 -0.017092
5373.029785 -0.016356
5374.270020 -0.007682
5375.500000 0.002309
5376.740234 0.005194
5377.979980 0.001808
5379.220215 -0.000755
5380.459961 -0.000229
5381.700195 -0.004687
5382.930176 -0.008301
5384.169922 -0.008283
5385.410156 -0.005835
5386.649902 -0.003096
5387.890137 -0.000475
5389.140137 -0.000500
5390.379883 -0.003612
5391.620117 -0.006169
5392.859863 -0.007676
5394.100098 -0.005121
5395.339844 -0.004481
5396.589844 -0.006079
5397.830078 -0.009531
5399.069824 -0.010753
5400.310059 -0.005053
5401.560059 0.002056
5402.799805 0.005204
5404.049805 0.000878
5405.290039 -0.008196
5406.540039 -0.013403
5407.779785 -0.011656
5409.029785 -0.006825
5410.270020 -0.005733
5411.520020 -0.009033
5412.759766 -0.006171
5414.009766 -0.000343
5415.259766 -0.000368
5416.500000 -0.001612
5417.750000 0.000074
5419.000000 0.000362
5420.250000 -0.002363
5421.500000 -0.003683
5422.740234 -0.003237
5423.990234 -0.005336
5425.240234 -0.006802
5426.490234 -0.004771
5427.740234 0.000607
5428.990234 0.000224
5430.240234 -0.006295
5431.490234 -0.011115
5432.740234 -0.008647
5433.990234 -0.007352
5435.240234 -0.009813
5436.500000 -0.009854
5437.750000 -0.009140
5439.000000 -0.006333
5440.250000 0.000397
5441.509766 0.004990
5442.759766 0.005667
5444.009766 0.003925
5445.270020 -0.001153
5446.520020 -0.009429
5447.770020 -0.016984
5449.029785 -0.015210
5450.279785 -0.003375
5451.540039 0.003763
5452.790039 0.003944
5454.049805 0.000754
5455.310059 -0.006229
5456.560059 -0.012764
5457.819824 -0.012178
5459.080078 -0.001588
5460.330078 0.005051
5461.589844 0.004347
5462.850098 -0.002598
5464.109863 -0.008640
5465.359863 -0.006989
5466.620117 -0.003152
5467.879883 -0.000572
5469.140137 0.002080
5470.399902 0.002474
5471.660156 0.001662
5472.919922 -0.000331
5474.180176 -0.000768
5475.439941 -0.002139
5476.700195 -0.007102
5477.959961 -0.010315
5479.220215 -0.006992
5480.490234 -0.001213
5481.750000 -0.002381
5483.009766 -0.005899
5484.270020 -0.003676
5485.540039 0.001085
5486.799805 0.002591
5488.060059 -0.001096
5489.330078 -0.003393
5490.589844 -0.002618
5491.859863 -0.001948
5493.120117 -0.001226
5494.379883 -0.001719
5495.649902 -0.002566
5496.919922 -0.000027
5498.180176 -0.002452
5499.450195 -0.002513
5500.709961 -0.000377
5501.979980 0.000296
5503.250000 -0.000869
5504.520020 -0.003795
5505.779785 -0.003920
5507.049805 -0.003566
5508.319824 -0.004411
5509.589844 -0.000730
5510.859863 0.001934
5512.129883 -0.000291
5513.390137 -0.004122
5514.660156 -0.006898
5515.930176 -0.006118
5517.200195 -0.003928
5518.479980 -0.001332
5519.750000 0.003631
5521.020020 0.004487
5522.290039 0.000102
5523.560059 -0.000998
5524.830078 0.001794
5526.100098 0.001093
5527.379883 -0.001663
5528.649902 -0.007507
5529.919922 -0.008352
5531.200195 -0.003533
5532.470215 0.001253
5533.740234 0.002127
5535.020020 0.000484
5536.290039 -0.003221
5537.569824 -0.003935
5538.839844 -0.002159
5540.120117 -0.002058
5541.390137 0.001012
5542.669922 0.000137
5543.950195 -0.005133
5545.220215 -0.004797
5546.500000 -0.004140
5547.779785 -0.004087
5549.060059 -0.002197
5550.330078 0.000871
5551.609863 0.002303
5552.890137 -0.000709
5554.169922 -0.003058
5555.450195 -0.003614
5556.729980 -0.003436
5558.009766 -0.002452
5559.290039 -0.003566
5560.569824 -0.002148
5561.850098 -0.001969
5563.129883 -0.002192
5564.410156 -0.003339
5565.689941 -0.004201
5566.970215 -0.001910
5568.250000 -0.004235
5569.540039 -0.005393
5570.819824 -0.002307
5572.100098 -0.002389
5573.390137 -0.005442
5574.669922 -0.004323
5575.950195 -0.002943
5577.240234 -0.001743
5578.520020 0.002065
5579.810059 0.000992
5581.089844 0.000352
5582.379883 0.001690
5583.660156 0.002180
5584.950195 0.001996
5586.229980 0.001598
5587.520020 -0.003386
5588.810059 -0.009254
5590.089844 -0.009099
5591.379883 -0.004397
5592.669922 0.000014
5593.959961 0.000378
5595.240234 -0.001240
5596.529785 0.000385
5597.819824 0.002985
5599.109863 0.002191
5600.399902 -0.002851
5601.689941 -0.005564
5602.979980 -0.008786
5604.270020 -0.008875
5605.560059 -0.004969
5606.850098 -0.000218
5608.140137 0.003537
5609.430176 0.002274
5610.729980 -0.000007
5612.020020 0.002669
5613.310059 0.003512
5614.600098 0.000120
5615.899902 -0.006739
5617.189941 -0.012356
5618.479980 -0.010548
5619.779785 -0.003238
5621.069824 0.000639
5622.370117 0.001057
5623.660156 0.002839
5624.959961 -0.001098
5626.250000 -0.004069
5627.549805 -0.005514
5628.839844 -0.000836
5630.140137 0.003869
5631.439941 0.004043
5632.729980 0.003932
5634.029785 0.003885
5635.330078 0.000908
5636.620117 -0.000324
5637.919922 -0.002931
5639.220215 -0.002579
5640.520020 0.000119
5641.819824 -0.001836
5643.120117 -0.002824
5644.419922 -0.001291
5645.720215 -0.000570
5647.020020 -0.000421
5648.319824 0.001200
5649.620117 0.001725
5650.919922 -0.000848
5652.220215 0.000408
5653.520020 0.003637
5654.819824 0.001848
5656.129883 -0.001084
5657.430176 -0.002237
5658.729980 -0.004682
5660.029785 -0.007889
5661.339844 -0.006512
5662.640137 -0.004373
5663.950195 -0.003555
5665.250000 -0.001146
5666.549805 0.000732
5667.859863 0.002145
5669.169922 -0.001358
5670.470215 -0.004194
5671.779785 -0.003020
5673.080078 -0.000613
5674.390137 0.001517
5675.700195 0.002248
5677.000000 0.002964
5678.310059 0.002616
5679.620117 0.001520
5680.930176 0.002254
5682.229980 0.000900
5683.540039 -0.002058
5684.850098 0.000478
5686.160156 -0.000305
5687.470215 0.000068
5688.779785 -0.001040
5690.089844 -0.002091
5691.399902 0.000211
5692.709961 0.000998
5694.020020 0.003037
5695.330078 0.002044
5696.640137 0.002529
5697.959961 0.001978
5699.270020 0.000969
5700.580078 -0.000417
5701.890137 -0.002719
5703.209961 -0.002521
5704.520020 0.000981
5705.830078 0.002412
5707.149902 0.001019
5708.459961 -0.002394
5709.779785 -0.005034
5711.089844 -0.005873
5712.410156 -0.005581
5713.720215 -0.002324
5715.040039 0.001088
5716.350098 0.003216
5717.669922 0.002745
5718.990234 0.001921
5720.299805 0.002146
5721.620117 0.002643
5722.939941 0.004959
5724.259766 0.005677
5725.569824 0.004258
5726.890137 0.001012
5728.209961 -0.001356
5729.529785 -0.001571
5730.850098 -0.000518
5732.169922 -0.000742
5733.490234 -0.001033
5734.810059 0.001461
5736.129883 0.002375
5737.450195 0.001583
5738.770020 0.000554
5740.100098 -0.000741
5741.419922 -0.000035
5742.740234 -0.001033
5744.060059 0.000040
5745.379883 0.000763
5746.709961 0.002382
5748.029785 0.001613
5749.350098 0.000271
5750.680176 0.001771
5752.000000 0.002576
5753.330078 -0.000453
5754.649902 -0.003421
5755.979980 -0.002421
5757.299805 0.002593
5758.629883 0.005965
5759.959961 0.006964
5761.279785 0.002234
5762.609863 -0.004184
5763.939941 -0.004797
5765.259766 -0.002144
5766.589844 0.001666
5767.919922 0.005359
5769.250000 0.005539
5770.580078 0.003337
5771.899902 0.001794
5773.229980 0.001206
5774.560059 0.001531
5775.890137 0.001105
5777.220215 0.003787
5778.549805 0.007054
5779.879883 0.005981
5781.209961 0.002837
5782.549805 0.000134
5783.879883 -0.000534
5785.209961 -0.000655
5786.540039 -0.000329
5787.870117 0.001570
5789.209961 0.003032
5790.540039 0.006301
5791.870117 0.004292
5793.209961 0.001086
5794.540039 0.004209
5795.879883 0.003983
5797.209961 0.002800
5798.549805 0.000737
5799.879883 -0.001101
5801.220215 0.001727
5802.549805 0.005849
5803.890137 0.003913
5805.229980 0.001100
5806.560059 0.001066
5807.899902 0.000015
5809.240234 -0.000428
5810.569824 0.001704
5811.910156 0.003628
5813.250000 0.003376
5814.589844 0.003692
5815.930176 0.001858
5817.270020 -0.001733
5818.609863 -0.002354
5819.950195 0.001664
5821.290039 0.004680
5822.629883 0.004270
5823.970215 0.002556
5825.310059 0.002434
5826.649902 0.000992
5827.990234 0.001790
5829.339844 0.004547
5830.680176 0.002964
5832.020020 0.002853
5833.359863 0.002365
5834.709961 0.002052
5836.049805 0.000427
5837.399902 0.001597
5838.740234 0.001340
5840.080078 0.002157
5841.430176 0.003400
5842.770020 0.004652
5844.120117 0.006046
5845.470215 0.005944
5846.810059 0.002739
5848.160156 0.001511
5849.500000 0.001942
5850.850098 0.003826
5852.200195 0.005550
5853.549805 0.004680
5854.890137 0.003635
5856.240234 0.003243
5857.589844 0.001015
5858.939941 -0.001413
5860.290039 -0.000863
5861.640137 0.002962
5862.990234 0.006140
5864.339844 0.006235
5865.689941 0.005306
5867.040039 0.004419
5868.390137 0.004580
5869.740234 0.005070
5871.089844 0.006539
5872.450195 0.005547
5873.799805 0.001648
5875.149902 0.002918
5876.500000 0.008767
5877.859863 0.011588
5879.209961 0.006931
5880.569824 0.004041
5881.919922 0.005852
5883.270020 0.013470
5884.629883 0.017076
5885.979980 0.022915
5887.339844 0.029423
5888.700195 0.029267
5890.049805 0.024649
5891.410156 0.021578
5892.759766 0.025005
5894.120117 0.030991
5895.479980 0.031575
5896.839844 0.026441
5898.189941 0.021799
5899.549805 0.022113
5900.910156 0.022197
5902.270020 0.020880
5903.629883 0.019018
5904.990234 0.014634
5906.350098 0.010556
5907.709961 0.008676
5909.069824 0.008428
5910.430176 0.007688
5911.790039 0.009849
5913.149902 0.009610
5914.509766 0.005812
5915.879883 0.004289
5917.240234 0.003096
5918.600098 0.003991
5919.959961 0.007248
5921.330078 0.008075
5922.689941 0.006061
5924.060059 0.004526
5925.419922 0.005458
5926.779785 0.006760
5928.149902 0.006248
5929.509766 0.004336
5930.879883 0.002396
5932.250000 0.003253
5933.609863 0.004814
5934.979980 0.004380
5936.339844 0.004612
5937.709961 0.004688
5939.080078 0.005501
5940.450195 0.006071
5941.810059 0.006278
5943.180176 0.004323
5944.549805 0.003916
5945.919922 0.005580
5947.290039 0.007565
5948.660156 0.006137
5950.029785 0.003381
5951.399902 0.003419
5952.770020 0.004343
5954.140137 0.003654
5955.509766 0.005006
5956.879883 0.004594
5958.250000 0.003392
5959.629883 0.003777
5961.000000 0.004478
5962.370117 0.006226
5963.750000 0.006581
5965.120117 0.006055
5966.490234 0.004145
5967.870117 0.003293
5969.240234 0.003617
5970.620117 0.006135
5971.990234 0.007015
5973.370117 0.007137
5974.740234 0.008777
5976.120117 0.005726
5977.490234 0.001347
5978.870117 0.001494
5980.250000 0.002946
5981.620117 0.006512
5983.000000 0.006774
5984.379883 0.003874
5985.759766 0.001652
5987.140137 0.001842
5988.509766 0.004159
5989.890137 0.006608
5991.270020 0.006009
5992.649902 0.005946
5994.029785 0.006158
5995.410156 0.006218
5996.790039 0.006672
5998.169922 0.005614
5999.560059 0.004141
6000.939941 0.005101
6002.319824 0.006566
6003.700195 0.006522
6005.080078 0.005930
6006.470215 0.005542
6007.850098 0.005124
6009.229980 0.002865
6010.620117 0.002879
6012.000000 0.006557
6013.390137 0.006932
6014.770020 0.005021
6016.160156 0.005367
6017.540039 0.006013
6018.930176 0.006104
6020.310059 0.004555
6021.700195 0.003684
6023.089844 0.003992
6024.470215 0.003201
6025.859863 0.002699
6027.250000 0.003849
6028.640137 0.005531
6030.020020 0.005705
6031.410156 0.005165
6032.799805 0.004973
6034.189941 0.004223
6035.580078 0.005636
6036.970215 0.006098
6038.359863 0.005397
6039.750000 0.004838
6041.140137 0.003954
6042.529785 0.003625
6043.930176 0.003531
6045.319824 0.004510
6046.709961 0.005131
6048.100098 0.005671
6049.490234 0.004887
6050.890137 0.005345
6052.279785 0.006250
6053.669922 0.004579
6055.069824 0.003322
6056.459961 0.001640
6057.859863 0.001721
6059.250000 0.003318
6060.649902 0.005618
6062.040039 0.006812
6063.439941 0.006212
6064.839844 0.003009
6066.229980 -0.000078
6067.629883 -0.000340
6069.029785 0.003268
6070.419922 0.007755
6071.819824 0.007354
6073.220215 0.005785
6074.620117 0.008180
6076.020020 0.007414
6077.419922 0.006303
6078.819824 0.005259
6080.220215 0.004285
6081.620117 0.003116
6083.020020 0.003550
6084.419922 0.004256
6085.819824 0.005317
6087.220215 0.007628
6088.620117 0.008290
6090.029785 0.008619
6091.430176 0.007115
6092.830078 0.003581
6094.229980 0.003430
6095.640137 0.006451
6097.040039 0.006295
6098.439941 0.005167
6099.850098 0.006578
6101.250000 0.006776
6102.660156 0.002191
6104.060059 -0.001937
6105.470215 -0.000526
6106.879883 0.003974
6108.279785 0.006503
6109.689941 0.005606
6111.100098 0.004796
6112.500000 0.004401
6113.910156 0.005483
6115.319824 0.005181
6116.729980 0.006105
6118.140137 0.007443
6119.540039 0.006308
6120.950195 0.003754
6122.359863 0.000216
6123.770020 -0.000678
6125.180176 0.001831
6126.589844 0.005398
6128.000000 0.005612
6129.419922 0.002760
6130.830078 0.004401
6132.240234 0.007275
6133.649902 0.009851
6135.060059 0.008880
6136.479980 0.002753
6137.890137 -0.004316
6139.299805 -0.006477
6140.720215 -0.000395
6142.129883 0.004122
6143.549805 0.004633
6144.959961 0.005702
6146.379883 0.007951
6147.790039 0.007549
6149.209961 0.005186
6150.620117 0.004056
6152.040039 0.003980
6153.459961 0.005919
6154.870117 0.006857
6156.290039 0.005830
6157.709961 0.006044
6159.129883 0.008487
6160.540039 0.008690
6161.959961 0.003446
6163.379883 -0.002766
6164.799805 -0.003180
6166.220215 0.003134
6167.640137 0.008650
6169.060059 0.008133
6170.479980 0.004064
6171.899902 0.001225
6173.319824 0.003667
6174.750000 0.007282
6176.169922 0.007651
6177.589844 0.006459
6179.009766 0.005957
6180.439941 0.006021
6181.859863 0.007001
6183.279785 0.007716
6184.709961 0.008784
6186.129883 0.008295
6187.560059 0.006567
6188.979980 0.005662
6190.410156 0.003684
6191.830078 -0.000245
6193.259766 -0.001090
6194.680176 0.001945
6196.109863 0.007120
6197.540039 0.010029
6198.959961 0.008920
6200.390137 0.005811
6201.819824 0.002165
6203.250000 0.003857
6204.680176 0.006286
6206.100098 0.006623
6207.529785 0.007150
6208.959961 0.008336
6210.390137 0.008329
6211.819824 0.007969
6213.250000 0.006885
6214.680176 0.002915
6216.120117 0.000936
6217.549805 0.003249
6218.979980 0.005459
6220.410156 0.004636
6221.839844 0.003412
6223.279785 0.005360
6224.709961 0.008631
6226.140137 0.009901
6227.580078 0.008965
6229.009766 0.008437
6230.450195 0.004937
6231.879883 -0.000124
6233.310059 -0.000849
6234.750000 0.004221
6236.189941 0.009710
6237.620117 0.011346
6239.060059 0.008683
6240.500000 0.005494
6241.930176 0.004385
6243.370117 0.004121
6244.810059 0.004569
6246.250000 0.003753
6247.680176 0.003377
6249.120117 0.007141
6250.560059 0.009778
6252.000000 0.009210
6253.439941 0.006074
6254.879883 0.003049
6256.319824 0.002883
6257.759766 0.003426
6259.200195 0.000904
6260.649902 0.002168
6262.089844 0.005149
6263.529785 0.006925
6264.970215 0.007872
6266.410156 0.005339
6267.859863 0.003553
6269.299805 0.004362
6270.740234 0.003978
6272.189941 0.003921
6273.629883 0.005037
6275.080078 0.006219
6276.520020 0.005544
6277.970215 0.006167
6279.410156 0.006428
6280.859863 0.004369
6282.310059 0.002673
6283.750000 0.003395
6285.200195 0.003793
6286.649902 0.004113
6288.089844 0.006337
6289.540039 0.009249
6290.990234 0.008216
6292.439941 0.006044
6293.890137 0.005286
6295.339844 0.005540
6296.790039 0.004797
6298.240234 0.001138
6299.689941 0.004437
6301.140137 0.016958
6302.589844 0.019079
6304.040039 0.007683
6305.490234 0.001467
6306.950195 0.003160
6308.399902 0.007144
6309.850098 0.008792
6311.299805 0.009079
6312.759766 0.006599
6314.209961 0.004812
6315.669922 0.004188
6317.120117 0.002142
6318.569824 -0.000218
6320.029785 0.000145
6321.479980 0.002556
6322.939941 0.004137
6324.399902 0.005043
6325.850098 0.006375
6327.310059 0.004494
6328.770020 0.003540
6330.220215 0.003846
6331.680176 0.003693
6333.140137 0.004752
6334.600098 0.005407
6336.060059 0.002248
6337.520020 -0.001885
6338.979980 -0.001960
6340.439941 0.001087
6341.899902 0.003544
6343.359863 0.003249
6344.819824 0.002427
6346.279785 0.001656
6347.740234 0.002529
6349.200195 0.004165
6350.660156 0.006360
6352.129883 0.008008
6353.589844 0.007151
6355.049805 0.004444
6356.520020 0.003892
6357.979980 0.004547
6359.439941 0.003734
6360.910156 0.001855
6362.370117 0.000350
6363.839844 0.002912
6365.299805 0.007056
6366.770020 0.007309
6368.229980 0.005280
6369.700195 0.004207
6371.169922 0.004816
6372.640137 0.004491
6374.100098 0.004784
6375.569824 0.005812
6377.040039 0.004314
6378.509766 0.003250
6379.979980 0.000784
6381.450195 -0.000107
6382.919922 0.000471
6384.390137 0.001514
6385.859863 0.002249
6387.330078 0.001868
6388.799805 0.003110
6390.270020 0.003531
6391.740234 0.003493
6393.209961 0.001671
6394.680176 -0.002642
6396.160156 -0.002284
6397.629883 0.000916
6399.100098 0.003905
6400.580078 -0.000334
6402.049805 -0.003942
6403.520020 -0.000436
6405.000000 0.004722
6406.470215 0.005390
6407.950195 0.002568
6409.430176 0.000049
6410.899902 0.000451
6412.379883 0.002137
6413.850098 0.001753
6415.330078 0.000778
6416.810059 0.001865
6418.290039 0.002802
6419.759766 0.000926
6421.240234 -0.002313
6422.720215 -0.002752
6424.200195 0.000661
6425.680176 0.002887
6427.160156 0.004376
6428.640137 0.005657
6430.120117 0.001751
6431.600098 -0.002870
6433.080078 -0.003806
6434.560059 -0.000414
6436.049805 0.003767
6437.529785 0.004503
6439.009766 0.000573
6440.490234 -0.003506
6441.979980 -0.001289
6443.459961 0.002126
6444.939941 0.004097
6446.430176 0.006203
6447.910156 0.005477
6449.399902 0.000314
6450.879883 -0.005412
6452.370117 -0.005516
6453.850098 -0.000322
6455.339844 0.003217
6456.830078 0.001882
6458.310059 0.001254
6459.799805 0.003936
6461.290039 0.005201
6462.779785 0.001362
6464.259766 -0.004600
6465.750000 -0.003802
6467.240234 0.001053
6468.729980 0.003515
6470.220215 0.001944
6471.709961 -0.000924
6473.200195 -0.001892
6474.689941 0.000251
6476.180176 0.000538
6477.669922 0.000611
6479.169922 0.002735
6480.660156 0.002553
6482.149902 -0.000023
6483.640137 -0.002156
6485.140137 -0.001000
6486.629883 0.002524
6488.120117 0.006162
6489.620117 0.006807
6491.109863 0.006150
6492.609863 0.005581
6494.100098 0.001751
6495.600098 -0.004770
6497.089844 -0.008742
6498.589844 -0.007154
6500.089844 -0.002545
6501.580078 0.001016
6503.080078 0.003217
6504.580078 0.005641
6506.080078 0.006328
6507.569824 0.004959
6509.069824 0.003952
6510.569824 0.002919
6512.069824 0.002351
6513.569824 0.002893
6515.069824 0.002869
6516.569824 0.001239
6518.069824 0.000453
6519.569824 -0.000095
6521.069824 0.000879
6522.580078 0.003350
6524.080078 0.004788
6525.580078 0.004132
6527.080078 0.002786
6528.589844 0.002488
6530.089844 0.002710
6531.589844 0.004511
6533.100098 0.004289
6534.600098 0.002050
6536.109863 0.004677
6537.609863 0.005772
6539.120117 0.006021
6540.620117 0.007543
6542.129883 0.008158
6543.640137 0.003068
6545.140137 -0.013321
6546.649902 -0.018009
6548.160156 0.024055
6549.669922 0.073283
6551.169922 0.055416
6552.680176 0.003688
6554.189941 -0.007963
6555.700195 0.004613
6557.209961 -0.001500
6558.720215 -0.065971
6560.229980 -0.215568
6561.740234 -0.264693
6563.250000 -0.017076
6564.759766 0.173170
6566.279785 -0.049797
6567.790039 -0.270559
6569.299805 -0.190616
6570.810059 -0.048087
6572.330078 0.007972
6573.839844 0.017007
6575.350098 0.016330
6576.870117 0.014269
6578.379883 0.007759
6579.899902 -0.024505
6581.410156 -0.066005
6582.930176 0.000199
6584.439941 0.171486
6585.959961 0.198553
6587.479980 0.034689
6588.990234 -0.065029
6590.509766 -0.034261
6592.029785 0.002463
6593.549805 0.007211
6595.060059 0.002671
6596.580078 0.002739
6598.100098 0.005562
6599.620117 0.005230
6601.140137 0.004643
6602.660156 0.006720
6604.180176 0.006678
6605.700195 0.004072
6607.220215 0.001698
6608.750000 -0.000049
6610.270020 -0.001523
6611.790039 -0.000641
6613.310059 0.002182
6614.839844 0.003471
6616.359863 0.004200
6617.879883 0.002759
6619.410156 0.002224
6620.930176 0.003612
6622.459961 0.003685
6623.979980 0.002686
6625.509766 0.000400
6627.029785 -0.000780
6628.560059 0.000884
6630.080078 0.003124
6631.609863 0.003352
6633.140137 0.001303
6634.669922 -0.000870
6636.189941 -0.000450
6637.720215 0.000778
6639.250000 0.003816
6640.779785 0.005651
6642.310059 0.004016
6643.839844 0.001141
6645.370117 -0.000705
6646.899902 0.001060
6648.430176 0.002416
6649.959961 0.002450
6651.490234 0.002077
6653.020020 0.002565
6654.560059 0.002807
6656.089844 0.001919
6657.620117 0.002170
6659.149902 0.003774
6660.689941 0.003117
6662.220215 0.003534
6663.759766 0.001978
6665.290039 -0.000451
6666.830078 -0.000080
6668.359863 0.001953
6669.899902 0.003212
6671.430176 0.003269
6672.970215 0.004100
6674.509766 0.005171
6676.040039 0.003630
6677.580078 0.000653
6679.120117 0.000039
6680.660156 -0.001677
6682.189941 -0.001470
6683.729980 0.000381
6685.270020 0.003428
6686.810059 0.003985
6688.350098 0.003216
6689.890137 0.002562
6691.430176 0.002524
6692.970215 0.003814
6694.509766 0.004851
6696.060059 0.002589
6697.600098 0.000968
6699.140137 0.000430
6700.680176 0.002926
6702.229980 0.005376
6703.770020 0.004336
6705.310059 0.003105
6706.859863 0.004338
6708.399902 0.005219
6709.950195 0.004456
6711.490234 0.000766
6713.040039 -0.013160
6714.580078 -0.027736
6716.129883 0.012072
6717.680176 0.086813
6719.220215 0.081716
6720.770020 0.004815
6722.319824 -0.027173
6723.870117 -0.008907
6725.419922 0.003735
6726.959961 -0.002167
6728.509766 -0.016415
6730.060059 -0.000231
6731.609863 0.057670
6733.160156 0.077160
6734.709961 0.025062
6736.259766 -0.015555
6737.810059 -0.010491
6739.370117 0.000186
6740.919922 0.002318
6742.470215 0.002650
6744.020020 0.003632
6745.580078 0.003431
6747.129883 0.004041
6748.680176 0.003468
6750.240234 0.001752
6751.790039 0.000141
6753.350098 0.000008
6754.899902 0.000336
6756.459961 0.001460
6758.009766 0.003594
6759.569824 0.003683
6761.129883 0.003817
6762.680176 0.004599
6764.240234 0.003158
6765.799805 0.002657
6767.359863 0.002753
6768.919922 0.000421
6770.470215 -0.000648
6772.029785 0.000782
6773.589844 0.001205
6775.149902 0.001420
6776.709961 0.002961
6778.270020 0.003637
6779.830078 0.004932
6781.399902 0.004693
6782.959961 0.002975
6784.520020 0.001021
6786.080078 -0.000599
6787.640137 -0.001185
6789.209961 0.000245
6790.770020 0.002083
6792.330078 0.002984
6793.899902 0.002820
6795.459961 0.002025
6797.029785 0.001030
6798.589844 0.001391
6800.160156 0.003633
6801.729980 0.003706
6803.290039 0.002558
6804.859863 0.002108
6806.430176 0.001869
6807.990234 0.000546
6809.560059 0.000551
6811.129883 0.001606
6812.700195 0.002282
6814.270020 0.002260
6815.839844 0.000809
6817.399902 0.000617
6818.970215 0.002644
6820.540039 0.002130
6822.120117 0.001350
6823.689941 0.001326
6825.259766 0.002680
6826.830078 0.003269
6828.399902 0.001859
6829.970215 -0.000039
6831.549805 -0.000606
6833.120117 0.001182
6834.689941 0.001559
6836.270020 0.003877
6837.839844 0.004846
6839.419922 0.002532
6840.990234 0.000691
6842.569824 -0.002333
6844.140137 -0.003155
6845.720215 0.000259
6847.299805 0.003693
6848.870117 0.004033
6850.450195 0.002860
6852.029785 0.003199
6853.600098 0.002682
6855.180176 0.001353
6856.759766 0.000281
6858.339844 -0.000919
6859.919922 -0.000084
6861.500000 -0.000539
6863.080078 -0.000515
6864.660156 0.000167
6866.240234 0.001996
6867.819824 0.003627
6869.399902 0.003461
6870.990234 0.002915
6872.569824 0.002338
6874.149902 0.001851
6875.729980 0.001059
6877.319824 0.001854
6878.899902 0.001956
6880.490234 0.001806
6882.069824 0.000067
6883.649902 -0.001563
6885.240234 -0.000592
6886.830078 0.000386
6888.410156 0.000946
6890.000000 0.002475
6891.580078 0.002527
6893.169922 0.002113
6894.759766 0.001815
6896.350098 0.002144
6897.930176 0.000849
6899.520020 -0.001369
6901.109863 -0.000601
6902.700195 0.000748
6904.290039 0.001524
6905.879883 0.002600
6907.470215 0.001580
6909.060059 0.001863
6910.649902 0.003100
6912.240234 0.002640
6913.839844 0.001387
6915.430176 0.000377
6917.020020 -0.000395
6918.609863 -0.000501
6920.209961 0.001823
6921.799805 0.003728
6923.390137 0.005396
6924.990234 0.002955
6926.580078 -0.001714
6928.180176 -0.001251
6929.770020 0.001699
6931.370117 0.003291
6932.970215 0.002896
6934.560059 0.002504
6936.160156 0.002339
6937.759766 0.000755
6939.350098 0.001267
6940.950195 0.003439
6942.549805 0.004749
6944.149902 0.004142
6945.750000 0.000183
6947.350098 -0.000473
6948.950195 0.003163
6950.549805 0.005505
6952.149902 0.003825
6953.750000 0.002890
6955.350098 0.001502
6956.950195 0.001525
6958.560059 0.003808
6960.160156 0.004254
6961.759766 0.003906
6963.359863 0.003198
6964.970215 0.003010
6966.569824 0.003534
6968.180176 0.003244
6969.779785 0.003310
6971.390137 0.003404
6972.990234 0.003648
6974.600098 0.004813
6976.200195 0.004870
6977.810059 0.000601
6979.419922 -0.003478
6981.020020 -0.004148
6982.629883 0.000314
6984.240234 0.004323
6985.850098 0.005901
6987.459961 0.006571
6989.060059 0.003726
6990.669922 0.001449
6992.279785 0.002015
6993.890137 0.002456
6995.509766 0.003294
6997.120117 0.003568
6998.729980 0.003974
7000.339844 0.001952
7001.950195 0.000778
7003.560059 0.001757
7005.180176 0.002145
7006.790039 0.001938
7008.399902 0.002191
7010.020020 0.004470
7011.629883 0.006582
7013.250000 0.006506
7014.859863 0.004809
7016.479980 0.000969
7018.089844 -0.001726
7019.709961 0.000036
7021.330078 0.004590
7022.939941 0.005192
7024.560059 0.002508
7026.180176 0.000467
7027.790039 0.001633
7029.410156 0.003700
7031.029785 0.003642
7032.649902 0.003486
7034.270020 0.003258
7035.890137 0.002734
7037.509766 0.001546
7039.129883 -0.000639
7040.750000 -0.000468
7042.370117 0.002086
7044.000000 0.003097
7045.620117 0.003530
7047.240234 0.002988
7048.859863 0.004340
7050.490234 0.006381
7052.109863 0.004967
7053.729980 0.002611
7055.359863 0.001673
7056.979980 0.001127
7058.609863 0.001800
7060.229980 0.003767
7061.859863 0.002870
7063.490234 0.002722
7065.109863 0.004372
7066.740234 0.004953
7068.370117 0.002708
7069.990234 -0.000230
7071.620117 0.001670
7073.250000 0.006457
7074.879883 0.007080
7076.509766 0.006088
7078.140137 0.004893
7079.770020 0.005519
7081.399902 0.007916
7083.029785 0.008110
7084.660156 0.005727
7086.290039 0.003805
7087.919922 0.002895
7089.560059 0.004051
7091.189941 0.004929
7092.819824 0.005633
7094.459961 0.005141
7096.089844 0.005094
7097.720215 0.006350
7099.359863 0.007414
7100.990234 0.006604
7102.629883 0.006630
7104.259766 0.005264
7105.899902 0.005866
7107.540039 0.008305
7109.169922 0.008158
7110.810059 0.007130
7112.450195 0.006167
7114.089844 0.005340
7115.720215 0.006531
7117.359863 0.008222
7119.000000 0.008815
7120.640137 0.009152
7122.279785 0.008245
7123.919922 0.009177
7125.560059 0.009189
7127.200195 0.008071
7128.839844 0.007362
7130.490234 0.007259
7132.129883 0.006180
7133.770020 0.005306
7135.410156 0.008316
7137.060059 0.013473
7138.700195 0.014112
7140.339844 0.011324
7141.990234 0.009541
7143.629883 0.009793
7145.279785 0.009717
7146.919922 0.008820
7148.569824 0.006164
7150.209961 0.004184
7151.859863 0.004582
7153.509766 0.007314
7155.160156 0.009938
7156.799805 0.009729
7158.450195 0.009333
7160.100098 0.009566
7161.750000 0.009087
7163.399902 0.008422
7165.049805 0.005434
7166.700195 0.002919
7168.350098 0.003699
7170.000000 0.007555
7171.649902 0.008721
7173.299805 0.008375
7174.950195 0.009433
7176.609863 0.007283
7178.259766 0.006132
7179.910156 0.007433
7181.560059 0.005929
7183.220215 0.005558
7184.870117 0.007528
7186.529785 0.008086
7188.180176 0.005235
7189.839844 0.002747
7191.490234 0.005008
7193.149902 0.006171
7194.810059 0.006059
7196.459961 0.005881
7198.120117 0.005804
7199.779785 0.006842
7201.439941 0.006285
7203.089844 0.005243
7204.750000 0.007734
7206.410156 0.008320
7208.069824 0.005248
7209.729980 0.001055
7211.390137 0.003422
7213.049805 0.007414
7214.709961 0.006975
7216.379883 0.005440
7218.040039 0.005974
7219.700195 0.007127
7221.359863 0.006306
7223.020020 0.004426
7224.689941 0.002561
7226.350098 0.002927
7228.020020 0.005750
7229.680176 0.006652
7231.350098 0.005783
7233.009766 0.006178
7234.680176 0.006826
7236.339844 0.006589
7238.009766 0.005107
7239.680176 0.004676
7241.339844 0.004207
7243.009766 0.004763
7244.680176 0.004585
7246.350098 0.004608
7248.020020 0.005959
7249.680176 0.007773
7251.350098 0.006490
7253.020020 0.004184
7254.689941 0.003487
7256.359863 0.004777
7258.040039 0.006873
7259.709961 0.007645
7261.379883 0.006093
7263.049805 0.002780
7264.720215 0.001963
7266.399902 0.005329
7268.069824 0.007043
7269.740234 0.006539
7271.419922 0.006195
7273.089844 0.006217
7274.770020 0.005747
7276.439941 0.006522
7278.120117 0.006551
7279.790039 0.005839
7281.470215 0.006455
7283.149902 0.005630
7284.819824 0.003270
7286.500000 0.004523
7288.180176 0.006763
7289.859863 0.005647
7291.540039 0.002958
7293.220215 0.001425
7294.899902 0.002096
7296.580078 0.006225
7298.259766 0.009217
7299.939941 0.007636
7301.620117 0.006030
7303.299805 0.004913
7304.979980 0.006641
7306.660156 0.007519
7308.350098 0.004118
7310.029785 0.001850
7311.709961 0.003243
7313.399902 0.005236
7315.080078 0.006155
7316.759766 0.005298
7318.450195 0.004727
7320.129883 0.003959
7321.819824 0.004876
7323.509766 0.005265
7325.189941 0.004005
7326.879883 0.002036
7328.569824 0.001953
7330.250000 0.004138
7331.939941 0.005635
7333.629883 0.004309
7335.319824 0.002881
7337.009766 0.004113
7338.700195 0.006283
7340.390137 0.005657
7342.080078 0.006096
7343.770020 0.004940
7345.459961 0.002580
7347.149902 0.001781
7348.839844 0.003824
7350.540039 0.004355
7352.229980 0.004283
7353.919922 0.003538
7355.620117 0.001519
7357.310059 0.000063
7359.000000 0.000537
7360.700195 0.004000
7362.390137 0.004905
7364.089844 0.002397
7365.790039 0.001429
7367.479980 0.002547
7369.180176 0.003740
7370.879883 0.003511
7372.569824 0.003768
7374.270020 0.003661
7375.970215 0.002147
7377.669922 0.002466
7379.370117 0.003578
7381.069824 0.003084
7382.770020 0.003109
7384.470215 0.002596
7386.169922 0.000119
7387.870117 -0.001494
7389.569824 -0.002251
7391.270020 -0.001390
7392.970215 0.000080
7394.669922 0.002204
7396.379883 0.002387
7398.080078 0.002889
7399.779785 0.002220
7401.490234 -0.000871
7403.189941 -0.002123
7404.899902 -0.000687
7406.600098 0.002004
7408.310059 0.001437
7410.020020 -0.000807
7411.720215 -0.002154
7413.430176 -0.001122
7415.140137 -0.000354
7416.839844 -0.002529
7418.549805 -0.001736
7420.259766 0.000483
7421.970215 0.001017
7423.680176 -0.002062
7425.390137 -0.003859
7427.100098 -0.000262
7428.810059 0.003371
7430.520020 0.001738
7432.229980 -0.001054
7433.939941 -0.001540
7435.649902 -0.001264
7437.359863 -0.000133
7439.080078 0.000988
7440.790039 0.000859
7442.500000 -0.001382
7444.220215 -0.002712
7445.930176 -0.002875
7447.649902 -0.004439
7449.359863 -0.003245
7451.080078 -0.000759
7452.790039 -0.000393
7454.509766 0.000004
7456.229980 0.000724
7457.939941 0.001001
7459.660156 -0.000142
7461.379883 -0.001492
7463.100098 -0.004963
7464.819824 -0.006627
7466.529785 -0.002765
7468.250000 0.001339
7469.970215 0.001783
7471.689941 -0.000174
7473.410156 -0.001624
7475.140137 -0.001977
7476.859863 -0.002086
7478.580078 -0.001746
7480.299805 -0.001746
7482.020020 -0.001313
7483.750000 -0.003114
7485.470215 -0.002591
7487.189941 -0.000549
7488.919922 0.000075
7490.640137 -0.001053
7492.370117 -0.002723
7494.089844 -0.005678
7495.819824 -0.008193
7497.540039 -0.006907
7499.270020 -0.001465
7501.000000 0.000355
7502.729980 -0.000921
7504.450195 -0.000947
7506.180176 -0.002114
7507.910156 -0.003398
7509.640137 -0.004821
7511.370117 -0.007347
7513.100098 -0.007993
7514.830078 -0.007247
7516.560059 -0.005232
7518.290039 -0.002567
7520.020020 -0.001840
7521.750000 -0.002390
7523.490234 -0.006054
7525.220215 -0.007900
7526.950195 -0.007937
7528.680176 -0.005705
7530.419922 -0.005179
7532.149902 -0.006420
7533.890137 -0.006466
7535.620117 -0.006558
7537.359863 -0.005043
7539.089844 -0.004519
7540.830078 -0.006018
7542.569824 -0.006508
7544.299805 -0.005772
7546.040039 -0.005930
7547.779785 -0.006781
7549.520020 -0.007382
7551.250000 -0.006252
7552.990234 -0.004224
7554.729980 -0.005742
7556.470215 -0.008135
7558.209961 -0.008305
7559.950195 -0.006802
7561.689941 -0.006989
7563.439941 -0.007346
7565.180176 -0.006560
7566.919922 -0.005354
7568.660156 -0.006895
7570.399902 -0.008723
7572.149902 -0.008878
7573.890137 -0.007839
7575.640137 -0.006785
7577.379883 -0.006931
7579.120117 -0.006572
7580.870117 -0.005433
7582.620117 -0.006477
7584.359863 -0.008171
7586.109863 -0.009700
7587.859863 -0.010622
7589.600098 -0.009177
7591.350098 -0.008367
7593.100098 -0.008401
7594.850098 -0.006502
7596.600098 -0.003986
7598.350098 -0.003870
7600.100098 -0.006346
7601.850098 -0.008152
7603.600098 -0.007342
7605.350098 -0.006447
7607.100098 -0.004704
7608.850098 -0.005714
7610.600098 -0.006963
7612.359863 -0.005028
7614.109863 -0.003391
7615.859863 -0.004421
7617.620117 -0.007970
7619.370117 -0.010775
7621.120117 -0.011525
7622.879883 -0.008714
7624.640137 -0.005268
7626.390137 -0.003391
7628.149902 -0.003676
7629.899902 -0.006265
7631.660156 -0.009372
7633.419922 -0.008316
7635.180176 -0.006919
7636.930176 -0.006662
7638.689941 -0.007420
7640.450195 -0.008842
7642.209961 -0.008378
7643.970215 -0.006253
7645.729980 -0.005463
7647.490234 -0.006375
7649.250000 -0.006287
7651.020020 -0.005831
7652.779785 -0.005181
7654.540039 -0.005580
7656.299805 -0.006182
7658.069824 -0.006530
7659.830078 -0.007322
7661.589844 -0.005724
7663.359863 -0.004739
7665.120117 -0.008088
7666.890137 -0.012084
7668.649902 -0.008606
7670.419922 -0.003602
7672.189941 -0.002812
7673.950195 -0.004292
7675.720215 -0.006048
7677.490234 -0.005827
7679.250000 -0.006298
7681.020020 -0.008008
7682.790039 -0.009262
7684.560059 -0.006822
7686.330078 -0.005603
7688.100098 -0.006546
7689.870117 -0.007179
7691.640137 -0.007745
7693.410156 -0.007073
7695.189941 -0.005827
7696.959961 -0.005886
7698.729980 -0.007356
7700.500000 -0.010227
7702.279785 -0.009635
7704.049805 -0.006635
7705.819824 -0.005324
7707.600098 -0.004296
7709.370117 -0.004106
7711.149902 -0.006031
7712.919922 -0.008040
7714.700195 -0.010519
7716.479980 -0.011379
7718.250000 -0.009889
7720.029785 -0.006076
7721.810059 -0.005614
7723.589844 -0.006435
7725.370117 -0.008272
7727.149902 -0.007811
7728.919922 -0.007883
7730.700195 -0.008590
7732.479980 -0.007876
7734.270020 -0.007715
7736.049805 -0.008735
7737.830078 -0.008708
7739.609863 -0.007878
7741.390137 -0.007264
7743.180176 -0.007379
7744.959961 -0.007860
7746.740234 -0.007883
7748.529785 -0.010982
7750.310059 -0.013644
7752.089844 -0.011934
7753.879883 -0.009223
7755.669922 -0.006708
7757.450195 -0.006232
7759.240234 -0.006365
7761.020020 -0.005802
7762.810059 -0.008874
7764.600098 -0.009497
7766.390137 -0.007555
7768.180176 -0.008265
7769.970215 -0.009126
7771.750000 -0.008630
7773.540039 -0.009086
7775.330078 -0.009907
7777.120117 -0.010344
7778.919922 -0.009593
7780.709961 -0.009591
7782.500000 -0.010413
7784.290039 -0.010450
7786.080078 -0.008455
7787.879883 -0.008215
7789.669922 -0.011163
7791.459961 -0.011454
7793.259766 -0.008713
7795.049805 -0.007413
7796.850098 -0.007836
7798.640137 -0.009242
7800.439941 -0.010509
7802.240234 -0.010720
7804.029785 -0.009508
7805.830078 -0.008734
7807.629883 -0.008488
7809.430176 -0.010308
7811.220215 -0.011450
7813.020020 -0.011600
7814.819824 -0.011033
7816.620117 -0.009802
7818.419922 -0.009294
7820.220215 -0.010570
7822.020020 -0.011067
7823.819824 -0.009780
7825.629883 -0.009405
7827.430176 -0.008399
7829.229980 -0.008480
7831.029785 -0.010362
7832.839844 -0.010139
7834.640137 -0.013072
7836.439941 -0.013573
7838.250000 -0.010957
7840.049805 -0.008111
7841.859863 -0.007248
7843.669922 -0.008148
7845.470215 -0.008692
7847.279785 -0.008106
7849.089844 -0.008564
7850.890137 -0.009556
7852.700195 -0.009431
7854.509766 -0.009738
7856.319824 -0.009125
7858.129883 -0.008879
7859.939941 -0.009196
7861.750000 -0.008542
7863.560059 -0.009418
7865.370117 -0.010504
7867.180176 -0.009772
7868.990234 -0.008748
7870.799805 -0.008919
7872.620117 -0.007923
7874.430176 -0.008002
7876.240234 -0.008445
7878.060059 -0.007280
7879.870117 -0.007440
7881.689941 -0.007959
7883.500000 -0.008763
7885.319824 -0.008594
7887.129883 -0.006359
7888.950195 -0.004317
7890.759766 -0.004350
7892.580078 -0.004203
7894.399902 -0.004972
7896.220215 -0.007843
7898.040039 -0.008248
7899.850098 -0.007343
7901.669922 -0.004701
7903.490234 -0.003609
7905.310059 -0.002577
7907.129883 -0.002701
7908.950195 -0.003960
7910.779785 -0.006333
7912.600098 -0.006942
7914.419922 -0.007915
7916.240234 -0.005344
7918.069824 -0.005233
7919.890137 -0.005761
7921.709961 -0.004754
7923.540039 -0.003624
7925.359863 -0.003877
7927.189941 -0.004484
7929.009766 -0.003945
7930.839844 -0.003260
7932.660156 -0.004853
7934.490234 -0.006396
7936.319824 -0.004944
7938.149902 -0.005508
7939.970215 -0.006265
7941.799805 -0.004671
7943.629883 -0.004809
7945.459961 -0.008206
7947.290039 -0.009770
7949.120117 -0.008244
7950.950195 -0.006070
7952.779785 -0.004005
7954.609863 -0.002170
7956.450195 -0.003756
7958.279785 -0.005304
7960.109863 -0.006217
7961.939941 -0.006734
7963.779785 -0.007106
7965.609863 -0.006981
7967.450195 -0.006607
7969.279785 -0.005783
7971.120117 -0.005300
7972.950195 -0.005963
7974.790039 -0.006319
7976.620117 -0.005781
7978.459961 -0.006478
7980.299805 -0.009290
7982.140137 -0.008257
7983.970215 -0.005318
7985.810059 -0.002902
7987.649902 -0.005809
7989.490234 -0.007286
7991.330078 -0.005049
7993.169922 -0.004365
7995.009766 -0.005726
7996.850098 -0.008882
7998.689941 -0.010179
8000.540039 -0.007510
8002.379883 -0.006058
8004.220215 -0.005810
8006.060059 -0.005326
8007.910156 -0.005415
8009.750000 -0.005062
8011.600098 -0.005797
8013.439941 -0.006200
8015.290039 -0.005312
8017.129883 -0.005469
8018.979980 -0.005090
8020.830078 -0.003788
8022.669922 -0.002443
8024.520020 -0.003094
8026.370117 -0.007980
8028.220215 -0.012103
8030.069824 -0.011236
8031.910156 -0.006855
8033.759766 -0.004398
8035.609863 -0.003334
8037.459961 -0.002746
8039.319824 -0.003493
8041.169922 -0.005246
8043.020020 -0.004912
8044.870117 -0.004537
8046.720215 -0.006335
8048.580078 -0.008677
8050.430176 -0.006690
8052.279785 -0.004896
8054.140137 -0.002845
8055.990234 -0.004641
8057.850098 -0.004485
8059.700195 -0.001788
8061.560059 -0.002368
8063.419922 -0.003208
8065.270020 -0.002694
8067.129883 -0.002381
8068.990234 -0.003246
8070.850098 -0.006032
8072.709961 -0.005574
8074.560059 -0.003957
8076.419922 -0.003971
8078.279785 -0.002798
8080.140137 -0.000642
8082.000000 -0.000837
8083.870117 -0.002176
8085.729980 -0.003255
8087.589844 -0.002847
8089.450195 -0.000555
8091.310059 0.000254
8093.180176 -0.002134
8095.040039 -0.003518
8096.910156 -0.003090
8098.770020 0.000364
8100.640137 -0.000005
8102.500000 -0.000786
8104.370117 0.002389
8106.229980 0.002366
8108.100098 0.000101
8109.970215 -0.000284
8111.830078 0.001761
8113.700195 0.002219
8115.569824 0.000609
8117.439941 -0.003037
8119.310059 -0.003581
8121.180176 -0.000701
8123.049805 -0.000013
8124.919922 -0.000472
8126.790039 -0.001111
8128.660156 -0.000409
8130.529785 0.000543
8132.410156 -0.000651
8134.279785 0.000191
8136.149902 0.000855
8138.029785 0.001465
8139.899902 0.001934
8141.770020 -0.000408
8143.649902 -0.000194
8145.520020 -0.000347
8147.399902 -0.001774
8149.279785 -0.000228
8151.149902 0.000342
8153.029785 0.000640
8154.910156 0.000403
8156.790039 0.000204
8158.660156 0.001481
8160.540039 0.001968
8162.419922 -0.001084
8164.299805 -0.000961
8166.180176 0.001842
8168.060059 0.002049
8169.939941 0.000858
8171.830078 0.000242
8173.709961 0.000294
8175.589844 0.001548
8177.470215 0.002452
8179.359863 0.003951
8181.240234 0.004402
8183.120117 0.002105
8185.009766 -0.001078
8186.890137 -0.001757
8188.779785 0.001672
8190.660156 0.007666
8192.549805 0.010074
8194.440430 0.006506
8196.320312 0.000962
8198.209961 -0.000043
8200.099609 0.005076
8201.990234 0.005613
8203.879883 0.003000
8205.759766 0.003515
8207.660156 0.003767
8209.540039 0.002639
8211.440430 0.002933
8213.330078 0.002202
8215.219727 0.002359
8217.110352 0.003986
8219.000000 0.004313
8220.889648 0.002207
8222.790039 -0.000025
8224.679688 0.000498
8226.580078 0.005694
8228.469727 0.006167
8230.360352 0.005911
8232.259766 0.003320
8234.160156 0.001110
8236.049805 0.003174
8237.950195 0.004132
8239.849609 0.002533
8241.740234 0.003313
8243.639648 0.004210
8245.540039 0.005143
8247.440430 0.006213
8249.339844 0.004767
8251.240234 0.005154
8253.139648 0.005502
8255.040039 0.004953
8256.940430 0.003859
8258.839844 0.004011
8260.740234 0.005502
8262.639648 0.008276
8264.549805 0.009723
8266.450195 0.006912
8268.349609 0.005703
8270.259766 0.006579
8272.160156 0.005789
8274.070312 0.003557
8275.969727 0.003760
8277.879883 0.007089
8279.790039 0.008353
8281.690430 0.010746
8283.599609 0.009463
8285.509766 0.009377
8287.419922 0.008301
8289.320312 0.007313
8291.230469 0.007876
8293.139648 0.008785
8295.049805 0.009750
8296.959961 0.008068
8298.870117 0.008172
8300.780273 0.011280
8302.700195 0.014034
8304.610352 0.012093
8306.519531 0.008215
8308.429688 0.008798
8310.349609 0.007733
8312.259766 0.007400
8314.169922 0.008903
8316.089844 0.012466
8318.000000 0.011249
8319.919922 0.010383
8321.830078 0.011404
8323.750000 0.012066
8325.669922 0.011844
8327.580078 0.009018
8329.500000 0.006053
8331.419922 0.007546
8333.339844 0.009649
8335.259766 0.008307
8337.179688 0.007097
8339.099609 0.009893
8341.019531 0.011625
8342.940430 0.010168
8344.860352 0.010087
8346.780273 0.009035
8348.700195 0.008040
