3450.000000 0.014959
3450.790039 0.014228
3451.590088 0.014844
3452.379883 0.017190
3453.179932 0.018954
3453.969971 0.017130
3454.770020 0.015899
3455.570068 0.017320
3456.360107 0.015760
3457.159912 0.013130
3457.949951 0.016083
3458.750000 0.017440
3459.550049 0.016764
3460.340088 0.015534
3461.139893 0.017004
3461.939941 0.017018
3462.729980 0.017071
3463.530029 0.015074
3464.330078 0.014002
3465.129883 0.013974
3465.919922 0.014909
3466.719971 0.017506
3467.520020 0.016034
3468.320068 0.015594
3469.120117 0.015953
3469.919922 0.013554
3470.719971 0.014610
3471.520020 0.014281
3472.310059 0.013512
3473.110107 0.012785
3473.909912 0.015199
3474.709961 0.016719
3475.510010 0.014954
3476.310059 0.016250
3477.120117 0.016377
3477.919922 0.014388
3478.719971 0.014662
3479.520020 0.013674
3480.320068 0.012723
3481.120117 0.014881
3481.919922 0.016648
3482.719971 0.016762
3483.530029 0.016162
3484.330078 0.016565
3485.129883 0.016956
3485.929932 0.015929
3486.739990 0.013860
3487.540039 0.012093
3488.340088 0.013499
3489.149902 0.015011
3489.949951 0.015143
3490.750000 0.017459
3491.560059 0.016942
3492.360107 0.014062
3493.169922 0.013228
3493.969971 0.015134
3494.770020 0.016679
3495.580078 0.016285
3496.379883 0.015274
3497.189941 0.015060
3497.989990 0.016326
3498.800049 0.015825
3499.610107 0.014314
3500.409912 0.014927
3501.219971 0.017572
3502.020020 0.014575
3502.830078 0.012749
3503.639893 0.013588
3504.439941 0.014087
3505.250000 0.015247
3506.060059 0.016205
3506.870117 0.015810
3507.669922 0.015530
3508.479980 0.017174
3509.290039 0.017485
3510.100098 0.014388
3510.909912 0.013360
3511.709961 0.014584
3512.520020 0.014558
3513.330078 0.016122
3514.139893 0.015456
3514.949951 0.014678
3515.760010 0.017631
3516.570068 0.014269
3517.379883 0.011537
3518.189941 0.012498
3519.000000 0.011254
3519.810059 0.012613
3520.620117 0.012250
3521.429932 0.012898
3522.239990 0.015978
3523.050049 0.014880
3523.860107 0.013128
3524.679932 0.013134
3525.489990 0.012993
3526.300049 0.014050
3527.110107 0.014173
3527.919922 0.011708
3528.739990 0.011091
3529.550049 0.009258
3530.360107 0.008424
3531.169922 0.010277
3531.989990 0.012369
3532.800049 0.013010
3533.610107 0.014472
3534.429932 0.013969
3535.239990 0.013234
3536.060059 0.011655
3536.870117 0.012238
3537.679932 0.013074
3538.500000 0.012650
3539.310059 0.013609
3540.129883 0.013012
3540.939941 0.013622
3541.760010 0.011893
3542.580078 0.009591
3543.389893 0.013433
3544.209961 0.012789
3545.020020 0.011581
3545.840088 0.010951
3546.659912 0.010397
3547.469971 0.011000
3548.290039 0.011552
3549.110107 0.010251
3549.919922 0.010385
3550.739990 0.009526
3551.560059 0.009916
3552.379883 0.010064
3553.199951 0.011846
3554.010010 0.013250
3554.830078 0.011901
3555.649902 0.010279
3556.469971 0.009827
3557.290039 0.010545
3558.110107 0.009829
3558.929932 0.010712
3559.750000 0.012043
3560.570068 0.011450
3561.389893 0.010837
3562.209961 0.009813
3563.030029 0.007564
3563.850098 0.007416
3564.669922 0.008791
3565.489990 0.009992
3566.310059 0.010594
3567.129883 0.009835
3567.949951 0.008193
3568.770020 0.007746
3569.600098 0.009104
3570.419922 0.010165
3571.239990 0.010341
3572.060059 0.010271
3572.889893 0.009834
3573.709961 0.007894
3574.530029 0.008696
3575.350098 0.009382
3576.179932 0.008887
3577.000000 0.007605
3577.820068 0.006966
3578.649902 0.007557
3579.469971 0.007968
3580.300049 0.007754
3581.120117 0.007901
3581.949951 0.007750
3582.770020 0.006888
3583.600098 0.007500
3584.419922 0.006059
3585.250000 0.007416
3586.070068 0.008392
3586.899902 0.009053
3587.719971 0.008066
3588.550049 0.008223
3589.379883 0.009310
3590.199951 0.009312
3591.030029 0.008805
3591.860107 0.008669
3592.679932 0.007980
3593.510010 0.009314
3594.340088 0.011264
3595.169922 0.012337
3596.000000 0.011432
3596.820068 0.009732
3597.649902 0.009843
3598.479980 0.009282
3599.310059 0.009856
3600.139893 0.011900
3600.969971 0.011728
3601.800049 0.010510
3602.629883 0.012192
3603.449951 0.013297
3604.280029 0.013027
3605.110107 0.012173
3605.949951 0.011937
3606.780029 0.011005
3607.610107 0.010708
3608.439941 0.010389
3609.270020 0.010092
3610.100098 0.011137
3610.929932 0.010084
3611.760010 0.009640
3612.590088 0.010471
3613.429932 0.011379
3614.260010 0.010367
3615.090088 0.009558
3615.919922 0.010133
3616.760010 0.009484
3617.590088 0.009532
3618.419922 0.011571
3619.250000 0.012492
3620.090088 0.012918
3620.919922 0.011929
3621.760010 0.011019
3622.590088 0.010978
3623.419922 0.010870
3624.260010 0.010448
3625.090088 0.010927
3625.929932 0.011825
3626.760010 0.010083
3627.600098 0.009163
3628.429932 0.008631
3629.270020 0.009444
3630.100098 0.010378
3630.939941 0.012694
3631.780029 0.015270
3632.610107 0.015197
3633.449951 0.013539
3634.290039 0.011399
3635.120117 0.011193
3635.959961 0.011719
3636.800049 0.011011
3637.629883 0.009641
3638.469971 0.010729
3639.310059 0.011687
3640.149902 0.009753
3640.989990 0.008828
3641.830078 0.010007
3642.659912 0.010083
3643.500000 0.011100
3644.340088 0.012150
3645.179932 0.011384
3646.020020 0.012441
3646.860107 0.012334
3647.699951 0.011330
3648.540039 0.011018
3649.379883 0.011342
3650.219971 0.011457
3651.060059 0.011692
3651.899902 0.011645
3652.739990 0.010728
3653.580078 0.010096
3654.429932 0.011426
3655.270020 0.012275
3656.110107 0.012295
3656.949951 0.012419
3657.790039 0.012611
3658.639893 0.012437
3659.479980 0.012059
3660.320068 0.014084
3661.159912 0.014100
3662.010010 0.013377
3662.850098 0.013907
3663.689941 0.013782
3664.540039 0.014105
3665.379883 0.012631
3666.219971 0.010762
3667.070068 0.011930
3667.909912 0.011332
3668.760010 0.010888
3669.600098 0.013070
3670.449951 0.013488
3671.290039 0.013068
3672.139893 0.010418
3672.979980 0.009383
3673.830078 0.010561
3674.679932 0.010227
3675.520020 0.009798
3676.370117 0.010545
3677.219971 0.011669
3678.060059 0.012306
3678.909912 0.013100
3679.760010 0.013413
3680.600098 0.012495
3681.449951 0.010856
3682.300049 0.010621
3683.149902 0.009998
3684.000000 0.008972
3684.840088 0.007979
3685.689941 0.008669
3686.540039 0.010520
3687.389893 0.012232
3688.239990 0.013115
3689.090088 0.012010
3689.939941 0.010836
3690.790039 0.008597
3691.639893 0.006866
3692.489990 0.007650
3693.340088 0.008614
3694.189941 0.009839
3695.040039 0.011336
3695.889893 0.012044
3696.739990 0.012251
3697.590088 0.012377
3698.439941 0.011793
3699.300049 0.009752
3700.149902 0.006605
3701.000000 0.006589
3701.850098 0.007596
3702.699951 0.006423
3703.560059 0.008920
3704.409912 0.010560
3705.260010 0.011485
3706.120117 0.010995
3706.969971 0.010686
3707.820068 0.009947
3708.679932 0.008543
3709.530029 0.008026
3710.389893 0.007908
3711.239990 0.008746
3712.100098 0.009763
3712.949951 0.008917
3713.800049 0.006881
3714.659912 0.006093
3715.520020 0.004598
3716.370117 0.003942
3717.229980 0.004220
3718.080078 0.004199
3718.939941 0.004674
3719.800049 0.005235
3720.649902 0.007549
3721.510010 0.010317
3722.370117 0.012598
3723.219971 0.012575
3724.080078 0.020747
3724.939941 0.068479
3725.800049 0.162448
3726.649902 0.240472
3727.510010 0.267306
3728.370117 0.302193
3729.229980 0.351235
3730.090088 0.314490
3730.949951 0.175210
3731.810059 0.055944
3732.669922 0.016029
3733.530029 0.010926
3734.389893 0.010075
3735.250000 0.010006
3736.110107 0.009228
3736.969971 0.007634
3737.830078 0.003159
3738.689941 0.001340
3739.550049 -0.000450
3740.409912 -0.002254
3741.270020 -0.003935
3742.129883 -0.004053
3742.989990 -0.003022
3743.860107 -0.001725
3744.719971 -0.000461
3745.580078 -0.000626
3746.439941 0.000118
3747.310059 0.001552
3748.169922 0.001502
3749.030029 0.003599
3749.889893 0.006655
3750.760010 0.007703
3751.620117 0.006127
3752.489990 0.001253
3753.350098 -0.002297
3754.209961 -0.003138
3755.080078 -0.004501
3755.939941 -0.006004
3756.810059 -0.004783
3757.669922 -0.001514
3758.540039 0.000859
3759.399902 0.001995
3760.270020 0.000028
3761.139893 -0.002317
3762.000000 -0.003256
3762.870117 -0.003693
3763.739990 -0.002956
3764.600098 -0.003003
3765.469971 -0.003689
3766.340088 -0.001533
3767.199951 0.000020
3768.070068 0.000592
3768.939941 0.001256
3769.810059 0.003961
3770.679932 0.006292
3771.540039 0.006755
3772.409912 0.005315
3773.280029 0.002406
3774.149902 -0.000046
3775.020020 -0.000566
3775.889893 -0.001845
3776.760010 -0.000919
3777.629883 -0.000267
3778.500000 -0.001597
3779.370117 -0.002911
3780.239990 -0.003444
3781.110107 -0.004146
3781.979980 -0.005997
3782.850098 -0.005861
3783.719971 -0.006402
3784.590088 -0.007787
3785.459961 -0.007618
3786.340088 -0.004630
3787.209961 -0.003117
3788.080078 -0.003137
3788.949951 -0.002085
3789.820068 -0.003225
3790.699951 -0.004932
3791.570068 -0.005468
3792.439941 -0.006290
3793.320068 -0.006514
3794.189941 -0.005636
3795.060059 -0.003820
3795.939941 -0.002381
3796.810059 -0.001099
3797.689941 0.002874
3798.560059 0.005409
3799.439941 0.005712
3800.310059 0.001702
3801.189941 -0.002842
3802.060059 -0.004554
3802.939941 -0.006548
3803.810059 -0.007951
3804.689941 -0.008404
3805.560059 -0.009134
3806.439941 -0.007678
3807.320068 -0.006338
3808.189941 -0.006847
3809.070068 -0.008236
3809.949951 -0.011696
3810.830078 -0.013130
3811.699951 -0.014502
3812.580078 -0.015314
3813.459961 -0.011843
3814.340088 -0.009956
3815.219971 -0.007591
3816.090088 -0.007131
3816.969971 -0.010351
3817.850098 -0.012081
3818.729980 -0.013290
3819.610107 -0.013815
3820.489990 -0.011753
3821.370117 -0.010486
3822.250000 -0.011930
3823.129883 -0.014803
3824.010010 -0.014819
3824.889893 -0.013039
3825.770020 -0.012426
3826.649902 -0.010816
3827.530029 -0.010043
3828.419922 -0.010602
3829.300049 -0.011918
3830.179932 -0.011574
3831.060059 -0.011712
3831.939941 -0.011046
3832.830078 -0.008084
3833.709961 -0.006379
3834.590088 -0.003957
3835.469971 -0.000690
3836.360107 -0.000591
3837.239990 -0.003232
3838.120117 -0.005730
3839.010010 -0.006519
3839.889893 -0.007460
3840.780029 -0.007975
3841.659912 -0.008659
3842.550049 -0.011350
3843.429932 -0.013966
3844.320068 -0.014889
3845.199951 -0.015941
3846.090088 -0.016478
3846.969971 -0.016542
3847.860107 -0.017228
3848.739990 -0.017184
3849.629883 -0.016345
3850.520020 -0.014950
3851.399902 -0.016012
3852.290039 -0.018149
3853.179932 -0.019635
3854.070068 -0.020214
3854.949951 -0.019220
3855.840088 -0.018072
3856.729980 -0.017723
3857.620117 -0.017846
3858.510010 -0.017352
3859.389893 -0.015316
3860.280029 -0.015289
3861.169922 -0.015891
3862.060059 -0.017155
3862.949951 -0.020932
3863.840088 -0.022738
3864.729980 -0.023540
3865.620117 -0.024198
3866.510010 -0.026150
3867.399902 -0.030443
3868.290039 -0.035342
3869.179932 -0.039763
3870.070068 -0.040129
3870.959961 -0.034457
3871.850098 -0.025092
3872.750000 -0.019543
3873.639893 -0.017993
3874.530029 -0.017473
3875.419922 -0.019413
3876.320068 -0.021078
3877.209961 -0.018479
3878.100098 -0.016788
3878.989990 -0.015086
3879.889893 -0.015001
3880.780029 -0.015228
3881.669922 -0.015493
3882.570068 -0.014339
3883.459961 -0.012560
3884.360107 -0.013376
3885.250000 -0.012356
3886.149902 -0.009918
3887.040039 -0.007000
3887.939941 -0.000394
3888.830078 0.008249
3889.729980 0.012400
3890.620117 0.007246
3891.520020 -0.002795
3892.409912 -0.008548
3893.310059 -0.007957
3894.209961 -0.007660
3895.100098 -0.008026
3896.000000 -0.007807
3896.899902 -0.008559
3897.800049 -0.009129
3898.689941 -0.010396
3899.590088 -0.010053
3900.489990 -0.010711
3901.389893 -0.011588
3902.290039 -0.012427
3903.179932 -0.011544
3904.080078 -0.011599
3904.979980 -0.011774
3905.879883 -0.009584
3906.780029 -0.008463
3907.679932 -0.009982
3908.580078 -0.012073
3909.479980 -0.013829
3910.379883 -0.014058
3911.280029 -0.013885
3912.179932 -0.013691
3913.080078 -0.014120
3913.979980 -0.014198
3914.889893 -0.013856
3915.790039 -0.012403
3916.689941 -0.011889
3917.590088 -0.012899
3918.489990 -0.012332
3919.399902 -0.011744
3920.300049 -0.011331
3921.199951 -0.011558
3922.100098 -0.011324
3923.010010 -0.012347
3923.909912 -0.015518
3924.810059 -0.017612
3925.719971 -0.018113
3926.620117 -0.017323
3927.530029 -0.015321
3928.429932 -0.013302
3929.340088 -0.010901
3930.239990 -0.009409
3931.149902 -0.007453
3932.050049 -0.004456
3932.959961 -0.001782
3933.860107 -0.000421
3934.770020 -0.000713
3935.669922 -0.001660
3936.580078 -0.004199
3937.489990 -0.008221
3938.389893 -0.011170
3939.300049 -0.014379
3940.209961 -0.016401
3941.110107 -0.017368
3942.020020 -0.017332
3942.929932 -0.015849
3943.840088 -0.014609
3944.750000 -0.013768
3945.649902 -0.013909
3946.560059 -0.014971
3947.469971 -0.015525
3948.379883 -0.014720
3949.290039 -0.013302
3950.199951 -0.013507
3951.110107 -0.013806
3952.020020 -0.012931
3952.929932 -0.012316
3953.840088 -0.012247
3954.750000 -0.011844
3955.659912 -0.012396
3956.570068 -0.011844
3957.479980 -0.011069
3958.389893 -0.013354
3959.310059 -0.015661
3960.219971 -0.016636
3961.129883 -0.015798
3962.040039 -0.014264
3962.949951 -0.012254
3963.870117 -0.011476
3964.780029 -0.012273
3965.689941 -0.011451
3966.610107 -0.009523
3967.520020 -0.009305
3968.429932 -0.007015
3969.350098 -0.001297
3970.260010 0.006125
3971.179932 0.008616
3972.090088 0.001435
3973.000000 -0.005776
3973.919922 -0.008063
3974.830078 -0.007459
3975.750000 -0.007911
3976.669922 -0.008618
3977.580078 -0.009089
3978.500000 -0.009907
3979.409912 -0.010839
3980.330078 -0.011824
3981.250000 -0.012414
3982.159912 -0.010686
3983.080078 -0.007852
3984.000000 -0.008186
3984.919922 -0.008323
3985.830078 -0.007752
3986.750000 -0.007666
3987.669922 -0.008801
3988.590088 -0.010495
3989.510010 -0.011108
3990.419922 -0.010598
3991.340088 -0.010656
3992.260010 -0.012006
3993.179932 -0.011628
3994.100098 -0.011033
3995.020020 -0.010858
3995.939941 -0.009941
3996.860107 -0.007890
3997.780029 -0.006344
3998.699951 -0.006869
3999.620117 -0.008479
4000.540039 -0.011647
4001.469971 -0.013685
4002.389893 -0.013740
4003.310059 -0.014210
4004.229980 -0.012488
4005.149902 -0.008635
4006.080078 -0.004551
4007.000000 -0.004477
4007.919922 -0.007806
4008.840088 -0.009695
4009.770020 -0.010755
4010.689941 -0.010875
4011.610107 -0.010634
4012.540039 -0.010531
4013.459961 -0.010469
4014.389893 -0.010149
4015.310059 -0.011078
4016.229980 -0.011402
4017.159912 -0.010522
4018.080078 -0.009448
4019.010010 -0.010032
4019.939941 -0.011030
4020.860107 -0.011911
4021.790039 -0.012066
4022.709961 -0.011373
4023.639893 -0.009824
4024.570068 -0.009256
4025.489990 -0.008442
4026.419922 -0.008541
4027.350098 -0.010690
4028.270020 -0.013067
4029.199951 -0.014845
4030.129883 -0.013925
4031.060059 -0.010411
4031.989990 -0.007816
4032.919922 -0.006106
4033.840088 -0.005719
4034.770020 -0.007405
4035.699951 -0.010084
4036.629883 -0.012692
4037.560059 -0.014642
4038.489990 -0.016067
4039.419922 -0.015535
4040.350098 -0.014797
4041.280029 -0.013192
4042.209961 -0.013160
4043.139893 -0.014261
4044.070068 -0.012468
4045.010010 -0.008688
4045.939941 -0.004536
4046.870117 -0.003586
4047.800049 -0.006854
4048.729980 -0.012089
4049.669922 -0.015278
4050.600098 -0.017387
4051.530029 -0.016403
4052.459961 -0.014100
4053.399902 -0.012543
4054.330078 -0.010775
4055.260010 -0.010042
4056.199951 -0.009033
4057.129883 -0.008504
4058.070068 -0.008844
4059.000000 -0.009815
4059.939941 -0.012177
4060.870117 -0.014986
4061.810059 -0.016002
4062.739990 -0.013991
4063.679932 -0.009554
4064.610107 -0.007220
4065.550049 -0.008215
4066.479980 -0.009525
4067.419922 -0.011067
4068.360107 -0.010524
4069.290039 -0.009600
4070.229980 -0.010604
4071.169922 -0.010791
4072.110107 -0.009687
4073.040039 -0.008899
4073.979980 -0.011204
4074.919922 -0.012485
4075.860107 -0.011166
4076.800049 -0.007061
4077.739990 -0.003677
4078.669922 -0.003709
4079.610107 -0.005611
4080.550049 -0.009362
4081.489990 -0.013081
4082.429932 -0.013940
4083.370117 -0.012032
4084.310059 -0.008668
4085.250000 -0.006036
4086.199951 -0.005209
4087.139893 -0.006386
4088.080078 -0.008348
4089.020020 -0.009412
4089.959961 -0.010317
4090.899902 -0.009155
4091.840088 -0.007353
4092.790039 -0.006812
4093.729980 -0.007253
4094.669922 -0.007635
4095.610107 -0.006927
4096.560059 -0.004938
4097.500000 -0.004883
4098.439941 -0.005315
4099.390137 -0.005919
4100.330078 -0.003133
4101.279785 0.008176
4102.220215 0.020209
4103.169922 0.020023
4104.109863 0.007723
4105.060059 -0.003334
4106.000000 -0.007275
4106.950195 -0.008488
4107.890137 -0.009479
4108.839844 -0.009068
4109.779785 -0.008061
4110.729980 -0.006822
4111.680176 -0.006371
4112.620117 -0.007857
4113.569824 -0.009264
4114.520020 -0.011687
4115.470215 -0.013072
4116.410156 -0.013510
4117.359863 -0.014235
4118.310059 -0.012500
4119.259766 -0.009842
4120.209961 -0.009320
4121.160156 -0.009933
4122.109863 -0.010608
4123.049805 -0.010605
4124.000000 -0.012135
4124.950195 -0.013515
4125.899902 -0.013883
4126.850098 -0.013357
4127.799805 -0.011845
4128.750000 -0.011070
4129.709961 -0.011463
4130.660156 -0.011511
4131.609863 -0.010758
4132.560059 -0.009792
4133.509766 -0.008635
4134.459961 -0.009417
4135.419922 -0.011899
4136.370117 -0.014653
4137.319824 -0.017543
4138.270020 -0.019455
4139.229980 -0.020010
4140.180176 -0.019160
4141.129883 -0.019924
4142.089844 -0.018365
4143.040039 -0.014256
4143.990234 -0.010892
4144.950195 -0.011091
4145.899902 -0.013593
4146.859863 -0.017146
4147.810059 -0.019603
4148.770020 -0.019371
4149.720215 -0.018271
4150.680176 -0.017806
4151.629883 -0.018024
4152.589844 -0.016987
4153.549805 -0.016456
4154.500000 -0.015838
4155.459961 -0.015033
4156.419922 -0.013741
4157.370117 -0.013402
4158.330078 -0.014953
4159.290039 -0.016279
4160.250000 -0.017627
4161.200195 -0.017592
4162.160156 -0.017439
4163.120117 -0.018365
4164.080078 -0.019689
4165.040039 -0.019625
4166.000000 -0.018773
4166.959961 -0.017516
4167.919922 -0.016158
4168.879883 -0.016863
4169.839844 -0.017947
4170.799805 -0.018232
4171.759766 -0.016304
4172.720215 -0.012704
4173.680176 -0.010705
4174.640137 -0.010050
4175.600098 -0.012261
4176.560059 -0.014288
4177.529785 -0.014506
4178.490234 -0.014771
4179.450195 -0.015478
4180.410156 -0.016247
4181.370117 -0.015715
4182.339844 -0.015022
4183.299805 -0.014772
4184.259766 -0.015202
4185.229980 -0.016559
4186.189941 -0.016406
4187.160156 -0.014145
4188.120117 -0.012209
4189.080078 -0.012093
4190.049805 -0.013264
4191.009766 -0.015055
4191.979980 -0.016797
4192.939941 -0.017962
4193.910156 -0.019935
4194.879883 -0.020830
4195.839844 -0.018904
4196.810059 -0.015636
4197.770020 -0.013490
4198.740234 -0.012946
4199.709961 -0.012282
4200.680176 -0.013064
4201.640137 -0.013152
4202.609863 -0.011637
4203.580078 -0.012076
4204.549805 -0.013380
4205.509766 -0.013990
4206.479980 -0.014129
4207.450195 -0.014735
4208.419922 -0.016262
4209.390137 -0.016461
4210.359863 -0.015845
4211.330078 -0.015710
4212.299805 -0.016728
4213.270020 -0.017995
4214.240234 -0.017287
4215.209961 -0.014311
4216.180176 -0.011684
4217.149902 -0.011283
4218.120117 -0.013198
4219.089844 -0.015851
4220.060059 -0.017398
4221.040039 -0.018453
4222.009766 -0.019328
4222.979980 -0.018186
4223.950195 -0.016063
4224.930176 -0.012939
4225.899902 -0.008092
4226.870117 -0.004575
4227.850098 -0.004935
4228.819824 -0.009199
4229.790039 -0.015384
4230.770020 -0.020671
4231.740234 -0.021434
4232.720215 -0.018915
4233.689941 -0.015761
4234.669922 -0.013510
4235.640137 -0.011537
4236.620117 -0.010068
4237.589844 -0.009630
4238.569824 -0.008838
4239.540039 -0.009232
4240.520020 -0.009639
4241.500000 -0.011093
4242.470215 -0.014813
4243.450195 -0.015166
4244.430176 -0.014620
4245.399902 -0.015043
4246.379883 -0.014586
4247.359863 -0.012529
4248.339844 -0.010455
4249.319824 -0.008693
4250.299805 -0.007980
4251.270020 -0.009526
4252.250000 -0.011360
4253.229980 -0.013245
4254.209961 -0.013191
4255.189941 -0.011712
4256.169922 -0.012097
4257.149902 -0.014146
4258.129883 -0.015874
4259.109863 -0.013657
4260.089844 -0.009342
4261.069824 -0.006296
4262.060059 -0.006469
4263.040039 -0.009865
4264.020020 -0.014262
4265.000000 -0.017395
4265.979980 -0.018184
4266.970215 -0.017786
4267.950195 -0.015937
4268.930176 -0.014072
4269.910156 -0.012683
4270.899902 -0.010283
4271.879883 -0.007960
4272.859863 -0.007445
4273.850098 -0.007994
4274.830078 -0.009454
4275.819824 -0.011515
4276.799805 -0.014057
4277.790039 -0.017296
4278.770020 -0.018283
4279.759766 -0.017051
4280.740234 -0.014308
4281.729980 -0.012644
4282.709961 -0.012480
4283.700195 -0.012935
4284.689941 -0.013955
4285.669922 -0.013712
4286.660156 -0.012382
4287.649902 -0.011406
4288.640137 -0.010177
4289.620117 -0.009365
4290.609863 -0.007976
4291.600098 -0.008232
4292.589844 -0.011231
4293.580078 -0.014598
4294.560059 -0.016791
4295.549805 -0.016491
4296.540039 -0.016476
4297.529785 -0.016316
4298.520020 -0.013622
4299.509766 -0.010303
4300.500000 -0.008871
4301.490234 -0.009134
4302.479980 -0.010962
4303.470215 -0.012762
4304.459961 -0.015013
4305.459961 -0.016854
4306.450195 -0.016531
4307.439941 -0.014992
4308.430176 -0.012042
4309.419922 -0.010079
4310.419922 -0.010309
4311.410156 -0.011177
4312.399902 -0.011472
4313.390137 -0.011597
4314.390137 -0.010769
4315.379883 -0.010448
4316.370117 -0.012321
4317.370117 -0.014599
4318.359863 -0.014952
4319.359863 -0.013839
4320.350098 -0.012406
4321.350098 -0.011167
4322.339844 -0.010007
4323.339844 -0.008302
4324.330078 -0.004551
4325.330078 0.000129
4326.319824 0.002361
4327.319824 0.000179
4328.319824 -0.004689
4329.310059 -0.009365
4330.310059 -0.010750
4331.310059 -0.008413
4332.310059 -0.006157
4333.299805 -0.005383
4334.299805 -0.005628
4335.299805 -0.007070
4336.299805 -0.007229
4337.299805 -0.005181
4338.290039 -0.002612
4339.290039 0.004319
4340.290039 0.021830
4341.290039 0.034994
4342.290039 0.026115
4343.290039 0.006141
4344.290039 -0.003921
4345.290039 -0.003270
4346.290039 -0.002928
4347.290039 -0.004310
4348.299805 -0.005542
4349.299805 -0.006843
4350.299805 -0.006938
4351.299805 -0.004440
4352.299805 -0.000434
4353.310059 0.000923
4354.310059 -0.001697
4355.310059 -0.005745
4356.310059 -0.009079
4357.319824 -0.009744
4358.319824 -0.009533
4359.319824 -0.008024
4360.330078 -0.005954
4361.330078 -0.007250
4362.339844 -0.011054
4363.339844 -0.014198
4364.350098 -0.015542
4365.350098 -0.015150
4366.359863 -0.012977
4367.359863 -0.009922
4368.370117 -0.007689
4369.370117 -0.006253
4370.379883 -0.007003
4371.390137 -0.008964
4372.390137 -0.009409
4373.399902 -0.008469
4374.410156 -0.006683
4375.410156 -0.005181
4376.419922 -0.004969
4377.430176 -0.008404
4378.439941 -0.013272
4379.450195 -0.016010
4380.450195 -0.017029
4381.459961 -0.015758
4382.470215 -0.011664
4383.479980 -0.005950
4384.490234 -0.000598
4385.500000 -0.000497
4386.509766 -0.004935
4387.520020 -0.010225
4388.529785 -0.012487
4389.540039 -0.012399
4390.549805 -0.011190
4391.560059 -0.009944
4392.569824 -0.009476
4393.589844 -0.009573
4394.600098 -0.009417
4395.609863 -0.008378
4396.620117 -0.008601
4397.629883 -0.009990
4398.649902 -0.011436
4399.660156 -0.011443
4400.669922 -0.009421
4401.689941 -0.008144
4402.700195 -0.009624
4403.709961 -0.010155
4404.729980 -0.007294
4405.740234 -0.004838
4406.759766 -0.004879
4407.770020 -0.006279
4408.790039 -0.006995
4409.799805 -0.007693
4410.819824 -0.010391
4411.830078 -0.012722
4412.850098 -0.012583
4413.870117 -0.010189
4414.879883 -0.005599
4415.899902 -0.000961
4416.919922 0.001160
4417.930176 -0.001005
4418.950195 -0.005362
4419.970215 -0.008777
4420.990234 -0.009995
4422.000000 -0.008971
4423.020020 -0.005780
4424.040039 -0.004711
4425.060059 -0.004935
4426.080078 -0.006146
4427.100098 -0.006830
4428.120117 -0.006929
4429.140137 -0.007563
4430.160156 -0.006584
4431.180176 -0.005492
4432.200195 -0.006157
4433.220215 -0.006429
4434.240234 -0.004493
4435.259766 -0.002371
4436.279785 -0.000700
4437.299805 -0.002816
4438.319824 -0.007759
4439.350098 -0.011367
4440.370117 -0.012195
4441.390137 -0.008653
4442.410156 -0.003755
4443.439941 -0.000790
4444.459961 -0.000342
4445.479980 -0.002848
4446.509766 -0.005494
4447.529785 -0.007073
4448.560059 -0.007152
4449.580078 -0.006682
4450.609863 -0.006505
4451.629883 -0.007099
4452.660156 -0.007548
4453.680176 -0.006336
4454.709961 -0.004762
4455.729980 -0.003159
4456.759766 -0.003357
4457.779785 -0.004453
4458.810059 -0.005663
4459.839844 -0.006359
4460.870117 -0.006173
4461.890137 -0.004579
4462.919922 -0.004241
4463.950195 -0.006356
4464.979980 -0.008487
4466.000000 -0.008366
4467.029785 -0.006972
4468.060059 -0.005624
4469.089844 -0.004249
4470.120117 -0.002484
4471.149902 -0.000550
4472.180176 -0.000374
4473.209961 -0.002872
4474.240234 -0.005993
4475.270020 -0.007294
4476.299805 -0.007299
4477.330078 -0.007588
4478.359863 -0.007800
4479.390137 -0.006169
4480.419922 -0.002306
4481.459961 0.002838
4482.490234 0.004701
4483.520020 0.002235
4484.549805 -0.001753
4485.580078 -0.006649
4486.620117 -0.008966
4487.649902 -0.008850
4488.680176 -0.005502
4489.720215 -0.002134
4490.750000 -0.001458
4491.790039 -0.002724
4492.819824 -0.005345
4493.859863 -0.006591
4494.890137 -0.005548
4495.930176 -0.003891
4496.959961 -0.003465
4498.000000 -0.005033
4499.029785 -0.007107
4500.069824 -0.007319
4501.100098 -0.005893
4502.140137 -0.004264
4503.180176 -0.004037
4504.209961 -0.005398
4505.250000 -0.007447
4506.290039 -0.007375
4507.330078 -0.005405
4508.370117 -0.004162
4509.399902 -0.004225
4510.439941 -0.004494
4511.479980 -0.005520
4512.520020 -0.005471
4513.560059 -0.003979
4514.600098 -0.002510
4515.640137 -0.002628
4516.680176 -0.003442
4517.720215 -0.003243
4518.759766 -0.003315
4519.799805 -0.004610
4520.839844 -0.005611
4521.879883 -0.006634
4522.919922 -0.007387
4523.959961 -0.006190
4525.009766 -0.005560
4526.049805 -0.005270
4527.089844 -0.003915
4528.129883 -0.002375
4529.169922 -0.002056
4530.220215 -0.003179
4531.259766 -0.005164
4532.299805 -0.007393
4533.350098 -0.007228
4534.390137 -0.005743
4535.439941 -0.004504
4536.479980 -0.004022
4537.529785 -0.006617
4538.569824 -0.009861
4539.620117 -0.010695
4540.660156 -0.008179
4541.709961 -0.005939
4542.750000 -0.005614
4543.799805 -0.005969
4544.850098 -0.006308
4545.890137 -0.005728
4546.939941 -0.004854
4547.990234 -0.004378
4549.029785 -0.003513
4550.080078 -0.002479
4551.129883 -0.002385
4552.180176 -0.003153
4553.220215 -0.002603
4554.270020 -0.001605
4555.319824 -0.000225
4556.370117 0.000236
4557.419922 -0.001670
4558.470215 -0.004119
4559.520020 -0.005151
4560.569824 -0.006323
4561.620117 -0.005965
4562.669922 -0.004600
4563.720215 -0.002294
4564.770020 0.000202
4565.819824 0.001706
4566.870117 0.000031
4567.930176 -0.003135
4568.979980 -0.005580
4570.029785 -0.005659
4571.080078 -0.003588
4572.140137 -0.001076
4573.189941 -0.001273
4574.240234 -0.003410
4575.290039 -0.005341
4576.350098 -0.006493
4577.399902 -0.007190
4578.459961 -0.006840
4579.509766 -0.004564
4580.569824 -0.001635
4581.620117 0.000045
4582.680176 0.000390
4583.729980 -0.000851
4584.790039 -0.001328
4585.839844 -0.001329
4586.899902 -0.001685
4587.950195 -0.003093
4589.009766 -0.005427
4590.069824 -0.006172
4591.120117 -0.005705
4592.180176 -0.004036
4593.240234 -0.002455
4594.299805 -0.002359
4595.359863 -0.002453
4596.410156 -0.002585
4597.470215 -0.003214
4598.529785 -0.003496
4599.589844 -0.004252
4600.649902 -0.004269
4601.709961 -0.003525
4602.770020 -0.003674
4603.830078 -0.002795
4604.890137 -0.001643
4605.950195 -0.001635
4607.009766 -0.002505
4608.069824 -0.003744
4609.129883 -0.005354
4610.189941 -0.006200
4611.250000 -0.005620
4612.319824 -0.003189
4613.379883 -0.000974
4614.439941 -0.000477
4615.500000 -0.001030
4616.569824 -0.001703
4617.629883 -0.002146
4618.689941 -0.001589
4619.759766 -0.000677
4620.819824 -0.000727
4621.879883 -0.001579
4622.950195 -0.002301
4624.009766 -0.002451
4625.080078 -0.002812
4626.140137 -0.002935
4627.209961 -0.002067
4628.270020 -0.001372
4629.339844 -0.002460
4630.410156 -0.002362
4631.470215 -0.003032
4632.540039 -0.004194
4633.609863 -0.003450
4634.669922 -0.002600
4635.740234 -0.002896
4636.810059 -0.003363
4637.879883 -0.003635
4638.939941 -0.002965
4640.009766 -0.002640
4641.080078 -0.003685
4642.149902 -0.005538
4643.220215 -0.007690
4644.290039 -0.007618
4645.359863 -0.005655
4646.430176 -0.003213
4647.500000 -0.001026
4648.569824 -0.000185
4649.640137 -0.001045
4650.709961 -0.003337
4651.779785 -0.006253
4652.850098 -0.007451
4653.919922 -0.007129
4654.990234 -0.005042
4656.069824 -0.002266
4657.140137 -0.001705
4658.209961 -0.002783
4659.279785 -0.005364
4660.359863 -0.008373
4661.430176 -0.009207
4662.500000 -0.007990
4663.580078 -0.006044
4664.649902 -0.005022
4665.720215 -0.004149
4666.799805 -0.002943
4667.870117 0.000517
4668.950195 0.001990
4670.020020 -0.001005
4671.100098 -0.005212
4672.169922 -0.007957
4673.250000 -0.008552
4674.330078 -0.007218
4675.399902 -0.007291
4676.479980 -0.008081
4677.560059 -0.008129
4678.629883 -0.007295
4679.709961 -0.006148
4680.790039 -0.005353
4681.870117 -0.005138
4682.950195 -0.006723
4684.020020 -0.008992
4685.100098 -0.011497
4686.180176 -0.013602
4687.259766 -0.013572
4688.339844 -0.011856
4689.419922 -0.009296
4690.500000 -0.007587
4691.580078 -0.006170
4692.660156 -0.005465
4693.740234 -0.005411
4694.819824 -0.006358
4695.899902 -0.008201
4696.979980 -0.009085
4698.069824 -0.008170
4699.149902 -0.006438
4700.229980 -0.004926
4701.310059 -0.004435
4702.399902 -0.003432
4703.479980 -0.003184
4704.560059 -0.003918
4705.640137 -0.005418
4706.729980 -0.005871
4707.810059 -0.005358
4708.899902 -0.003994
4709.979980 -0.003703
4711.060059 -0.005469
4712.149902 -0.007016
4713.229980 -0.007101
4714.319824 -0.004696
4715.410156 -0.002966
4716.490234 -0.003165
4717.580078 -0.004392
4718.660156 -0.005819
4719.750000 -0.005891
4720.839844 -0.005759
4721.930176 -0.005177
4723.009766 -0.004639
4724.100098 -0.005178
4725.189941 -0.005801
4726.279785 -0.006327
4727.359863 -0.005364
4728.450195 -0.001852
4729.540039 0.000290
4730.629883 0.000773
4731.720215 -0.000381
4732.810059 -0.003079
4733.899902 -0.004861
4734.990234 -0.005199
4736.080078 -0.005121
4737.169922 -0.003668
4738.259766 -0.003072
4739.350098 -0.004163
4740.439941 -0.004483
4741.540039 -0.003617
4742.629883 -0.002634
4743.720215 -0.002451
4744.810059 -0.002036
4745.910156 -0.001936
4747.000000 -0.002324
4748.089844 -0.002233
4749.189941 -0.002666
4750.279785 -0.003151
4751.370117 -0.002548
4752.470215 -0.002198
4753.560059 -0.001264
4754.660156 0.000149
4755.750000 0.000342
4756.850098 -0.000131
4757.939941 -0.001403
4759.040039 -0.002459
4760.129883 -0.003639
4761.229980 -0.004061
4762.330078 -0.003208
4763.419922 -0.001899
4764.520020 -0.000123
4765.620117 0.001019
4766.709961 0.001284
4767.810059 0.000335
4768.910156 -0.002074
4770.009766 -0.003536
4771.109863 -0.004093
4772.209961 -0.003179
4773.299805 -0.002364
4774.399902 -0.003129
4775.500000 -0.004208
4776.600098 -0.004801
4777.700195 -0.004828
4778.799805 -0.004516
4779.899902 -0.004795
4781.000000 -0.004885
4782.100098 -0.003977
4783.209961 -0.002717
4784.310059 -0.002889
4785.410156 -0.003220
4786.509766 -0.002996
4787.609863 -0.002379
4788.720215 -0.001737
4789.819824 -0.000865
4790.919922 -0.000557
4792.029785 -0.001242
4793.129883 -0.002477
4794.229980 -0.004044
4795.339844 -0.005252
4796.439941 -0.005713
4797.549805 -0.004283
4798.649902 -0.001218
4799.759766 0.000913
4800.859863 0.001303
4801.970215 0.000607
4803.069824 -0.001365
4804.180176 -0.002695
4805.279785 -0.001892
4806.390137 -0.000522
4807.500000 0.001235
4808.600098 0.001224
4809.709961 0.000860
4810.819824 -0.000194
4811.930176 -0.000661
4813.040039 -0.000763
4814.140137 -0.000369
4815.250000 -0.000104
4816.359863 -0.001368
4817.470215 -0.002081
4818.580078 -0.001950
4819.689941 -0.002235
4820.799805 -0.002863
4821.910156 -0.001927
4823.020020 0.000085
4824.129883 0.002252
4825.240234 0.002882
4826.350098 0.001712
4827.459961 -0.001210
4828.580078 -0.001693
4829.689941 -0.001365
4830.799805 -0.000516
4831.910156 0.000117
4833.029785 0.000384
4834.140137 -0.000126
4835.250000 -0.000367
4836.370117 -0.001286
4837.479980 -0.002082
4838.589844 -0.001619
4839.709961 -0.000282
4840.819824 0.000954
4841.939941 0.001526
4843.049805 0.001627
4844.169922 0.001475
4845.279785 0.000591
4846.399902 -0.001146
4847.509766 -0.000469
4848.629883 0.000829
4849.750000 0.002444
4850.859863 0.002588
4851.979980 0.001029
4853.100098 0.000917
4854.220215 0.000661
4855.330078 0.002067
4856.450195 0.003889
4857.569824 0.002299
4858.689941 -0.005120
4859.810059 -0.010644
4860.930176 0.010428
4862.049805 0.048598
4863.169922 0.046743
4864.290039 0.008038
4865.410156 -0.010078
4866.529785 -0.004937
4867.649902 -0.001513
4868.770020 -0.000855
4869.890137 -0.000313
4871.009766 0.002139
4872.129883 0.004989
4873.250000 0.006619
4874.379883 0.005468
4875.500000 0.002683
4876.620117 0.001397
4877.750000 0.001394
4878.870117 0.000636
4879.990234 -0.000094
4881.120117 -0.000212
4882.240234 0.000177
4883.359863 0.000197
4884.490234 0.000599
4885.609863 0.001780
4886.740234 0.001551
4887.859863 0.002240
4888.990234 0.003244
4890.120117 0.002955
4891.240234 0.004578
4892.370117 0.006224
4893.490234 0.004316
4894.620117 0.000732
4895.750000 -0.002684
4896.879883 -0.004006
4898.000000 -0.003011
4899.129883 -0.000452
4900.259766 0.001222
4901.390137 0.002415
4902.520020 0.003217
4903.649902 0.003227
4904.770020 0.002606
4905.899902 0.001155
4907.029785 -0.000666
4908.160156 -0.001230
4909.290039 0.000897
4910.430176 0.004112
4911.560059 0.005822
4912.689941 0.005187
4913.819824 0.002062
4914.950195 -0.001426
4916.080078 -0.003981
4917.209961 -0.004478
4918.350098 -0.001613
4919.479980 0.003432
4920.609863 0.007824
4921.740234 0.008798
4922.879883 0.006626
4924.009766 0.004418
4925.149902 0.002629
4926.279785 0.002029
4927.410156 0.000890
4928.549805 -0.000804
4929.680176 -0.001837
4930.819824 -0.001929
4931.950195 -0.001217
4933.089844 0.000313
4934.229980 0.002293
4935.359863 0.002458
4936.500000 0.002279
4937.640137 0.002955
4938.770020 0.005154
4939.910156 0.005569
4941.049805 0.004327
4942.189941 0.001775
4943.319824 -0.001231
4944.459961 -0.002364
4945.600098 -0.001591
4946.740234 0.000290
4947.879883 0.000688
4949.020020 -0.000543
4950.160156 -0.001458
4951.299805 -0.002907
4952.439941 -0.005000
4953.580078 -0.006689
4954.720215 -0.009349
4955.859863 -0.013433
4957.000000 -0.017958
4958.140137 -0.029962
4959.290039 -0.055464
4960.430176 -0.070592
4961.569824 -0.058796
4962.709961 -0.039737
4963.850098 -0.025595
4965.000000 -0.014956
4966.140137 -0.008227
4967.290039 -0.003617
4968.430176 -0.001636
4969.569824 -0.000900
4970.720215 -0.000383
4971.859863 -0.001289
4973.009766 -0.002369
4974.149902 -0.004078
4975.299805 -0.004824
4976.439941 -0.004154
4977.589844 -0.004775
4978.740234 -0.004202
4979.879883 -0.002483
4981.029785 -0.001931
4982.180176 -0.000797
4983.319824 0.001612
4984.470215 0.003451
4985.620117 0.002991
4986.770020 0.000762
4987.919922 -0.003019
4989.060059 -0.005185
4990.209961 -0.004899
4991.359863 -0.004423
4992.509766 -0.003478
4993.660156 -0.003719
4994.810059 -0.005130
4995.959961 -0.006100
4997.109863 -0.009103
4998.259766 -0.011751
4999.410156 -0.013025
5000.560059 -0.015147
5001.720215 -0.019561
5002.870117 -0.028573
5004.020020 -0.045288
5005.169922 -0.071910
5006.330078 -0.120212
5007.479980 -0.196256
5008.629883 -0.214690
5009.790039 -0.154259
5010.939941 -0.097006
5012.089844 -0.057625
5013.250000 -0.032453
5014.399902 -0.018626
5015.560059 -0.010698
5016.709961 -0.006409
5017.870117 -0.005490
5019.020020 -0.005319
5020.180176 -0.004178
5021.330078 -0.003831
5022.490234 -0.004001
5023.649902 -0.003355
5024.799805 -0.003349
5025.959961 -0.003706
5027.120117 -0.002313
5028.279785 -0.001605
5029.430176 -0.001136
5030.589844 -0.001447
5031.750000 -0.003203
5032.910156 -0.005616
5034.069824 -0.006659
5035.229980 -0.006254
5036.390137 -0.003768
5037.549805 -0.002479
5038.709961 -0.001348
5039.870117 0.000608
5041.029785 0.003447
5042.189941 0.005460
5043.350098 0.003236
5044.509766 -0.001622
5045.669922 -0.006563
5046.830078 -0.009104
5048.000000 -0.007547
5049.160156 -0.003543
5050.319824 0.000243
5051.490234 0.002155
5052.649902 0.002415
5053.810059 0.001207
5054.979980 -0.001086
5056.140137 -0.001998
5057.299805 -0.001852
5058.470215 -0.002362
5059.629883 -0.002950
5060.799805 -0.004113
5061.959961 -0.005184
5063.129883 -0.005549
5064.299805 -0.003463
5065.459961 -0.000837
5066.629883 0.000334
5067.799805 -0.000024
5068.959961 -0.001436
5070.129883 -0.002232
5071.299805 -0.002846
5072.470215 -0.003343
5073.629883 -0.002823
5074.799805 -0.002838
5075.970215 -0.004387
5077.140137 -0.005111
5078.310059 -0.004792
5079.479980 -0.003131
5080.649902 -0.000345
5081.819824 0.000710
5082.990234 -0.000324
5084.160156 -0.001704
5085.330078 -0.003052
5086.500000 -0.004641
5087.669922 -0.005587
5088.839844 -0.004947
5090.020020 -0.004459
5091.189941 -0.004843
5092.359863 -0.005111
5093.529785 -0.005529
5094.709961 -0.006088
5095.879883 -0.005725
5097.049805 -0.004239
5098.229980 -0.001301
5099.399902 0.001432
5100.569824 0.001371
5101.750000 -0.001276
5102.919922 -0.004556
5104.100098 -0.007022
5105.270020 -0.006797
5106.450195 -0.004811
5107.629883 -0.003510
5108.799805 -0.002516
5109.979980 -0.001358
5111.160156 -0.000789
5112.330078 -0.001881
5113.509766 -0.003322
5114.689941 -0.004389
5115.870117 -0.004527
5117.040039 -0.005456
5118.220215 -0.006310
5119.399902 -0.006873
5120.580078 -0.006547
5121.759766 -0.005360
5122.939941 -0.003637
5124.120117 -0.002074
5125.299805 -0.001109
5126.479980 -0.001205
5127.660156 -0.002176
5128.839844 -0.002671
5130.020020 -0.002823
5131.200195 -0.003051
5132.379883 -0.003714
5133.569824 -0.004358
5134.750000 -0.004584
5135.930176 -0.004655
5137.109863 -0.003761
5138.299805 -0.002878
5139.479980 -0.001845
5140.660156 -0.000335
5141.850098 -0.000788
5143.029785 -0.001715
5144.209961 -0.002606
5145.399902 -0.002936
5146.580078 -0.003498
5147.770020 -0.003699
5148.959961 -0.004179
5150.140137 -0.005039
5151.330078 -0.004883
5152.509766 -0.003644
5153.700195 -0.002784
5154.890137 -0.001147
5156.069824 -0.001565
5157.259766 -0.004712
5158.450195 -0.006371
5159.640137 -0.006988
5160.819824 -0.008232
5162.009766 -0.008935
5163.200195 -0.009625
5164.390137 -0.009231
5165.580078 -0.007698
5166.770020 -0.004518
5167.959961 -0.001055
5169.149902 -0.000310
5170.339844 -0.003472
5171.529785 -0.006466
5172.720215 -0.005329
5173.910156 -0.002881
5175.100098 -0.005382
5176.299805 -0.011183
5177.490234 -0.016179
5178.680176 -0.018034
5179.870117 -0.018243
5181.069824 -0.015302
5182.259766 -0.010168
5183.450195 -0.003482
5184.649902 0.002598
5185.839844 0.002619
5187.029785 -0.002692
5188.229980 -0.008669
5189.419922 -0.011237
5190.620117 -0.009768
5191.810059 -0.005828
5193.009766 -0.001455
5194.209961 0.001587
5195.399902 0.002385
5196.600098 0.001069
5197.790039 -0.000614
5198.990234 -0.002532
5200.189941 -0.004695
5201.390137 -0.005535
5202.580078 -0.006068
5203.779785 -0.004757
5204.979980 -0.001654
5206.180176 0.001592
5207.379883 0.002770
5208.580078 0.003142
5209.779785 0.002960
5210.979980 0.001397
5212.180176 -0.001507
5213.379883 -0.003222
5214.580078 -0.003063
5215.779785 -0.000482
5216.979980 0.003059
5218.180176 0.004845
5219.379883 0.003871
5220.580078 0.000926
5221.790039 -0.001557
5222.990234 -0.002016
5224.189941 -0.000179
5225.390137 0.003508
5226.600098 0.008527
5227.799805 0.011071
5229.009766 0.008748
5230.209961 0.003710
5231.410156 0.001093
5232.620117 0.001853
5233.819824 0.004460
5235.029785 0.007014
5236.229980 0.006672
5237.439941 0.005488
5238.649902 0.003993
5239.850098 0.003534
5241.060059 0.003983
5242.270020 0.003711
5243.470215 0.003117
5244.680176 0.002178
5245.890137 0.002494
5247.100098 0.002967
5248.310059 0.005212
5249.509766 0.007245
5250.720215 0.006529
5251.930176 0.005530
5253.140137 0.005442
5254.350098 0.004948
5255.560059 0.004599
5256.770020 0.004280
5257.979980 0.001920
5259.189941 -0.000540
5260.399902 -0.000360
5261.620117 -0.000277
5262.830078 0.003258
5264.040039 0.006836
5265.250000 0.007591
5266.459961 0.007048
5267.680176 0.005675
5268.890137 0.005531
5270.100098 0.007122
5271.319824 0.008101
5272.529785 0.006197
5273.740234 0.003407
5274.959961 0.003168
5276.169922 0.003709
5277.390137 0.003830
5278.600098 0.003038
5279.819824 0.002210
5281.040039 0.003218
5282.250000 0.006539
5283.470215 0.009951
5284.680176 0.010834
5285.899902 0.009667
5287.120117 0.006273
5288.339844 0.003621
5289.549805 0.003652
5290.770020 0.004149
5291.990234 0.004270
5293.209961 0.003615
5294.430176 0.003664
5295.649902 0.005038
5296.870117 0.006592
5298.089844 0.009333
5299.310059 0.010495
5300.529785 0.009969
5301.750000 0.008901
5302.970215 0.007225
5304.189941 0.006414
5305.410156 0.005477
5306.629883 0.004855
5307.859863 0.006259
5309.080078 0.007750
5310.299805 0.007245
5311.520020 0.006256
5312.750000 0.006717
5313.970215 0.007368
5315.189941 0.008529
5316.419922 0.009633
5317.640137 0.010047
5318.870117 0.009118
5320.089844 0.007625
5321.319824 0.005762
5322.540039 0.004624
5323.770020 0.004722
5324.990234 0.005488
5326.220215 0.006282
5327.450195 0.008244
5328.669922 0.011111
5329.899902 0.012624
5331.129883 0.010698
5332.359863 0.005728
5333.580078 0.003138
5334.810059 0.002567
5336.040039 0.002619
5337.270020 0.002431
5338.500000 0.003666
5339.729980 0.006721
5340.959961 0.008478
5342.189941 0.009607
5343.419922 0.008230
5344.649902 0.005475
5345.879883 0.004603
5347.109863 0.005866
5348.339844 0.007460
5349.569824 0.008812
5350.799805 0.008918
5352.040039 0.007856
5353.270020 0.007459
5354.500000 0.006989
5355.729980 0.005648
5356.970215 0.005275
5358.200195 0.005136
5359.439941 0.005221
5360.669922 0.005678
5361.899902 0.007248
5363.140137 0.009132
5364.370117 0.009444
5365.609863 0.008952
5366.850098 0.008324
5368.080078 0.007776
5369.319824 0.008167
5370.549805 0.010065
5371.790039 0.012522
5373.029785 0.012835
5374.270020 0.009435
5375.500000 0.005830
5376.740234 0.003380
5377.979980 0.003178
5379.220215 0.006066
5380.459961 0.007682
5381.700195 0.007525
5382.930176 0.008696
5384.169922 0.009130
5385.410156 0.008274
5386.649902 0.006725
5387.890137 0.005594
5389.140137 0.005163
5390.379883 0.005997
5391.620117 0.007614
5392.859863 0.007356
5394.100098 0.005827
5395.339844 0.006284
5396.589844 0.007164
5397.830078 0.007922
5399.069824 0.007454
5400.310059 0.005345
5401.560059 0.003707
5402.799805 0.002954
5404.049805 0.004026
5405.290039 0.007314
5406.540039 0.009716
5407.779785 0.009477
5409.029785 0.007540
5410.270020 0.006294
5411.520020 0.006850
5412.759766 0.005822
5414.009766 0.005005
5415.259766 0.005467
5416.500000 0.005734
5417.750000 0.004745
5419.000000 0.004998
5420.250000 0.006589
5421.500000 0.007525
5422.740234 0.008018
5423.990234 0.008572
5425.240234 0.008287
5426.490234 0.007530
5427.740234 0.005288
5428.990234 0.004240
5430.240234 0.007017
5431.490234 0.008910
5432.740234 0.008325
5433.990234 0.007465
5435.240234 0.009079
5436.500000 0.010630
5437.750000 0.008991
5439.000000 0.006147
5440.250000 0.004074
5441.509766 0.003163
5442.759766 0.002921
5444.009766 0.003389
5445.270020 0.004970
5446.520020 0.008728
5447.770020 0.010895
5449.029785 0.010163
5450.279785 0.006740
5451.540039 0.003412
5452.790039 0.002416
5454.049805 0.003309
5455.310059 0.006643
5456.560059 0.008548
5457.819824 0.007454
5459.080078 0.005151
5460.330078 0.003167
5461.589844 0.003098
5462.850098 0.004971
5464.109863 0.007031
5465.359863 0.008237
5466.620117 0.006262
5467.879883 0.004751
5469.140137 0.003889
5470.399902 0.003247
5471.660156 0.003313
5472.919922 0.003480
5474.180176 0.004665
5475.439941 0.005645
5476.700195 0.006761
5477.959961 0.008347
5479.220215 0.007686
5480.490234 0.005752
5481.750000 0.004304
5483.009766 0.004997
5484.270020 0.005732
5485.540039 0.003907
5486.799805 0.002890
5488.060059 0.004345
5489.330078 0.005485
5490.589844 0.006099
5491.859863 0.006249
5493.120117 0.005405
5494.379883 0.004796
5495.649902 0.005023
5496.919922 0.006406
5498.180176 0.005816
5499.450195 0.004888
5500.709961 0.004741
5501.979980 0.005787
5503.250000 0.006414
5504.520020 0.006005
5505.779785 0.006223
5507.049805 0.006260
5508.319824 0.005518
5509.589844 0.005260
5510.859863 0.004409
5512.129883 0.004207
5513.390137 0.006254
5514.660156 0.007328
5515.930176 0.007166
5517.200195 0.005784
5518.479980 0.004406
5519.750000 0.003717
5521.020020 0.003071
5522.290039 0.002804
5523.560059 0.003377
5524.830078 0.004414
5526.100098 0.005052
5527.379883 0.006811
5528.649902 0.008686
5529.919922 0.008858
5531.200195 0.006995
5532.470215 0.004369
5533.740234 0.004349
5535.020020 0.005592
5536.290039 0.006201
5537.569824 0.007338
5538.839844 0.007637
5540.120117 0.005797
5541.390137 0.005451
5542.669922 0.005961
5543.950195 0.006137
5545.220215 0.007707
5546.500000 0.008780
5547.779785 0.008206
5549.060059 0.007953
5550.330078 0.007272
5551.609863 0.006525
5552.890137 0.005962
5554.169922 0.006297
5555.450195 0.007600
5556.729980 0.008591
5558.009766 0.007935
5559.290039 0.006711
5560.569824 0.006232
5561.850098 0.005998
5563.129883 0.006517
5564.410156 0.006818
5565.689941 0.006289
5566.970215 0.007596
5568.250000 0.007509
5569.540039 0.006858
5570.819824 0.007139
5572.100098 0.007162
5573.390137 0.007123
5574.669922 0.007567
5575.950195 0.006860
5577.240234 0.006024
5578.520020 0.006580
5579.810059 0.006525
5581.089844 0.005261
5582.379883 0.004257
5583.660156 0.003258
5584.950195 0.003378
5586.229980 0.005103
5587.520020 0.007616
5588.810059 0.009516
5590.089844 0.009180
5591.379883 0.007640
5592.669922 0.006738
5593.959961 0.005633
5595.240234 0.004786
5596.529785 0.004008
5597.819824 0.003756
5599.109863 0.004144
5600.399902 0.005610
5601.689941 0.008166
5602.979980 0.009666
5604.270020 0.009419
5605.560059 0.007275
5606.850098 0.004829
5608.140137 0.003860
5609.430176 0.003509
5610.729980 0.003179
5612.020020 0.003967
5613.310059 0.004685
5614.600098 0.005499
5615.899902 0.007877
5617.189941 0.009446
5618.479980 0.008596
5619.779785 0.006758
5621.069824 0.004790
5622.370117 0.003557
5623.660156 0.004519
5624.959961 0.006205
5626.250000 0.007986
5627.549805 0.007296
5628.839844 0.005782
5630.140137 0.004272
5631.439941 0.002917
5632.729980 0.002955
5634.029785 0.004098
5635.330078 0.004665
5636.620117 0.005863
5637.919922 0.006990
5639.220215 0.007343
5640.520020 0.007446
5641.819824 0.007309
5643.120117 0.007442
5644.419922 0.007716
5645.720215 0.007195
5647.020020 0.006394
5648.319824 0.006243
5649.620117 0.006923
5650.919922 0.006854
5652.220215 0.005992
5653.520020 0.006163
5654.819824 0.005845
5656.129883 0.006551
5657.430176 0.007763
5658.729980 0.008568
5660.029785 0.009620
5661.339844 0.009793
5662.640137 0.008359
5663.950195 0.007224
5665.250000 0.006551
5666.549805 0.005413
5667.859863 0.006267
5669.169922 0.007638
5670.470215 0.007757
5671.779785 0.007337
5673.080078 0.006419
5674.390137 0.005897
5675.700195 0.006144
5677.000000 0.006679
5678.310059 0.006266
5679.620117 0.006084
5680.930176 0.006821
5682.229980 0.007266
5683.540039 0.007697
5684.850098 0.008609
5686.160156 0.007730
5687.470215 0.007737
5688.779785 0.008073
5690.089844 0.007899
5691.399902 0.007520
5692.709961 0.005495
5694.020020 0.004973
5695.330078 0.005267
5696.640137 0.005616
5697.959961 0.006104
5699.270020 0.006811
5700.580078 0.007346
5701.890137 0.007478
5703.209961 0.007459
5704.520020 0.006302
5705.830078 0.005290
5707.149902 0.005657
5708.459961 0.007061
5709.779785 0.008522
5711.089844 0.009369
5712.410156 0.009648
5713.720215 0.008706
5715.040039 0.006821
5716.350098 0.005427
5717.669922 0.005484
5718.990234 0.006171
5720.299805 0.006316
5721.620117 0.006090
5722.939941 0.006562
5724.259766 0.006301
5725.569824 0.006147
5726.890137 0.007355
5728.209961 0.008186
5729.529785 0.008259
5730.850098 0.008110
5732.169922 0.007759
5733.490234 0.008497
5734.810059 0.008751
5736.129883 0.007521
5737.450195 0.007246
5738.770020 0.007628
5740.100098 0.008119
5741.419922 0.008561
5742.740234 0.008045
5744.060059 0.008502
5745.379883 0.007370
5746.709961 0.007130
5748.029785 0.007944
5749.350098 0.008102
5750.680176 0.007703
5752.000000 0.007596
5753.330078 0.008312
5754.649902 0.008978
5755.979980 0.008766
5757.299805 0.007624
5758.629883 0.006054
5759.959961 0.006027
5761.279785 0.007408
5762.609863 0.009138
5763.939941 0.010599
5765.259766 0.009734
5766.589844 0.008060
5767.919922 0.006937
5769.250000 0.006554
5770.580078 0.006733
5771.899902 0.007637
5773.229980 0.008726
5774.560059 0.009053
5775.890137 0.008063
5777.220215 0.007524
5778.549805 0.007112
5779.879883 0.007543
5781.209961 0.009198
5782.549805 0.011227
5783.879883 0.011662
5785.209961 0.011505
5786.540039 0.010731
5787.870117 0.008945
5789.209961 0.006874
5790.540039 0.006795
5791.870117 0.007732
5793.209961 0.008265
5794.540039 0.008435
5795.879883 0.008191
5797.209961 0.008878
5798.549805 0.009835
5799.879883 0.010111
5801.220215 0.009299
5802.549805 0.008318
5803.890137 0.007605
5805.229980 0.009221
5806.560059 0.011088
5807.899902 0.010944
5809.240234 0.010072
5810.569824 0.009637
5811.910156 0.009322
5813.250000 0.008669
5814.589844 0.009147
5815.930176 0.010452
5817.270020 0.010609
5818.609863 0.009801
5819.950195 0.009093
5821.290039 0.008260
5822.629883 0.008296
5823.970215 0.008740
5825.310059 0.009036
5826.649902 0.008785
5827.990234 0.008790
5829.339844 0.009609
5830.680176 0.008713
5832.020020 0.008326
5833.359863 0.008830
5834.709961 0.009776
5836.049805 0.009523
5837.399902 0.009452
5838.740234 0.009291
5840.080078 0.009485
5841.430176 0.008669
5842.770020 0.007905
5844.120117 0.007874
5845.470215 0.008299
5846.810059 0.008306
5848.160156 0.008146
5849.500000 0.008460
5850.850098 0.008215
5852.200195 0.008181
5853.549805 0.008054
5854.890137 0.008308
5856.240234 0.008755
5857.589844 0.008925
5858.939941 0.009147
5860.290039 0.008171
5861.640137 0.007656
5862.990234 0.006596
5864.339844 0.005809
5865.689941 0.006029
5867.040039 0.006440
5868.390137 0.006429
5869.740234 0.006145
5871.089844 0.005080
5872.450195 0.004276
5873.799805 0.004157
5875.149902 0.005457
5876.500000 0.007476
5877.859863 0.008005
5879.209961 0.005884
5880.569824 0.003106
5881.919922 0.003087
5883.270020 0.002282
5884.629883 -0.000058
5885.979980 -0.001393
5887.339844 -0.001678
5888.700195 0.000441
5890.049805 0.004412
5891.410156 0.006432
5892.759766 0.003464
5894.120117 -0.001018
5895.479980 -0.002106
5896.839844 -0.000124
5898.189941 0.000654
5899.549805 -0.001274
5900.910156 -0.004184
5902.270020 -0.004388
5903.629883 -0.002882
5904.990234 -0.000577
5906.350098 0.001177
5907.709961 0.002642
5909.069824 0.003684
5910.430176 0.003656
5911.790039 0.004318
5913.149902 0.004875
5914.509766 0.005796
5915.879883 0.007987
5917.240234 0.007900
5918.600098 0.006834
5919.959961 0.006284
5921.330078 0.005433
5922.689941 0.004819
5924.060059 0.005029
5925.419922 0.005234
5926.779785 0.005354
5928.149902 0.005558
5929.509766 0.006433
5930.879883 0.007301
5932.250000 0.007598
5933.609863 0.007365
5934.979980 0.007095
5936.339844 0.007201
5937.709961 0.006681
5939.080078 0.005863
5940.450195 0.006062
5941.810059 0.006883
5943.180176 0.007244
5944.549805 0.006860
5945.919922 0.005795
5947.290039 0.005859
5948.660156 0.006163
5950.029785 0.006579
5951.399902 0.007105
5952.770020 0.007489
5954.140137 0.007690
5955.509766 0.007883
5956.879883 0.007285
5958.250000 0.007068
5959.629883 0.007824
5961.000000 0.007338
5962.370117 0.006847
5963.750000 0.006976
5965.120117 0.007431
5966.490234 0.008076
5967.870117 0.008305
5969.240234 0.007509
5970.620117 0.006964
5971.990234 0.006342
5973.370117 0.006353
5974.740234 0.007227
5976.120117 0.007788
5977.490234 0.008661
5978.870117 0.008604
5980.250000 0.007546
5981.620117 0.007140
5983.000000 0.007101
5984.379883 0.007836
5985.759766 0.008489
5987.140137 0.008584
5988.509766 0.008267
5989.890137 0.007592
5991.270020 0.007165
5992.649902 0.007298
5994.029785 0.006842
5995.410156 0.005879
5996.790039 0.006241
5998.169922 0.007154
5999.560059 0.007868
6000.939941 0.007966
6002.319824 0.007060
6003.700195 0.006896
6005.080078 0.007472
6006.470215 0.007143
6007.850098 0.008198
6009.229980 0.009004
6010.620117 0.008058
6012.000000 0.007660
6013.390137 0.007593
6014.770020 0.007490
6016.160156 0.007627
6017.540039 0.007823
6018.930176 0.007861
6020.310059 0.008099
6021.700195 0.008658
6023.089844 0.009003
6024.470215 0.008726
6025.859863 0.008532
6027.250000 0.008222
6028.640137 0.007978
6030.020020 0.008395
6031.410156 0.008562
6032.799805 0.007906
6034.189941 0.007613
6035.580078 0.008138
6036.970215 0.008435
6038.359863 0.009152
6039.750000 0.009725
6041.140137 0.009618
6042.529785 0.009901
6043.930176 0.010056
6045.319824 0.009693
6046.709961 0.009147
6048.100098 0.009291
6049.490234 0.009040
6050.890137 0.008770
6052.279785 0.008804
6053.669922 0.008971
6055.069824 0.009551
6056.459961 0.010008
6057.859863 0.009730
6059.250000 0.008848
6060.649902 0.008487
6062.040039 0.008079
6063.439941 0.008616
6064.839844 0.009970
6066.229980 0.011359
6067.629883 0.010922
6069.029785 0.009667
6070.419922 0.008577
6071.819824 0.008240
6073.220215 0.008187
6074.620117 0.008034
6076.020020 0.008242
6077.419922 0.008589
6078.819824 0.009179
6080.220215 0.009839
6081.620117 0.009837
6083.020020 0.009788
6084.419922 0.009256
6085.819824 0.007834
6087.220215 0.007462
6088.620117 0.007308
6090.029785 0.007499
6091.430176 0.008163
6092.830078 0.008376
6094.229980 0.008728
6095.640137 0.008462
6097.040039 0.007506
6098.439941 0.006831
6099.850098 0.007092
6101.250000 0.008319
6102.660156 0.010138
6104.060059 0.011370
6105.470215 0.011974
6106.879883 0.010687
6108.279785 0.009327
6109.689941 0.008667
6111.100098 0.008667
6112.500000 0.008613
6113.910156 0.008271
6115.319824 0.007953
6116.729980 0.007994
6118.140137 0.008022
6119.540039 0.008105
6120.950195 0.009041
6122.359863 0.010044
6123.770020 0.010937
6125.180176 0.010275
6126.589844 0.008719
6128.000000 0.008514
6129.419922 0.008592
6130.830078 0.008082
6132.240234 0.006479
6133.649902 0.006697
6135.060059 0.007609
6136.479980 0.010245
6137.890137 0.013418
6139.299805 0.013562
6140.720215 0.011936
6142.129883 0.010113
6143.549805 0.009208
6144.959961 0.008974
6146.379883 0.008191
6147.790039 0.008440
6149.209961 0.009235
6150.620117 0.009822
6152.040039 0.009493
6153.459961 0.008618
6154.870117 0.007869
6156.290039 0.006587
6157.709961 0.006475
6159.129883 0.006743
6160.540039 0.007165
6161.959961 0.008957
6163.379883 0.010773
6164.799805 0.010626
6166.220215 0.007788
6167.640137 0.005686
6169.060059 0.005939
6170.479980 0.007124
6171.899902 0.008070
6173.319824 0.007666
6174.750000 0.007080
6176.169922 0.007163
6177.589844 0.007932
6179.009766 0.007815
6180.439941 0.007244
6181.859863 0.006936
6183.279785 0.006587
6184.709961 0.006521
6186.129883 0.006858
6187.560059 0.007062
6188.979980 0.007514
6190.410156 0.008313
6191.830078 0.008732
6193.259766 0.008887
6194.680176 0.008257
6196.109863 0.006514
6197.540039 0.005720
6198.959961 0.005921
6200.390137 0.007038
6201.819824 0.007617
6203.250000 0.008101
6204.680176 0.007801
6206.100098 0.006633
6207.529785 0.005774
6208.959961 0.005548
6210.390137 0.005436
6211.819824 0.005461
6213.250000 0.005972
6214.680176 0.007172
6216.120117 0.007576
6217.549805 0.007520
6218.979980 0.006752
6220.410156 0.005717
6221.839844 0.005304
6223.279785 0.004993
6224.709961 0.004942
6226.140137 0.004128
6227.580078 0.003193
6229.009766 0.004219
6230.450195 0.005891
6231.879883 0.007250
6233.310059 0.007292
6234.750000 0.006294
6236.189941 0.004227
6237.620117 0.003666
6239.060059 0.003891
6240.500000 0.004762
6241.930176 0.005823
6243.370117 0.006743
6244.810059 0.007404
6246.250000 0.007244
6247.680176 0.006613
6249.120117 0.005292
6250.560059 0.004056
6252.000000 0.004215
6253.439941 0.004693
6254.879883 0.005381
6256.319824 0.006540
6257.759766 0.007514
6259.200195 0.007499
6260.649902 0.007322
6262.089844 0.005468
6263.529785 0.003994
6264.970215 0.004419
6266.410156 0.003858
6267.859863 0.004148
6269.299805 0.005941
6270.740234 0.006705
6272.189941 0.007272
6273.629883 0.006877
6275.080078 0.006204
6276.520020 0.006449
6277.970215 0.006469
6279.410156 0.007002
6280.859863 0.008958
6282.310059 0.010488
6283.750000 0.011163
6285.200195 0.010783
6286.649902 0.009978
6288.089844 0.008604
6289.540039 0.007731
6290.990234 0.007105
6292.439941 0.007190
6293.890137 0.007256
6295.339844 0.007109
6296.790039 0.006481
6298.240234 0.005546
6299.689941 0.006831
6301.140137 0.011117
6302.589844 0.012620
6304.040039 0.008820
6305.490234 0.006047
6306.950195 0.006595
6308.399902 0.006747
6309.850098 0.006063
6311.299805 0.006072
6312.759766 0.006499
6314.209961 0.006775
6315.669922 0.008349
6317.120117 0.009157
6318.569824 0.009194
6320.029785 0.009713
6321.479980 0.009550
6322.939941 0.008460
6324.399902 0.007163
6325.850098 0.006657
6327.310059 0.006493
6328.770020 0.006732
6330.220215 0.007391
6331.680176 0.007530
6333.140137 0.007113
6334.600098 0.007743
6336.060059 0.009039
6337.520020 0.009487
6338.979980 0.009567
6340.439941 0.008810
6341.899902 0.007347
6343.359863 0.007554
6344.819824 0.008934
6346.279785 0.009241
6347.740234 0.008694
6349.200195 0.008387
6350.660156 0.007393
6352.129883 0.006338
6353.589844 0.006460
6355.049805 0.006728
6356.520020 0.006638
6357.979980 0.006901
6359.439941 0.007019
6360.910156 0.007704
6362.370117 0.008608
6363.839844 0.009981
6365.299805 0.010456
6366.770020 0.008910
6368.229980 0.006139
6369.700195 0.006066
6371.169922 0.007360
6372.640137 0.007357
6374.100098 0.007344
6375.569824 0.007218
6377.040039 0.006980
6378.509766 0.007998
6379.979980 0.008243
6381.450195 0.008910
6382.919922 0.009302
6384.390137 0.008753
6385.859863 0.008299
6387.330078 0.007666
6388.799805 0.007569
6390.270020 0.007073
6391.740234 0.007592
6393.209961 0.008744
6394.680176 0.009904
6396.160156 0.009582
6397.629883 0.008114
6399.100098 0.008454
6400.580078 0.008940
6402.049805 0.009238
6403.520020 0.008603
6405.000000 0.007655
6406.470215 0.007062
6407.950195 0.007720
6409.430176 0.008804
6410.899902 0.008988
6412.379883 0.008956
6413.850098 0.009143
6415.330078 0.009103
6416.810059 0.008952
6418.290039 0.008403
6419.759766 0.008647
6421.240234 0.009575
6422.720215 0.009670
6424.200195 0.008853
6425.680176 0.007491
6427.160156 0.006239
6428.640137 0.006320
6430.120117 0.007310
6431.600098 0.008899
6433.080078 0.009880
6434.560059 0.009640
6436.049805 0.008283
6437.529785 0.008167
6439.009766 0.008926
6440.490234 0.009645
6441.979980 0.009981
6443.459961 0.008537
6444.939941 0.006974
6446.430176 0.006346
6447.910156 0.006839
6449.399902 0.008675
6450.879883 0.010489
6452.370117 0.011292
6453.850098 0.010854
6455.339844 0.009645
6456.830078 0.008998
6458.310059 0.008758
6459.799805 0.008314
6461.290039 0.008304
6462.779785 0.009201
6464.259766 0.010717
6465.750000 0.010870
6467.240234 0.009420
6468.729980 0.007947
6470.220215 0.007699
6471.709961 0.008700
6473.200195 0.009325
6474.689941 0.009406
6476.180176 0.008942
6477.669922 0.008199
6479.169922 0.007686
6480.660156 0.007738
6482.149902 0.008659
6483.640137 0.009560
6485.140137 0.009583
6486.629883 0.008094
6488.120117 0.006346
6489.620117 0.005437
6491.109863 0.005277
6492.609863 0.005980
6494.100098 0.008029
6495.600098 0.011003
6497.089844 0.012172
6498.589844 0.011504
6500.089844 0.009918
6501.580078 0.007783
6503.080078 0.006108
6504.580078 0.005051
6506.080078 0.005073
6507.569824 0.005677
6509.069824 0.006454
6510.569824 0.006607
6512.069824 0.006595
6513.569824 0.006761
6515.069824 0.007039
6516.569824 0.007365
6518.069824 0.008395
6519.569824 0.009228
6521.069824 0.008867
6522.580078 0.007951
6524.080078 0.007570
6525.580078 0.007480
6527.080078 0.007658
6528.589844 0.008115
6530.089844 0.007939
6531.589844 0.008121
6533.100098 0.008460
6534.600098 0.007734
6536.109863 0.007894
6537.609863 0.007475
6539.120117 0.006749
6540.620117 0.005233
6542.129883 0.004210
6543.640137 0.002604
6545.140137 -0.003383
6546.649902 -0.012749
6548.160156 -0.019945
6549.669922 -0.022050
6551.169922 -0.023112
6552.680176 -0.020394
6554.189941 -0.010677
6555.700195 -0.004096
6557.209961 -0.005652
6558.720215 -0.020545
6560.229980 -0.060379
6561.740234 -0.085071
6563.250000 -0.039158
6564.759766 -0.002929
6566.279785 -0.051007
6567.790039 -0.087428
6569.299805 -0.052323
6570.810059 -0.014300
6572.330078 -0.002601
6573.839844 0.000571
6575.350098 0.001361
6576.870117 -0.000658
6578.379883 -0.005044
6579.899902 -0.017549
6581.410156 -0.044685
6582.930176 -0.072050
6584.439941 -0.080530
6585.959961 -0.079429
6587.479980 -0.072474
6588.990234 -0.046529
6590.509766 -0.015805
6592.029785 -0.000436
6593.549805 0.004515
6595.060059 0.006700
6596.580078 0.007079
6598.100098 0.006536
6599.620117 0.005413
6601.140137 0.004907
6602.660156 0.004323
6604.180176 0.004574
6605.700195 0.005444
6607.220215 0.006392
6608.750000 0.007421
6610.270020 0.007897
6611.790039 0.007324
6613.310059 0.006443
6614.839844 0.005908
6616.359863 0.006038
6617.879883 0.005695
6619.410156 0.005195
6620.930176 0.005311
6622.459961 0.005252
6623.979980 0.005907
6625.509766 0.006226
6627.029785 0.006131
6628.560059 0.005610
6630.080078 0.004996
6631.609863 0.005304
6633.140137 0.005723
6634.669922 0.006482
6636.189941 0.006899
6637.720215 0.005965
6639.250000 0.004871
6640.779785 0.004781
6642.310059 0.005365
6643.839844 0.005296
6645.370117 0.005460
6646.899902 0.005914
6648.430176 0.005638
6649.959961 0.004949
6651.490234 0.004248
6653.020020 0.004486
6654.560059 0.005020
6656.089844 0.004661
6657.620117 0.004238
6659.149902 0.003894
6660.689941 0.003796
6662.220215 0.004194
6663.759766 0.005012
6665.290039 0.005174
6666.830078 0.005649
6668.359863 0.005269
6669.899902 0.003977
6671.430176 0.003216
6672.970215 0.003027
6674.509766 0.002660
6676.040039 0.002569
6677.580078 0.003848
6679.120117 0.006249
6680.660156 0.006638
6682.189941 0.005111
6683.729980 0.003630
6685.270020 0.003348
6686.810059 0.002766
6688.350098 0.002575
6689.890137 0.003324
6691.430176 0.002924
6692.970215 0.002741
6694.509766 0.002855
6696.060059 0.003071
6697.600098 0.004230
6699.140137 0.004522
6700.680176 0.003596
6702.229980 0.003139
6703.770020 0.003022
6705.310059 0.003565
6706.859863 0.003932
6708.399902 0.003415
6709.950195 0.003027
6711.490234 0.002015
6713.040039 -0.001974
6714.580078 -0.005265
6716.129883 0.010369
6717.680176 0.038270
6719.220215 0.036574
6720.770020 0.007586
6722.319824 -0.005348
6723.870117 -0.001110
6725.419922 0.001561
6726.959961 0.000083
6728.509766 -0.004135
6730.060059 -0.000354
6731.609863 0.017359
6733.160156 0.023492
6734.709961 0.007407
6736.259766 -0.004367
6737.810059 -0.001280
6739.370117 0.002620
6740.919922 0.003426
6742.470215 0.003333
6744.020020 0.003082
6745.580078 0.003238
6747.129883 0.003601
6748.680176 0.003348
6750.240234 0.003607
6751.790039 0.003849
6753.350098 0.003533
6754.899902 0.003384
6756.459961 0.003154
6758.009766 0.002277
6759.569824 0.001753
6761.129883 0.002058
6762.680176 0.002862
6764.240234 0.002584
6765.799805 0.002591
6767.359863 0.003472
6768.919922 0.003913
6770.470215 0.004325
6772.029785 0.004429
6773.589844 0.003826
6775.149902 0.003184
6776.709961 0.002492
6778.270020 0.002436
6779.830078 0.002085
6781.399902 0.001959
6782.959961 0.002610
6784.520020 0.003066
6786.080078 0.003858
6787.640137 0.004118
6789.209961 0.003098
6790.770020 0.002261
6792.330078 0.002165
6793.899902 0.002298
6795.459961 0.002975
6797.029785 0.002962
6798.589844 0.002971
6800.160156 0.003596
6801.729980 0.002906
6803.290039 0.002298
6804.859863 0.002477
6806.430176 0.003018
6807.990234 0.003072
6809.560059 0.002923
6811.129883 0.002900
6812.700195 0.002778
6814.270020 0.002526
6815.839844 0.002752
6817.399902 0.002970
6818.970215 0.002998
6820.540039 0.002894
6822.120117 0.003139
6823.689941 0.002888
6825.259766 0.002464
6826.830078 0.002310
6828.399902 0.002803
6829.970215 0.003526
6831.549805 0.003802
6833.120117 0.003048
6834.689941 0.002220
6836.270020 0.002101
6837.839844 0.002248
6839.419922 0.002979
6840.990234 0.004397
6842.569824 0.005054
6844.140137 0.004970
6845.720215 0.003827
6847.299805 0.002483
6848.870117 0.002352
6850.450195 0.002195
6852.029785 0.001899
6853.600098 0.002373
6855.180176 0.003231
6856.759766 0.003866
6858.339844 0.004198
6859.919922 0.003918
6861.500000 0.004067
6863.080078 0.004474
6864.660156 0.003575
6866.240234 0.002780
6867.819824 0.002434
6869.399902 0.001980
6870.990234 0.002107
6872.569824 0.002891
6874.149902 0.003235
6875.729980 0.003195
6877.319824 0.003025
6878.899902 0.002604
6880.490234 0.002856
6882.069824 0.003318
6883.649902 0.003909
6885.240234 0.004481
6886.830078 0.003986
6888.410156 0.003397
6890.000000 0.002609
6891.580078 0.002359
6893.169922 0.002737
6894.759766 0.002959
6896.350098 0.003647
6897.930176 0.003886
6899.520020 0.003743
6901.109863 0.003798
6902.700195 0.003889
6904.290039 0.003449
6905.879883 0.003786
6907.470215 0.003513
6909.060059 0.002883
6910.649902 0.002826
6912.240234 0.002420
6913.839844 0.003199
6915.430176 0.004409
6917.020020 0.004189
6918.609863 0.003556
6920.209961 0.003088
6921.799805 0.003108
6923.390137 0.003162
6924.990234 0.002834
6926.580078 0.003570
6928.180176 0.003902
6929.770020 0.003313
6931.370117 0.003340
6932.970215 0.003139
6934.560059 0.003014
6936.160156 0.003438
6937.759766 0.003223
6939.350098 0.002645
6940.950195 0.002435
6942.549805 0.002458
6944.149902 0.003080
6945.750000 0.003644
6947.350098 0.004093
6948.950195 0.003716
6950.549805 0.003352
6952.149902 0.003432
6953.750000 0.003962
6955.350098 0.004177
6956.950195 0.003506
6958.560059 0.003206
6960.160156 0.003000
6961.759766 0.002868
6963.359863 0.002686
6964.970215 0.003071
6966.569824 0.003386
6968.180176 0.003094
6969.779785 0.002561
6971.390137 0.002036
6972.990234 0.002428
6974.600098 0.002784
6976.200195 0.003114
6977.810059 0.004267
6979.419922 0.005749
6981.020020 0.006279
6982.629883 0.004880
6984.240234 0.003208
6985.850098 0.002232
6987.459961 0.002181
6989.060059 0.002578
6990.669922 0.003093
6992.279785 0.003628
6993.890137 0.003198
6995.509766 0.003274
6997.120117 0.003082
6998.729980 0.003319
7000.339844 0.003614
7001.950195 0.003540
7003.560059 0.004016
7005.180176 0.003700
7006.790039 0.003825
7008.399902 0.003720
7010.020020 0.002848
7011.629883 0.002715
7013.250000 0.002437
7014.859863 0.002918
7016.479980 0.004006
7018.089844 0.004660
7019.709961 0.003892
7021.330078 0.003008
7022.939941 0.002652
7024.560059 0.003605
7026.180176 0.004667
7027.790039 0.004526
7029.410156 0.003950
7031.029785 0.003523
7032.649902 0.003111
7034.270020 0.003451
7035.890137 0.003968
7037.509766 0.004357
7039.129883 0.004783
7040.750000 0.004749
7042.370117 0.004000
7044.000000 0.003336
7045.620117 0.002932
7047.240234 0.002885
7048.859863 0.002106
7050.490234 0.001414
7052.109863 0.001193
7053.729980 0.001850
7055.359863 0.002943
7056.979980 0.003329
7058.609863 0.002686
7060.229980 0.002113
7061.859863 0.001685
7063.490234 0.000862
7065.109863 0.001062
7066.740234 0.001502
7068.370117 0.001702
7069.990234 0.002018
7071.620117 0.001536
7073.250000 0.000505
7074.879883 0.000223
7076.509766 0.000324
7078.140137 0.000248
7079.770020 -0.000583
7081.399902 -0.001385
7083.029785 -0.001365
7084.660156 -0.000048
7086.290039 0.001272
7087.919922 0.001303
7089.560059 0.000844
7091.189941 0.000531
7092.819824 0.000427
7094.459961 0.000061
7096.089844 -0.000517
7097.720215 -0.000677
7099.359863 -0.001203
7100.990234 -0.001771
7102.629883 -0.001536
7104.259766 -0.001267
7105.899902 -0.001113
7107.540039 -0.001238
7109.169922 -0.001315
7110.810059 -0.000791
7112.450195 -0.000152
7114.089844 -0.000020
7115.720215 0.000142
7117.359863 -0.000802
7119.000000 -0.001230
7120.640137 -0.001368
7122.279785 -0.001728
7123.919922 -0.001518
7125.560059 -0.001920
7127.200195 -0.002195
7128.839844 -0.001997
7130.490234 -0.001569
7132.129883 -0.001360
7133.770020 -0.001981
7135.410156 -0.001626
7137.060059 -0.000868
7138.700195 -0.001872
7140.339844 -0.003437
7141.990234 -0.003642
7143.629883 -0.003566
7145.279785 -0.002916
7146.919922 -0.001934
7148.569824 -0.001121
7150.209961 -0.000277
7151.859863 -0.000602
7153.509766 -0.001810
7155.160156 -0.002270
7156.799805 -0.002242
7158.450195 -0.002512
7160.100098 -0.002349
7161.750000 -0.001686
7163.399902 -0.000680
7165.049805 -0.000129
7166.700195 0.000606
7168.350098 0.000490
7170.000000 -0.000422
7171.649902 -0.002163
7173.299805 -0.002644
7174.950195 -0.002004
7176.609863 -0.001441
7178.259766 -0.000860
7179.910156 -0.000444
7181.560059 -0.000204
7183.220215 0.000170
7184.870117 -0.000687
7186.529785 -0.001196
7188.180176 -0.000503
7189.839844 0.000222
7191.490234 0.000400
7193.149902 -0.000229
7194.810059 -0.000536
7196.459961 -0.000639
7198.120117 -0.001505
7199.779785 -0.001611
7201.439941 -0.000953
7203.089844 -0.000782
7204.750000 -0.000557
7206.410156 -0.000336
7208.069824 0.000423
7209.729980 0.001098
7211.390137 0.000526
7213.049805 -0.000719
7214.709961 -0.000947
7216.379883 -0.000832
7218.040039 -0.000649
7219.700195 0.000011
7221.359863 0.000172
7223.020020 0.000468
7224.689941 0.001522
7226.350098 0.001608
7228.020020 0.001249
7229.680176 0.000857
7231.350098 0.000098
7233.009766 -0.000598
7234.680176 -0.000471
7236.339844 -0.000388
7238.009766 0.000024
7239.680176 0.000473
7241.339844 0.000580
7243.009766 0.000559
7244.680176 0.000719
7246.350098 0.001118
7248.020020 0.001030
7249.680176 0.000406
7251.350098 0.000082
7253.020020 0.000443
7254.689941 0.001153
7256.359863 0.001206
7258.040039 0.000513
7259.709961 0.000312
7261.379883 0.001125
7263.049805 0.001482
7264.720215 0.001478
7266.399902 0.001026
7268.069824 0.000546
7269.740234 0.000095
7271.419922 0.000173
7273.089844 0.000450
7274.770020 0.000942
7276.439941 0.001006
7278.120117 0.000605
7279.790039 0.000298
7281.470215 0.000784
7283.149902 0.001508
7284.819824 0.001789
7286.500000 0.001370
7288.180176 0.000720
7289.859863 0.001141
7291.540039 0.001872
7293.220215 0.002771
7294.899902 0.002601
7296.580078 0.001296
7298.259766 0.000394
7299.939941 0.000548
7301.620117 0.000964
7303.299805 0.001148
7304.979980 0.001540
7306.660156 0.002092
7308.350098 0.002356
7310.029785 0.002477
7311.709961 0.002698
7313.399902 0.002634
7315.080078 0.001963
7316.759766 0.001553
7318.450195 0.001303
7320.129883 0.001678
7321.819824 0.002504
7323.509766 0.002254
7325.189941 0.001925
7326.879883 0.002691
7328.569824 0.003411
7330.250000 0.003176
7331.939941 0.003094
7333.629883 0.003139
7335.319824 0.002463
7337.009766 0.001618
7338.700195 0.001842
7340.390137 0.001611
7342.080078 0.001344
7343.770020 0.001703
7345.459961 0.002766
7347.149902 0.003451
7348.839844 0.002900
7350.540039 0.002385
7352.229980 0.002556
7353.919922 0.002944
7355.620117 0.003548
7357.310059 0.003789
7359.000000 0.003534
7360.700195 0.002833
7362.390137 0.002642
7364.089844 0.003150
7365.790039 0.003403
7367.479980 0.003627
7369.180176 0.003023
7370.879883 0.002668
7372.569824 0.002666
7374.270020 0.002661
7375.970215 0.002834
7377.669922 0.003270
7379.370117 0.002541
7381.069824 0.002170
7382.770020 0.002380
7384.470215 0.002815
7386.169922 0.004168
7387.870117 0.004613
7389.569824 0.005022
7391.270020 0.005071
7392.970215 0.004303
7394.669922 0.003773
7396.379883 0.003060
7398.080078 0.003118
7399.779785 0.003487
7401.490234 0.004572
7403.189941 0.004929
7404.899902 0.004227
7406.600098 0.003357
7408.310059 0.003344
7410.020020 0.004287
7411.720215 0.004277
7413.430176 0.004591
7415.140137 0.004956
7416.839844 0.004554
7418.549805 0.005082
7420.259766 0.004910
7421.970215 0.005087
7423.680176 0.005185
7425.390137 0.005354
7427.100098 0.004758
7428.810059 0.003519
7430.520020 0.003212
7432.229980 0.004588
7433.939941 0.005345
7435.649902 0.004642
7437.359863 0.004184
7439.080078 0.003928
7440.790039 0.004274
7442.500000 0.005034
7444.220215 0.005483
7445.930176 0.005873
7447.649902 0.005730
7449.359863 0.005091
7451.080078 0.004887
7452.790039 0.003657
7454.509766 0.002668
7456.229980 0.003365
7457.939941 0.003839
7459.660156 0.004101
7461.379883 0.004618
7463.100098 0.005698
7464.819824 0.006246
7466.529785 0.005081
7468.250000 0.003629
7469.970215 0.003102
7471.689941 0.003922
7473.410156 0.004576
7475.140137 0.004950
7476.859863 0.005498
7478.580078 0.004996
7480.299805 0.004738
7482.020020 0.005202
7483.750000 0.005237
7485.470215 0.005257
7487.189941 0.004048
7488.919922 0.003654
7490.640137 0.003963
7492.370117 0.004465
7494.089844 0.005512
7495.819824 0.006345
7497.540039 0.006563
7499.270020 0.005237
7501.000000 0.003620
7502.729980 0.002703
7504.450195 0.002952
7506.180176 0.003756
7507.910156 0.004662
7509.640137 0.005398
7511.370117 0.005893
7513.100098 0.006612
7514.830078 0.006077
7516.560059 0.004984
7518.290039 0.004275
7520.020020 0.004226
7521.750000 0.004099
7523.490234 0.004682
7525.220215 0.005622
7526.950195 0.005490
7528.680176 0.005047
7530.419922 0.004623
7532.149902 0.004786
7533.890137 0.005096
7535.620117 0.004762
7537.359863 0.004194
7539.089844 0.004579
7540.830078 0.004887
7542.569824 0.005064
7544.299805 0.004978
7546.040039 0.005256
7547.779785 0.005932
7549.520020 0.005444
7551.250000 0.004719
7552.990234 0.004762
7554.729980 0.005366
7556.470215 0.005668
7558.209961 0.005343
7559.950195 0.005451
7561.689941 0.005799
7563.439941 0.005403
7565.180176 0.004524
7566.919922 0.004571
7568.660156 0.005271
7570.399902 0.005608
7572.149902 0.005356
7573.890137 0.005376
7575.640137 0.005442
7577.379883 0.005183
7579.120117 0.004151
7580.870117 0.003592
7582.620117 0.003758
7584.359863 0.004416
7586.109863 0.004783
7587.859863 0.004481
7589.600098 0.005126
7591.350098 0.004460
7593.100098 0.003663
7594.850098 0.003814
7596.600098 0.002532
7598.350098 0.001697
7600.100098 0.002018
7601.850098 0.002517
7603.600098 0.002803
7605.350098 0.002831
7607.100098 0.002737
7608.850098 0.002202
7610.600098 0.001801
7612.359863 0.001730
7614.109863 0.001523
7615.859863 0.002400
7617.620117 0.002994
7619.370117 0.004447
7621.120117 0.004560
7622.879883 0.002601
7624.640137 0.001471
7626.390137 0.001464
7628.149902 0.001764
7629.899902 0.002249
7631.660156 0.002658
7633.419922 0.002536
7635.180176 0.002221
7636.930176 0.001725
7638.689941 0.002401
7640.450195 0.002570
7642.209961 0.002271
7643.970215 0.002322
7645.729980 0.002080
7647.490234 0.001511
7649.250000 0.001945
7651.020020 0.002398
7652.779785 0.001684
7654.540039 0.001105
7656.299805 0.001581
7658.069824 0.001633
7659.830078 0.001366
7661.589844 0.001363
7663.359863 0.001502
7665.120117 0.002642
7666.890137 0.002751
7668.649902 0.001590
7670.419922 0.000217
7672.189941 0.000023
7673.950195 0.000288
7675.720215 -0.000345
7677.490234 -0.000245
7679.250000 -0.000156
7681.020020 0.000462
7682.790039 0.000979
7684.560059 0.001328
7686.330078 0.000830
7688.100098 0.000422
7689.870117 0.000594
7691.640137 0.001444
7693.410156 0.001781
7695.189941 0.000372
7696.959961 0.000374
7698.729980 0.001568
7700.500000 0.001542
7702.279785 0.001171
7704.049805 0.000445
7705.819824 -0.000841
7707.600098 -0.000874
7709.370117 0.000033
7711.149902 0.000687
7712.919922 0.001313
7714.700195 0.002178
7716.479980 0.002120
7718.250000 0.000948
7720.029785 -0.000139
7721.810059 -0.000513
7723.589844 0.000426
7725.370117 0.000223
7727.149902 0.000565
7728.919922 0.000697
7730.700195 -0.000304
7732.479980 -0.000149
7734.270020 -0.000010
7736.049805 0.000043
7737.830078 -0.000605
7739.609863 -0.000884
7741.390137 -0.000737
7743.180176 -0.001018
7744.959961 -0.000710
7746.740234 0.000117
7748.529785 0.000832
7750.310059 0.001489
7752.089844 0.001523
7753.879883 0.000397
7755.669922 -0.000985
7757.450195 -0.001755
7759.240234 -0.001418
7761.020020 -0.001149
7762.810059 -0.000671
7764.600098 -0.000047
7766.390137 -0.000602
7768.180176 -0.000737
7769.970215 -0.000336
7771.750000 0.000094
7773.540039 0.001078
7775.330078 0.001198
7777.120117 0.000765
7778.919922 0.000358
7780.709961 0.000016
7782.500000 0.000399
7784.290039 0.000175
7786.080078 -0.000707
7787.879883 -0.000700
7789.669922 -0.000362
7791.459961 -0.000865
7793.259766 -0.001118
7795.049805 -0.001674
7796.850098 -0.002454
7798.640137 -0.001213
7800.439941 -0.000746
7802.240234 -0.001664
7804.029785 -0.001816
7805.830078 -0.001976
7807.629883 -0.002115
7809.430176 -0.001611
7811.220215 -0.000858
7813.020020 -0.000466
7814.819824 -0.001280
7816.620117 -0.002042
7818.419922 -0.002417
7820.220215 -0.002556
7822.020020 -0.001851
7823.819824 -0.001734
7825.629883 -0.001971
7827.430176 -0.002374
7829.229980 -0.002553
7831.029785 -0.001721
7832.839844 -0.001613
7834.640137 -0.001454
7836.439941 -0.000621
7838.250000 -0.001359
7840.049805 -0.002806
7841.859863 -0.003135
7843.669922 -0.003530
7845.470215 -0.003119
7847.279785 -0.002193
7849.089844 -0.002507
7850.890137 -0.002298
7852.700195 -0.002092
7854.509766 -0.002167
7856.319824 -0.002359
7858.129883 -0.002424
7859.939941 -0.002698
7861.750000 -0.003147
7863.560059 -0.003184
7865.370117 -0.003040
7867.180176 -0.003491
7868.990234 -0.003291
7870.799805 -0.003379
7872.620117 -0.003238
7874.430176 -0.002907
7876.240234 -0.003094
7878.060059 -0.003601
7879.870117 -0.004078
7881.689941 -0.004102
7883.500000 -0.003300
7885.319824 -0.003365
7887.129883 -0.004062
7888.950195 -0.004098
7890.759766 -0.004662
7892.580078 -0.004716
7894.399902 -0.004279
7896.220215 -0.003987
7898.040039 -0.002878
7899.850098 -0.003049
7901.669922 -0.004181
7903.490234 -0.005350
7905.310059 -0.005666
7907.129883 -0.005059
7908.950195 -0.004739
7910.779785 -0.005141
7912.600098 -0.005083
7914.419922 -0.004893
7916.240234 -0.004529
7918.069824 -0.004568
7919.890137 -0.004394
7921.709961 -0.004780
7923.540039 -0.005155
7925.359863 -0.005932
7927.189941 -0.005697
7929.009766 -0.005179
7930.839844 -0.005374
7932.660156 -0.004943
7934.490234 -0.005087
7936.319824 -0.005647
7938.149902 -0.005889
7939.970215 -0.005752
7941.799805 -0.005610
7943.629883 -0.005786
7945.459961 -0.005605
7947.290039 -0.004721
7949.120117 -0.004847
7950.950195 -0.005587
7952.779785 -0.005819
7954.609863 -0.006482
7956.450195 -0.006611
7958.279785 -0.006343
7960.109863 -0.006775
7961.939941 -0.006132
7963.779785 -0.005800
7965.609863 -0.005807
7967.450195 -0.006008
7969.279785 -0.006256
7971.120117 -0.006146
7972.950195 -0.006417
7974.790039 -0.006919
7976.620117 -0.007048
7978.459961 -0.006561
7980.299805 -0.006394
7982.140137 -0.006161
7983.970215 -0.006567
7985.810059 -0.006656
7987.649902 -0.006503
7989.490234 -0.006745
7991.330078 -0.007078
7993.169922 -0.007279
7995.009766 -0.007000
7996.850098 -0.006692
7998.689941 -0.006561
8000.540039 -0.006201
8002.379883 -0.005930
8004.220215 -0.006723
8006.060059 -0.007347
8007.910156 -0.007764
8009.750000 -0.007253
8011.600098 -0.006624
8013.439941 -0.007094
8015.290039 -0.007816
8017.129883 -0.007681
8018.979980 -0.007611
8020.830078 -0.007758
8022.669922 -0.008467
8024.520020 -0.007906
8026.370117 -0.006888
8028.220215 -0.006689
8030.069824 -0.006470
8031.910156 -0.006848
8033.759766 -0.008239
8035.609863 -0.009160
8037.459961 -0.009054
8039.319824 -0.008597
8041.169922 -0.009056
8043.020020 -0.008618
8044.870117 -0.007917
8046.720215 -0.007921
8048.580078 -0.007002
8050.430176 -0.007112
8052.279785 -0.008212
8054.140137 -0.008490
8055.990234 -0.008974
8057.850098 -0.009403
8059.700195 -0.009303
8061.560059 -0.009213
8063.419922 -0.009052
8065.270020 -0.009124
8067.129883 -0.009221
8068.990234 -0.008666
8070.850098 -0.008348
8072.709961 -0.008706
8074.560059 -0.008890
8076.419922 -0.009369
8078.279785 -0.010509
8080.140137 -0.011068
8082.000000 -0.010460
8083.870117 -0.009524
8085.729980 -0.009878
8087.589844 -0.011097
8089.450195 -0.011285
8091.310059 -0.010978
8093.180176 -0.010554
8095.040039 -0.009627
8096.910156 -0.009769
8098.770020 -0.009748
8100.640137 -0.010568
8102.500000 -0.010813
8104.370117 -0.010555
8106.229980 -0.011252
8108.100098 -0.011489
8109.970215 -0.011032
8111.830078 -0.010888
8113.700195 -0.011235
8115.569824 -0.010365
8117.439941 -0.010741
8119.310059 -0.011051
8121.180176 -0.011080
8123.049805 -0.011872
8124.919922 -0.012156
8126.790039 -0.012465
8128.660156 -0.011787
8130.529785 -0.010656
8132.410156 -0.010871
8134.279785 -0.011415
8136.149902 -0.011485
8138.029785 -0.011700
8139.899902 -0.011769
8141.770020 -0.012347
8143.649902 -0.011838
8145.520020 -0.011604
8147.399902 -0.012269
8149.279785 -0.011606
8151.149902 -0.011114
8153.029785 -0.011567
8154.910156 -0.012012
8156.790039 -0.012553
8158.660156 -0.012755
8160.540039 -0.012435
8162.419922 -0.011908
8164.299805 -0.010739
8166.180176 -0.011053
8168.060059 -0.012278
8169.939941 -0.013004
8171.830078 -0.012923
8173.709961 -0.012590
8175.589844 -0.012682
8177.470215 -0.013004
8179.359863 -0.013893
8181.240234 -0.013900
8183.120117 -0.013198
8185.009766 -0.012101
8186.890137 -0.012009
8188.779785 -0.013680
8190.660156 -0.016040
8192.549805 -0.016720
8194.440430 -0.015095
8196.320312 -0.013332
8198.209961 -0.012965
8200.099609 -0.012622
8201.990234 -0.013362
8203.879883 -0.013873
8205.759766 -0.013520
8207.660156 -0.012806
8209.540039 -0.012966
8211.440430 -0.013543
8213.330078 -0.013357
8215.219727 -0.013263
8217.110352 -0.013879
8219.000000 -0.014307
8220.889648 -0.013077
8222.790039 -0.012111
8224.679688 -0.012872
8226.580078 -0.013851
8228.469727 -0.014012
8230.360352 -0.013825
8232.259766 -0.014186
8234.160156 -0.014109
8236.049805 -0.014137
8237.950195 -0.013373
8239.849609 -0.012714
8241.740234 -0.013636
8243.639648 -0.013963
8245.540039 -0.013224
8247.440430 -0.014440
8249.339844 -0.014455
8251.240234 -0.013451
8253.139648 -0.013981
8255.040039 -0.014047
8256.940430 -0.013773
8258.839844 -0.013788
8260.740234 -0.015209
8262.639648 -0.015685
8264.549805 -0.015042
8266.450195 -0.015268
8268.349609 -0.015575
8270.259766 -0.015329
8272.160156 -0.014941
8274.070312 -0.014730
8275.969727 -0.014590
8277.879883 -0.014709
8279.790039 -0.014952
8281.690430 -0.014953
8283.599609 -0.014774
8285.509766 -0.015221
8287.419922 -0.015567
8289.320312 -0.015242
8291.230469 -0.013948
8293.139648 -0.014892
8295.049805 -0.015035
8296.959961 -0.015094
8298.870117 -0.015890
8300.780273 -0.015353
8302.700195 -0.016427
8304.610352 -0.016072
8306.519531 -0.013907
8308.429688 -0.013303
8310.349609 -0.014883
8312.259766 -0.015375
8314.169922 -0.015521
8316.089844 -0.016364
8318.000000 -0.015968
8319.919922 -0.015976
8321.830078 -0.015354
8323.750000 -0.014280
8325.669922 -0.013971
8327.580078 -0.014036
8329.500000 -0.013962
8331.419922 -0.013946
8333.339844 -0.013871
8335.259766 -0.014740
8337.179688 -0.014170
8339.099609 -0.014242
8341.019531 -0.013768
8342.940430 -0.014738
8344.860352 -0.015039
8346.780273 -0.014226
8348.700195 -0.014347
