3450.000000 -0.022321
3450.790039 -0.022672
3451.590088 -0.022054
3452.379883 -0.021866
3453.179932 -0.021633
3453.969971 -0.021703
3454.770020 -0.021308
3455.570068 -0.022043
3456.360107 -0.022192
3457.159912 -0.023095
3457.949951 -0.023087
3458.750000 -0.022431
3459.550049 -0.023509
3460.340088 -0.023579
3461.139893 -0.022383
3461.939941 -0.022332
3462.729980 -0.021988
3463.530029 -0.024133
3464.330078 -0.024268
3465.129883 -0.023507
3465.919922 -0.022524
3466.719971 -0.021892
3467.520020 -0.021452
3468.320068 -0.020856
3469.120117 -0.023295
3469.919922 -0.022398
3470.719971 -0.021891
3471.520020 -0.023239
3472.310059 -0.022504
3473.110107 -0.022001
3473.909912 -0.023683
3474.709961 -0.023635
3475.510010 -0.022976
3476.310059 -0.023398
3477.120117 -0.022973
3477.919922 -0.021178
3478.719971 -0.021816
3479.520020 -0.024527
3480.320068 -0.024159
3481.120117 -0.022809
3481.919922 -0.022836
3482.719971 -0.021472
3483.530029 -0.021408
3484.330078 -0.021178
3485.129883 -0.021208
3485.929932 -0.022377
3486.739990 -0.021404
3487.540039 -0.022542
3488.340088 -0.023105
3489.149902 -0.023453
3489.949951 -0.023808
3490.750000 -0.022651
3491.560059 -0.022108
3492.360107 -0.023007
3493.169922 -0.023317
3493.969971 -0.022511
3494.770020 -0.023188
3495.580078 -0.023955
3496.379883 -0.022414
3497.189941 -0.020865
3497.989990 -0.020813
3498.800049 -0.021130
3499.610107 -0.021106
3500.409912 -0.021744
3501.219971 -0.020748
3502.020020 -0.019881
3502.830078 -0.020686
3503.639893 -0.019890
3504.439941 -0.018753
3505.250000 -0.018312
3506.060059 -0.019427
3506.870117 -0.020471
3507.669922 -0.019875
3508.479980 -0.020222
3509.290039 -0.020190
3510.100098 -0.019267
3510.909912 -0.019976
3511.709961 -0.019855
3512.520020 -0.019481
3513.330078 -0.020164
3514.139893 -0.020980
3514.949951 -0.020943
3515.760010 -0.022075
3516.570068 -0.022524
3517.379883 -0.021229
3518.189941 -0.021272
3519.000000 -0.021591
3519.810059 -0.020371
3520.620117 -0.020292
3521.429932 -0.021114
3522.239990 -0.021355
3523.050049 -0.020405
3523.860107 -0.021205
3524.679932 -0.022295
3525.489990 -0.022193
3526.300049 -0.021698
3527.110107 -0.020624
3527.919922 -0.021881
3528.739990 -0.022017
3529.550049 -0.021317
3530.360107 -0.021004
3531.169922 -0.019879
3531.989990 -0.019431
3532.800049 -0.018986
3533.610107 -0.019167
3534.429932 -0.019389
3535.239990 -0.019604
3536.060059 -0.018705
3536.870117 -0.017102
3537.679932 -0.018421
3538.500000 -0.018329
3539.310059 -0.017667
3540.129883 -0.018902
3540.939941 -0.018792
3541.760010 -0.017101
3542.580078 -0.016267
3543.389893 -0.017899
3544.209961 -0.018717
3545.020020 -0.017622
3545.840088 -0.018243
3546.659912 -0.019265
3547.469971 -0.018770
3548.290039 -0.017525
3549.110107 -0.017924
3549.919922 -0.019146
3550.739990 -0.019098
3551.560059 -0.017931
3552.379883 -0.018014
3553.199951 -0.017823
3554.010010 -0.018043
3554.830078 -0.018033
3555.649902 -0.016730
3556.469971 -0.018665
3557.290039 -0.018687
3558.110107 -0.018214
3558.929932 -0.018715
3559.750000 -0.018371
3560.570068 -0.018663
3561.389893 -0.017899
3562.209961 -0.018889
3563.030029 -0.018843
3563.850098 -0.019561
3564.669922 -0.019473
3565.489990 -0.019070
3566.310059 -0.018738
3567.129883 -0.017658
3567.949951 -0.017649
3568.770020 -0.019053
3569.600098 -0.019626
3570.419922 -0.019728
3571.239990 -0.019276
3572.060059 -0.019047
3572.889893 -0.018513
3573.709961 -0.018268
3574.530029 -0.019272
3575.350098 -0.018615
3576.179932 -0.018075
3577.000000 -0.018116
3577.820068 -0.018982
3578.649902 -0.018691
3579.469971 -0.019177
3580.300049 -0.019832
3581.120117 -0.019886
3581.949951 -0.020451
3582.770020 -0.019156
3583.600098 -0.019326
3584.419922 -0.019863
3585.250000 -0.019596
3586.070068 -0.019322
3586.899902 -0.018503
3587.719971 -0.017561
3588.550049 -0.017409
3589.379883 -0.017963
3590.199951 -0.017830
3591.030029 -0.016900
3591.860107 -0.017069
3592.679932 -0.016713
3593.510010 -0.016182
3594.340088 -0.015191
3595.169922 -0.015246
3596.000000 -0.015142
3596.820068 -0.013760
3597.649902 -0.013844
3598.479980 -0.013399
3599.310059 -0.013500
3600.139893 -0.013752
3600.969971 -0.013840
3601.800049 -0.013414
3602.629883 -0.013947
3603.449951 -0.013678
3604.280029 -0.014159
3605.110107 -0.014263
3605.949951 -0.014275
3606.780029 -0.015102
3607.610107 -0.015637
3608.439941 -0.015779
3609.270020 -0.015153
3610.100098 -0.014863
3610.929932 -0.015227
3611.760010 -0.015408
3612.590088 -0.014815
3613.429932 -0.014510
3614.260010 -0.013676
3615.090088 -0.013276
3615.919922 -0.013877
3616.760010 -0.014246
3617.590088 -0.014123
3618.419922 -0.014249
3619.250000 -0.014802
3620.090088 -0.014213
3620.919922 -0.013881
3621.760010 -0.013608
3622.590088 -0.013076
3623.419922 -0.012308
3624.260010 -0.011906
3625.090088 -0.011660
3625.929932 -0.011735
3626.760010 -0.012055
3627.600098 -0.011527
3628.429932 -0.012243
3629.270020 -0.012409
3630.100098 -0.012611
3630.939941 -0.012619
3631.780029 -0.011976
3632.610107 -0.012115
3633.449951 -0.011662
3634.290039 -0.011048
3635.120117 -0.011557
3635.959961 -0.011983
3636.800049 -0.011805
3637.629883 -0.011161
3638.469971 -0.010531
3639.310059 -0.011218
3640.149902 -0.011478
3640.989990 -0.010646
3641.830078 -0.010247
3642.659912 -0.010529
3643.500000 -0.009941
3644.340088 -0.010247
3645.179932 -0.011365
3646.020020 -0.011767
3646.860107 -0.011857
3647.699951 -0.011777
3648.540039 -0.011367
3649.379883 -0.011144
3650.219971 -0.010471
3651.060059 -0.009654
3651.899902 -0.008835
3652.739990 -0.008472
3653.580078 -0.008673
3654.429932 -0.007757
3655.270020 -0.006946
3656.110107 -0.006990
3656.949951 -0.006419
3657.790039 -0.006707
3658.639893 -0.006321
3659.479980 -0.005299
3660.320068 -0.005064
3661.159912 -0.005162
3662.010010 -0.005193
3662.850098 -0.005571
3663.689941 -0.005588
3664.540039 -0.005046
3665.379883 -0.005135
3666.219971 -0.006239
3667.070068 -0.006332
3667.909912 -0.006073
3668.760010 -0.006263
3669.600098 -0.006055
3670.449951 -0.005621
3671.290039 -0.006150
3672.139893 -0.006177
3672.979980 -0.005575
3673.830078 -0.005989
3674.679932 -0.005547
3675.520020 -0.005052
3676.370117 -0.005037
3677.219971 -0.005941
3678.060059 -0.006398
3678.909912 -0.005787
3679.760010 -0.006074
3680.600098 -0.006024
3681.449951 -0.006790
3682.300049 -0.006863
3683.149902 -0.006253
3684.000000 -0.006859
3684.840088 -0.007077
3685.689941 -0.006293
3686.540039 -0.005820
3687.389893 -0.005685
3688.239990 -0.005959
3689.090088 -0.006339
3689.939941 -0.006156
3690.790039 -0.005426
3691.639893 -0.005177
3692.489990 -0.005098
3693.340088 -0.004690
3694.189941 -0.004095
3695.040039 -0.003362
3695.889893 -0.003026
3696.739990 -0.003028
3697.590088 -0.003117
3698.439941 -0.003110
3699.300049 -0.003339
3700.149902 -0.003874
3701.000000 -0.003972
3701.850098 -0.004146
3702.699951 -0.004493
3703.560059 -0.003952
3704.409912 -0.003956
3705.260010 -0.004015
3706.120117 -0.003792
3706.969971 -0.005187
3707.820068 -0.005686
3708.679932 -0.005518
3709.530029 -0.005889
3710.389893 -0.004590
3711.239990 -0.003676
3712.100098 -0.002617
3712.949951 -0.001721
3713.800049 -0.001561
3714.659912 -0.002273
3715.520020 -0.003219
3716.370117 -0.003914
3717.229980 -0.004657
3718.080078 -0.005438
3718.939941 -0.006804
3719.800049 -0.007432
3720.649902 -0.006830
3721.510010 -0.005982
3722.370117 -0.005966
3723.219971 -0.007892
3724.080078 -0.011092
3724.939941 0.002538
3725.800049 0.036657
3726.649902 0.056567
3727.510010 0.051593
3728.370117 0.061218
3729.229980 0.086191
3730.090088 0.074641
3730.949951 0.020356
3731.810059 -0.017172
3732.669922 -0.016663
3733.530029 -0.009142
3734.389893 -0.006789
3735.250000 -0.006306
3736.110107 -0.007102
3736.969971 -0.007839
3737.830078 -0.008322
3738.689941 -0.008938
3739.550049 -0.009182
3740.409912 -0.009411
3741.270020 -0.009883
3742.129883 -0.010277
3742.989990 -0.010832
3743.860107 -0.010416
3744.719971 -0.010383
3745.580078 -0.011261
3746.439941 -0.010522
3747.310059 -0.009701
3748.169922 -0.009024
3749.030029 -0.007917
3749.889893 -0.006391
3750.760010 -0.004399
3751.620117 -0.004118
3752.489990 -0.005214
3753.350098 -0.005265
3754.209961 -0.005333
3755.080078 -0.006256
3755.939941 -0.006931
3756.810059 -0.007591
3757.669922 -0.008829
3758.540039 -0.009096
3759.399902 -0.008939
3760.270020 -0.009132
3761.139893 -0.009185
3762.000000 -0.009199
3762.870117 -0.009472
3763.739990 -0.010375
3764.600098 -0.010291
3765.469971 -0.009540
3766.340088 -0.008980
3767.199951 -0.007887
3768.070068 -0.006049
3768.939941 -0.004006
3769.810059 -0.002363
3770.679932 -0.000947
3771.540039 -0.000612
3772.409912 -0.000728
3773.280029 -0.001230
3774.149902 -0.002036
3775.020020 -0.003064
3775.889893 -0.004376
3776.760010 -0.005003
3777.629883 -0.005627
3778.500000 -0.006770
3779.370117 -0.007617
3780.239990 -0.008576
3781.110107 -0.008731
3781.979980 -0.008827
3782.850098 -0.009067
3783.719971 -0.009527
3784.590088 -0.010229
3785.459961 -0.010905
3786.340088 -0.011074
3787.209961 -0.011603
3788.080078 -0.011491
3788.949951 -0.011200
3789.820068 -0.011090
3790.699951 -0.010700
3791.570068 -0.010044
3792.439941 -0.009618
3793.320068 -0.009202
3794.189941 -0.008165
3795.060059 -0.007312
3795.939941 -0.006450
3796.810059 -0.005135
3797.689941 -0.003472
3798.560059 -0.002658
3799.439941 -0.002996
3800.310059 -0.003990
3801.189941 -0.004916
3802.060059 -0.005311
3802.939941 -0.006095
3803.810059 -0.007342
3804.689941 -0.007950
3805.560059 -0.008872
3806.439941 -0.009597
3807.320068 -0.009997
3808.189941 -0.010665
3809.070068 -0.011281
3809.949951 -0.012165
3810.830078 -0.012825
3811.699951 -0.013679
3812.580078 -0.014059
3813.459961 -0.014059
3814.340088 -0.014575
3815.219971 -0.014729
3816.090088 -0.015069
3816.969971 -0.015839
3817.850098 -0.015966
3818.729980 -0.015458
3819.610107 -0.015149
3820.489990 -0.015524
3821.370117 -0.015726
3822.250000 -0.016063
3823.129883 -0.016756
3824.010010 -0.016951
3824.889893 -0.017410
3825.770020 -0.017814
3826.649902 -0.016931
3827.530029 -0.016409
3828.419922 -0.016105
3829.300049 -0.015185
3830.179932 -0.014090
3831.060059 -0.013397
3831.939941 -0.012904
3832.830078 -0.011687
3833.709961 -0.010726
3834.590088 -0.009338
3835.469971 -0.007331
3836.360107 -0.006646
3837.239990 -0.007686
3838.120117 -0.009135
3839.010010 -0.009439
3839.889893 -0.010504
3840.780029 -0.011719
3841.659912 -0.012587
3842.550049 -0.013132
3843.429932 -0.014008
3844.320068 -0.014354
3845.199951 -0.014453
3846.090088 -0.014788
3846.969971 -0.015223
3847.860107 -0.015600
3848.739990 -0.016301
3849.629883 -0.016715
3850.520020 -0.017239
3851.399902 -0.016965
3852.290039 -0.017368
3853.179932 -0.018197
3854.070068 -0.018333
3854.949951 -0.018595
3855.840088 -0.018818
3856.729980 -0.018938
3857.620117 -0.018774
3858.510010 -0.019360
3859.389893 -0.019632
3860.280029 -0.019786
3861.169922 -0.020081
3862.060059 -0.019352
3862.949951 -0.018387
3863.840088 -0.018232
3864.729980 -0.018196
3865.620117 -0.017803
3866.510010 -0.017223
3867.399902 -0.013787
3868.290039 -0.003103
3869.179932 0.008126
3870.070068 0.007354
3870.959961 -0.003707
3871.850098 -0.013524
3872.750000 -0.016401
3873.639893 -0.016348
3874.530029 -0.016103
3875.419922 -0.016470
3876.320068 -0.015952
3877.209961 -0.015968
3878.100098 -0.016454
3878.989990 -0.016542
3879.889893 -0.015823
3880.780029 -0.015216
3881.669922 -0.015128
3882.570068 -0.014395
3883.459961 -0.012902
3884.360107 -0.011723
3885.250000 -0.009921
3886.149902 -0.009190
3887.040039 -0.009531
3887.939941 -0.006426
3888.830078 -0.000930
3889.729980 0.002307
3890.620117 -0.000547
3891.520020 -0.004722
3892.409912 -0.005581
3893.310059 -0.004903
3894.209961 -0.005311
3895.100098 -0.006414
3896.000000 -0.007512
3896.899902 -0.008147
3897.800049 -0.008562
3898.689941 -0.009583
3899.590088 -0.010733
3900.489990 -0.011256
3901.389893 -0.011655
3902.290039 -0.012305
3903.179932 -0.012922
3904.080078 -0.012886
3904.979980 -0.013009
3905.879883 -0.013362
3906.780029 -0.013448
3907.679932 -0.013541
3908.580078 -0.013583
3909.479980 -0.013589
3910.379883 -0.013530
3911.280029 -0.013122
3912.179932 -0.012559
3913.080078 -0.012111
3913.979980 -0.012140
3914.889893 -0.012431
3915.790039 -0.012005
3916.689941 -0.012238
3917.590088 -0.012954
3918.489990 -0.012984
3919.399902 -0.013311
3920.300049 -0.013842
3921.199951 -0.014240
3922.100098 -0.015189
3923.010010 -0.016116
3923.909912 -0.016574
3924.810059 -0.016929
3925.719971 -0.016741
3926.620117 -0.016922
3927.530029 -0.017202
3928.429932 -0.017781
3929.340088 -0.018470
3930.239990 -0.018484
3931.149902 -0.017586
3932.050049 -0.016289
3932.959961 -0.014919
3933.860107 -0.013922
3934.770020 -0.013739
3935.669922 -0.014663
3936.580078 -0.016566
3937.489990 -0.018046
3938.389893 -0.018826
3939.300049 -0.019385
3940.209961 -0.019294
3941.110107 -0.018992
3942.020020 -0.018815
3942.929932 -0.017984
3943.840088 -0.017328
3944.750000 -0.016472
3945.649902 -0.016148
3946.560059 -0.015551
3947.469971 -0.014535
3948.379883 -0.014201
3949.290039 -0.013576
3950.199951 -0.012812
3951.110107 -0.012204
3952.020020 -0.011631
3952.929932 -0.011153
3953.840088 -0.011000
3954.750000 -0.010605
3955.659912 -0.010315
3956.570068 -0.010453
3957.479980 -0.010749
3958.389893 -0.010996
3959.310059 -0.011634
3960.219971 -0.012201
3961.129883 -0.012170
3962.040039 -0.012442
3962.949951 -0.012577
3963.870117 -0.012018
3964.780029 -0.011718
3965.689941 -0.010568
3966.610107 -0.007679
3967.520020 -0.003453
3968.429932 -0.001237
3969.350098 -0.001936
3970.260010 -0.002769
3971.179932 -0.003952
3972.090088 -0.006850
3973.000000 -0.008919
3973.919922 -0.008408
3974.830078 -0.007192
3975.750000 -0.006772
3976.669922 -0.006975
3977.580078 -0.007022
3978.500000 -0.006791
3979.409912 -0.006836
3980.330078 -0.006835
3981.250000 -0.006593
3982.159912 -0.006601
3983.080078 -0.006536
3984.000000 -0.006312
3984.919922 -0.006373
3985.830078 -0.006432
3986.750000 -0.006886
3987.669922 -0.007129
3988.590088 -0.006653
3989.510010 -0.007113
3990.419922 -0.007298
3991.340088 -0.007174
3992.260010 -0.007305
3993.179932 -0.007082
3994.100098 -0.006900
3995.020020 -0.006922
3995.939941 -0.006717
3996.860107 -0.006117
3997.780029 -0.005973
3998.699951 -0.006239
3999.620117 -0.006246
4000.540039 -0.006072
4001.469971 -0.006227
4002.389893 -0.005984
4003.310059 -0.005655
4004.229980 -0.005431
4005.149902 -0.005396
4006.080078 -0.005388
4007.000000 -0.005159
4007.919922 -0.005172
4008.840088 -0.005171
4009.770020 -0.004565
4010.689941 -0.004290
4011.610107 -0.004203
4012.540039 -0.004094
4013.459961 -0.004453
4014.389893 -0.004658
4015.310059 -0.004674
4016.229980 -0.004472
4017.159912 -0.004981
4018.080078 -0.004965
4019.010010 -0.004823
4019.939941 -0.005136
4020.860107 -0.004977
4021.790039 -0.005091
4022.709961 -0.004958
4023.639893 -0.003691
4024.570068 -0.002556
4025.489990 -0.002032
4026.419922 -0.001655
4027.350098 -0.001120
4028.270020 -0.002075
4029.199951 -0.003341
4030.129883 -0.004507
4031.060059 -0.004999
4031.989990 -0.005153
4032.919922 -0.005901
4033.840088 -0.005977
4034.770020 -0.005996
4035.699951 -0.006384
4036.629883 -0.005600
4037.560059 -0.005129
4038.489990 -0.004545
4039.419922 -0.004218
4040.350098 -0.004324
4041.280029 -0.004487
4042.209961 -0.004851
4043.139893 -0.004841
4044.070068 -0.005290
4045.010010 -0.006063
4045.939941 -0.006448
4046.870117 -0.006902
4047.800049 -0.006643
4048.729980 -0.006859
4049.669922 -0.006666
4050.600098 -0.005648
4051.530029 -0.005336
4052.459961 -0.004273
4053.399902 -0.003574
4054.330078 -0.003981
4055.260010 -0.003817
4056.199951 -0.003881
4057.129883 -0.004139
4058.070068 -0.004526
4059.000000 -0.005006
4059.939941 -0.005500
4060.870117 -0.005575
4061.810059 -0.005788
4062.739990 -0.006443
4063.679932 -0.006820
4064.610107 -0.006409
4065.550049 -0.005658
4066.479980 -0.005384
4067.419922 -0.005402
4068.360107 -0.003959
4069.290039 -0.002237
4070.229980 -0.001860
4071.169922 -0.002955
4072.110107 -0.003618
4073.040039 -0.003343
4073.979980 -0.002826
4074.919922 -0.002684
4075.860107 -0.002458
4076.800049 -0.002059
4077.739990 -0.002033
4078.669922 -0.001933
4079.610107 -0.002037
4080.550049 -0.002347
4081.489990 -0.002145
4082.429932 -0.001791
4083.370117 -0.001044
4084.310059 -0.000091
4085.250000 0.000314
4086.199951 0.000955
4087.139893 0.001638
4088.080078 0.002364
4089.020020 0.003049
4089.959961 0.003414
4090.899902 0.003602
4091.840088 0.003720
4092.790039 0.003638
4093.729980 0.003448
4094.669922 0.003586
4095.610107 0.003783
4096.560059 0.004113
4097.500000 0.004601
4098.439941 0.004732
4099.390137 0.003365
4100.330078 0.001713
4101.279785 0.004047
4102.220215 0.008853
4103.169922 0.009420
4104.109863 0.004694
4105.060059 0.002302
4106.000000 0.004227
4106.950195 0.005149
4107.890137 0.004652
4108.839844 0.003975
4109.779785 0.003497
4110.729980 0.003102
4111.680176 0.002734
4112.620117 0.002228
4113.569824 0.002048
4114.520020 0.001599
4115.470215 0.001292
4116.410156 0.001103
4117.359863 0.000627
4118.310059 0.000832
4119.259766 0.001128
4120.209961 0.000768
4121.160156 0.000932
4122.109863 0.000999
4123.049805 0.000954
4124.000000 -0.000143
4124.950195 -0.000485
4125.899902 -0.000278
4126.850098 -0.000387
4127.799805 -0.000194
4128.750000 -0.000043
4129.709961 -0.000254
4130.660156 -0.000250
4131.609863 -0.000653
4132.560059 -0.000767
4133.509766 -0.001691
4134.459961 -0.002489
4135.419922 -0.002635
4136.370117 -0.002673
4137.319824 -0.002415
4138.270020 -0.002475
4139.229980 -0.002304
4140.180176 -0.002053
4141.129883 -0.002329
4142.089844 -0.002661
4143.040039 -0.002737
4143.990234 -0.002473
4144.950195 -0.002426
4145.899902 -0.002360
4146.859863 -0.002630
4147.810059 -0.003039
4148.770020 -0.003302
4149.720215 -0.003637
4150.680176 -0.003608
4151.629883 -0.003531
4152.589844 -0.003189
4153.549805 -0.003028
4154.500000 -0.002936
4155.459961 -0.002962
4156.419922 -0.002619
4157.370117 -0.002424
4158.330078 -0.002456
4159.290039 -0.002207
4160.250000 -0.001418
4161.200195 -0.001285
4162.160156 -0.001189
4163.120117 -0.000832
4164.080078 -0.001135
4165.040039 -0.001370
4166.000000 -0.001685
4166.959961 -0.001891
4167.919922 -0.001781
4168.879883 -0.001905
4169.839844 -0.002377
4170.799805 -0.002048
4171.759766 -0.001752
4172.720215 -0.001736
4173.680176 -0.001695
4174.640137 -0.001648
4175.600098 -0.001527
4176.560059 -0.001742
4177.529785 -0.001734
4178.490234 -0.001752
4179.450195 -0.001474
4180.410156 -0.001137
4181.370117 -0.001196
4182.339844 -0.001366
4183.299805 -0.001274
4184.259766 -0.001105
4185.229980 -0.000865
4186.189941 -0.000761
4187.160156 -0.000814
4188.120117 -0.000881
4189.080078 -0.000855
4190.049805 -0.000470
4191.009766 -0.000440
4191.979980 -0.001170
4192.939941 -0.001373
4193.910156 -0.001738
4194.879883 -0.002256
4195.839844 -0.002179
4196.810059 -0.001988
4197.770020 -0.002404
4198.740234 -0.002418
4199.709961 -0.002116
4200.680176 -0.001781
4201.640137 -0.001693
4202.609863 -0.001622
4203.580078 -0.001304
4204.549805 -0.000868
4205.509766 -0.000549
4206.479980 -0.000136
4207.450195 0.000038
4208.419922 0.000327
4209.390137 0.000282
4210.359863 0.000028
4211.330078 0.000114
4212.299805 -0.000114
4213.270020 -0.000378
4214.240234 -0.000671
4215.209961 -0.000581
4216.180176 -0.000422
4217.149902 -0.000236
4218.120117 0.000282
4219.089844 0.000761
4220.060059 0.000566
4221.040039 0.000436
4222.009766 0.000321
4222.979980 -0.000087
4223.950195 -0.000813
4224.930176 -0.001430
4225.899902 -0.001803
4226.870117 -0.002683
4227.850098 -0.003222
4228.819824 -0.003137
4229.790039 -0.002698
4230.770020 -0.002369
4231.740234 -0.001591
4232.720215 -0.000628
4233.689941 0.000214
4234.669922 0.001019
4235.640137 0.001232
4236.620117 0.000866
4237.589844 0.000539
4238.569824 0.000894
4239.540039 0.001102
4240.520020 0.001311
4241.500000 0.001808
4242.470215 0.002567
4243.450195 0.002348
4244.430176 0.002229
4245.399902 0.002699
4246.379883 0.002590
4247.359863 0.002677
4248.339844 0.002352
4249.319824 0.001765
4250.299805 0.000894
4251.270020 -0.000068
4252.250000 0.000227
4253.229980 0.000414
4254.209961 0.000097
4255.189941 -0.000014
4256.169922 0.000234
4257.149902 0.000578
4258.129883 0.000636
4259.109863 0.000477
4260.089844 0.000841
4261.069824 0.000889
4262.060059 0.000980
4263.040039 0.001447
4264.020020 0.001878
4265.000000 0.001479
4265.979980 0.001715
4266.970215 0.002201
4267.950195 0.002275
4268.930176 0.001729
4269.910156 0.001041
4270.899902 0.000639
4271.879883 -0.000675
4272.859863 -0.001735
4273.850098 -0.001637
4274.830078 -0.001426
4275.819824 -0.001585
4276.799805 -0.000999
4277.790039 -0.000120
4278.770020 0.000268
4279.759766 0.000267
4280.740234 0.000547
4281.729980 0.000620
4282.709961 0.001030
4283.700195 0.001379
4284.689941 0.001193
4285.669922 0.000832
4286.660156 0.000512
4287.649902 0.000160
4288.640137 -0.000002
4289.620117 -0.000372
4290.609863 -0.000965
4291.600098 -0.000932
4292.589844 -0.000429
4293.580078 -0.000417
4294.560059 -0.000994
4295.549805 -0.001296
4296.540039 -0.001491
4297.529785 -0.001895
4298.520020 -0.002586
4299.509766 -0.003331
4300.500000 -0.003691
4301.490234 -0.003823
4302.479980 -0.004057
4303.470215 -0.004902
4304.459961 -0.005375
4305.459961 -0.005515
4306.450195 -0.005907
4307.439941 -0.006160
4308.430176 -0.006331
4309.419922 -0.006141
4310.419922 -0.005370
4311.410156 -0.004698
4312.399902 -0.003877
4313.390137 -0.002127
4314.390137 -0.000002
4315.379883 0.001996
4316.370117 0.003868
4317.370117 0.005371
4318.359863 0.006470
4319.359863 0.006868
4320.350098 0.006916
4321.350098 0.006674
4322.339844 0.005697
4323.339844 0.004641
4324.330078 0.003856
4325.330078 0.003363
4326.319824 0.003379
4327.319824 0.003999
4328.319824 0.004976
4329.310059 0.005782
4330.310059 0.006996
4331.310059 0.008278
4332.310059 0.009427
4333.299805 0.010464
4334.299805 0.011041
4335.299805 0.011146
4336.299805 0.011475
4337.299805 0.010802
4338.290039 0.006404
4339.290039 0.002742
4340.290039 0.008890
4341.290039 0.016904
4342.290039 0.013012
4343.290039 0.004037
4344.290039 0.004367
4345.290039 0.009934
4346.290039 0.012470
4347.290039 0.012490
4348.299805 0.011477
4349.299805 0.010733
4350.299805 0.010676
4351.299805 0.010036
4352.299805 0.009090
4353.310059 0.008512
4354.310059 0.007658
4355.310059 0.006694
4356.310059 0.005865
4357.319824 0.005512
4358.319824 0.005955
4359.319824 0.006018
4360.330078 0.005923
4361.330078 0.006518
4362.339844 0.007750
4363.339844 0.009380
4364.350098 0.010457
4365.350098 0.009280
4366.359863 0.007642
4367.359863 0.007053
4368.370117 0.007113
4369.370117 0.006833
4370.379883 0.006258
4371.390137 0.005910
4372.390137 0.005180
4373.399902 0.004861
4374.410156 0.004748
4375.410156 0.004197
4376.419922 0.003944
4377.430176 0.003717
4378.439941 0.003487
4379.450195 0.002953
4380.450195 0.001924
4381.459961 0.001687
4382.470215 0.001608
4383.479980 0.001186
4384.490234 0.001118
4385.500000 0.001354
4386.509766 0.002180
4387.520020 0.002707
4388.529785 0.003025
4389.540039 0.003700
4390.549805 0.003528
4391.560059 0.003670
4392.569824 0.003805
4393.589844 0.003983
4394.600098 0.004368
4395.609863 0.004482
4396.620117 0.004916
4397.629883 0.005478
4398.649902 0.005655
4399.660156 0.005331
4400.669922 0.004997
4401.689941 0.004543
4402.700195 0.004272
4403.709961 0.003680
4404.729980 0.002627
4405.740234 0.002155
4406.759766 0.002673
4407.770020 0.003166
4408.790039 0.003454
4409.799805 0.004177
4410.819824 0.005027
4411.830078 0.005588
4412.850098 0.006359
4413.870117 0.006716
4414.879883 0.007004
4415.899902 0.007364
4416.919922 0.008113
4417.930176 0.008812
4418.950195 0.008434
4419.970215 0.007962
4420.990234 0.007867
4422.000000 0.007727
4423.020020 0.007683
4424.040039 0.007764
4425.060059 0.007815
4426.080078 0.007521
4427.100098 0.007474
4428.120117 0.007604
4429.140137 0.007680
4430.160156 0.007748
4431.180176 0.007767
4432.200195 0.008054
4433.220215 0.008240
4434.240234 0.007971
4435.259766 0.007559
4436.279785 0.007313
4437.299805 0.007214
4438.319824 0.007417
4439.350098 0.007299
4440.370117 0.007130
4441.390137 0.007698
4442.410156 0.008245
4443.439941 0.008614
4444.459961 0.008759
4445.479980 0.008806
4446.509766 0.008841
4447.529785 0.008467
4448.560059 0.008713
4449.580078 0.008826
4450.609863 0.008763
4451.629883 0.008141
4452.660156 0.007960
4453.680176 0.007595
4454.709961 0.006754
4455.729980 0.006204
4456.759766 0.005733
4457.779785 0.005438
4458.810059 0.005281
4459.839844 0.004532
4460.870117 0.004363
4461.890137 0.005107
4462.919922 0.005380
4463.950195 0.005873
4464.979980 0.006519
4466.000000 0.007027
4467.029785 0.007299
4468.060059 0.007947
4469.089844 0.008561
4470.120117 0.009227
4471.149902 0.010886
4472.180176 0.012065
4473.209961 0.011749
4474.240234 0.010451
4475.270020 0.009637
4476.299805 0.009511
4477.330078 0.009200
4478.359863 0.009597
4479.390137 0.010504
4480.419922 0.011359
4481.459961 0.012241
4482.490234 0.012413
4483.520020 0.011703
4484.549805 0.010584
4485.580078 0.009542
4486.620117 0.009099
4487.649902 0.008890
4488.680176 0.009308
4489.720215 0.009898
4490.750000 0.009687
4491.790039 0.009525
4492.819824 0.009067
4493.859863 0.008711
4494.890137 0.008218
4495.930176 0.007893
4496.959961 0.007961
4498.000000 0.007930
4499.029785 0.008183
4500.069824 0.008800
4501.100098 0.009607
4502.140137 0.010312
4503.180176 0.011044
4504.209961 0.011317
4505.250000 0.011040
4506.290039 0.010961
4507.330078 0.011388
4508.370117 0.011718
4509.399902 0.011501
4510.439941 0.011095
4511.479980 0.010814
4512.520020 0.010756
4513.560059 0.010782
4514.600098 0.010619
4515.640137 0.010409
4516.680176 0.010351
4517.720215 0.010620
4518.759766 0.010400
4519.799805 0.010109
4520.839844 0.010379
4521.879883 0.010214
4522.919922 0.009766
4523.959961 0.009701
4525.009766 0.008954
4526.049805 0.008538
4527.089844 0.008168
4528.129883 0.007836
4529.169922 0.007351
4530.220215 0.006698
4531.259766 0.006661
4532.299805 0.006833
4533.350098 0.007147
4534.390137 0.007136
4535.439941 0.007024
4536.479980 0.007269
4537.529785 0.007488
4538.569824 0.007999
4539.620117 0.008140
4540.660156 0.008478
4541.709961 0.009140
4542.750000 0.009482
4543.799805 0.009385
4544.850098 0.009034
4545.890137 0.008734
4546.939941 0.008775
4547.990234 0.009139
4549.029785 0.009402
4550.080078 0.009512
4551.129883 0.009637
4552.180176 0.010077
4553.220215 0.010365
4554.270020 0.010370
4555.319824 0.010592
4556.370117 0.011094
4557.419922 0.011410
4558.470215 0.011286
4559.520020 0.011382
4560.569824 0.011323
4561.620117 0.011228
4562.669922 0.011659
4563.720215 0.012018
4564.770020 0.012038
4565.819824 0.011921
4566.870117 0.011650
4567.930176 0.011549
4568.979980 0.011232
4570.029785 0.011284
4571.080078 0.011654
4572.140137 0.011671
4573.189941 0.011433
4574.240234 0.011503
4575.290039 0.011634
4576.350098 0.011460
4577.399902 0.011004
4578.459961 0.010668
4579.509766 0.010470
4580.569824 0.010286
4581.620117 0.010495
4582.680176 0.010685
4583.729980 0.010830
4584.790039 0.010787
4585.839844 0.010908
4586.899902 0.010680
4587.950195 0.010854
4589.009766 0.010981
4590.069824 0.010997
4591.120117 0.011356
4592.180176 0.011199
4593.240234 0.010886
4594.299805 0.010717
4595.359863 0.010657
4596.410156 0.010423
4597.470215 0.010401
4598.529785 0.010511
4599.589844 0.010157
4600.649902 0.010304
4601.709961 0.010448
4602.770020 0.010020
4603.830078 0.010171
4604.890137 0.010559
4605.950195 0.010916
4607.009766 0.011338
4608.069824 0.011079
4609.129883 0.011202
4610.189941 0.011555
4611.250000 0.011588
4612.319824 0.011980
4613.379883 0.012483
4614.439941 0.012434
4615.500000 0.012356
4616.569824 0.012582
4617.629883 0.012670
4618.689941 0.013064
4619.759766 0.013387
4620.819824 0.013414
4621.879883 0.013264
4622.950195 0.012984
4624.009766 0.012354
4625.080078 0.012005
4626.140137 0.012081
4627.209961 0.012077
4628.270020 0.012190
4629.339844 0.012292
4630.410156 0.012373
4631.470215 0.012026
4632.540039 0.011960
4633.609863 0.011953
4634.669922 0.011405
4635.740234 0.011205
4636.810059 0.010967
4637.879883 0.010533
4638.939941 0.010288
4640.009766 0.010390
4641.080078 0.010142
4642.149902 0.010085
4643.220215 0.009745
4644.290039 0.009202
4645.359863 0.009076
4646.430176 0.009179
4647.500000 0.009368
4648.569824 0.010110
4649.640137 0.010394
4650.709961 0.010577
4651.779785 0.010205
4652.850098 0.009871
4653.919922 0.009624
4654.990234 0.009748
4656.069824 0.010045
4657.140137 0.010522
4658.209961 0.011181
4659.279785 0.011387
4660.359863 0.010915
4661.430176 0.010529
4662.500000 0.010421
4663.580078 0.010154
4664.649902 0.010216
4665.720215 0.010418
4666.799805 0.010080
4667.870117 0.009788
4668.950195 0.009541
4670.020020 0.009354
4671.100098 0.008847
4672.169922 0.008751
4673.250000 0.009321
4674.330078 0.009507
4675.399902 0.009325
4676.479980 0.009559
4677.560059 0.009863
4678.629883 0.009518
4679.709961 0.009404
4680.790039 0.009573
4681.870117 0.009483
4682.950195 0.009276
4684.020020 0.009197
4685.100098 0.009674
4686.180176 0.009974
4687.259766 0.010209
4688.339844 0.010420
4689.419922 0.010100
4690.500000 0.009755
4691.580078 0.009756
4692.660156 0.009745
4693.740234 0.010106
4694.819824 0.010124
4695.899902 0.009892
4696.979980 0.009884
4698.069824 0.009560
4699.149902 0.009512
4700.229980 0.009862
4701.310059 0.010064
4702.399902 0.009848
4703.479980 0.009433
4704.560059 0.009342
4705.640137 0.009683
4706.729980 0.009744
4707.810059 0.009572
4708.899902 0.009928
4709.979980 0.010002
4711.060059 0.010300
4712.149902 0.011015
4713.229980 0.011113
4714.319824 0.011107
4715.410156 0.011372
4716.490234 0.011462
4717.580078 0.011286
4718.660156 0.011667
4719.750000 0.011931
4720.839844 0.012125
4721.930176 0.012264
4723.009766 0.012395
4724.100098 0.012391
4725.189941 0.012107
4726.279785 0.012011
4727.359863 0.011922
4728.450195 0.011666
4729.540039 0.011776
4730.629883 0.011906
4731.720215 0.011836
4732.810059 0.011508
4733.899902 0.010611
4734.990234 0.010488
4736.080078 0.010924
4737.169922 0.011394
4738.259766 0.011523
4739.350098 0.011630
4740.439941 0.012180
4741.540039 0.012673
4742.629883 0.013005
4743.720215 0.013101
4744.810059 0.013142
4745.910156 0.013032
4747.000000 0.013060
4748.089844 0.013271
4749.189941 0.013318
4750.279785 0.013116
4751.370117 0.013353
4752.470215 0.013442
4753.560059 0.013279
4754.660156 0.013386
4755.750000 0.013315
4756.850098 0.012948
4757.939941 0.012905
4759.040039 0.012468
4760.129883 0.012315
4761.229980 0.012465
4762.330078 0.012312
4763.419922 0.012364
4764.520020 0.012696
4765.620117 0.012882
4766.709961 0.012715
4767.810059 0.012181
4768.910156 0.011830
4770.009766 0.011979
4771.109863 0.012341
4772.209961 0.012836
4773.299805 0.012639
4774.399902 0.012511
4775.500000 0.012828
4776.600098 0.012691
4777.700195 0.012502
4778.799805 0.012643
4779.899902 0.012716
4781.000000 0.012411
4782.100098 0.012748
4783.209961 0.012627
4784.310059 0.012012
4785.410156 0.011938
4786.509766 0.011869
4787.609863 0.011912
4788.720215 0.011939
4789.819824 0.011843
4790.919922 0.012465
4792.029785 0.012665
4793.129883 0.012735
4794.229980 0.012848
4795.339844 0.012731
4796.439941 0.013046
4797.549805 0.013414
4798.649902 0.013708
4799.759766 0.013844
4800.859863 0.013975
4801.970215 0.014160
4803.069824 0.013816
4804.180176 0.013643
4805.279785 0.013835
4806.390137 0.014031
4807.500000 0.014002
4808.600098 0.013843
4809.709961 0.013985
4810.819824 0.013882
4811.930176 0.013582
4813.040039 0.013768
4814.140137 0.013883
4815.250000 0.013885
4816.359863 0.014001
4817.470215 0.014041
4818.580078 0.013888
4819.689941 0.013981
4820.799805 0.014133
4821.910156 0.014332
4823.020020 0.014604
4824.129883 0.014458
4825.240234 0.014420
4826.350098 0.014373
4827.459961 0.014378
4828.580078 0.013931
4829.689941 0.013567
4830.799805 0.013764
4831.910156 0.013936
4833.029785 0.013926
4834.140137 0.013901
4835.250000 0.013859
4836.370117 0.013957
4837.479980 0.014212
4838.589844 0.013931
4839.709961 0.013680
4840.819824 0.013827
4841.939941 0.014141
4843.049805 0.014345
4844.169922 0.014274
4845.279785 0.014300
4846.399902 0.014508
4847.509766 0.015147
4848.629883 0.015834
4849.750000 0.016227
4850.859863 0.016652
4851.979980 0.016666
4853.100098 0.016434
4854.220215 0.016619
4855.330078 0.017073
4856.450195 0.016779
4857.569824 0.015605
4858.689941 0.008277
4859.810059 -0.006627
4860.930176 -0.006667
4862.049805 0.012149
4863.169922 0.009355
4864.290039 -0.010559
4865.410156 -0.007553
4866.529785 0.008208
4867.649902 0.014871
4868.770020 0.015773
4869.890137 0.015882
4871.009766 0.015651
4872.129883 0.015286
4873.250000 0.015292
4874.379883 0.015345
4875.500000 0.015118
4876.620117 0.015083
4877.750000 0.015074
4878.870117 0.014725
4879.990234 0.015112
4881.120117 0.015258
4882.240234 0.014679
4883.359863 0.014320
4884.490234 0.014455
4885.609863 0.014772
4886.740234 0.014050
4887.859863 0.013613
4888.990234 0.013606
4890.120117 0.013289
4891.240234 0.012972
4892.370117 0.013375
4893.490234 0.013887
4894.620117 0.014098
4895.750000 0.014524
4896.879883 0.014634
4898.000000 0.014986
4899.129883 0.015449
4900.259766 0.015270
4901.390137 0.015128
4902.520020 0.015223
4903.649902 0.015304
4904.770020 0.014622
4905.899902 0.014138
4907.029785 0.014324
4908.160156 0.014184
4909.290039 0.014348
4910.430176 0.014728
4911.560059 0.014929
4912.689941 0.014667
4913.819824 0.014171
4914.950195 0.013588
4916.080078 0.012986
4917.209961 0.012727
4918.350098 0.012775
4919.479980 0.012940
4920.609863 0.013019
4921.740234 0.013585
4922.879883 0.014413
4924.009766 0.014727
4925.149902 0.013950
4926.279785 0.013744
4927.410156 0.014263
4928.549805 0.014016
4929.680176 0.013633
4930.819824 0.013931
4931.950195 0.014439
4933.089844 0.014389
4934.229980 0.013942
4935.359863 0.013803
4936.500000 0.013946
4937.640137 0.013697
4938.770020 0.013854
4939.910156 0.013917
4941.049805 0.013809
4942.189941 0.013835
4943.319824 0.013924
4944.459961 0.014000
4945.600098 0.014616
4946.740234 0.014928
4947.879883 0.015134
4949.020020 0.015573
4950.160156 0.015753
4951.299805 0.016040
4952.439941 0.016094
4953.580078 0.015839
4954.720215 0.016182
4955.859863 0.016841
4957.000000 0.019432
4958.140137 0.047291
4959.290039 0.110915
4960.430176 0.139019
4961.569824 0.088977
4962.709961 0.033795
4963.850098 0.017762
4965.000000 0.016064
4966.140137 0.014748
4967.290039 0.014166
4968.430176 0.013993
4969.569824 0.013888
4970.720215 0.013791
4971.859863 0.013640
4973.009766 0.013404
4974.149902 0.013528
4975.299805 0.013141
4976.439941 0.012866
4977.589844 0.012534
4978.740234 0.012167
4979.879883 0.011822
4981.029785 0.011861
4982.180176 0.012044
4983.319824 0.011885
4984.470215 0.011813
4985.620117 0.012189
4986.770020 0.012438
4987.919922 0.012148
4989.060059 0.012103
4990.209961 0.011717
4991.359863 0.012022
4992.509766 0.012692
4993.660156 0.012864
4994.810059 0.013038
4995.959961 0.013081
4997.109863 0.013160
4998.259766 0.013707
4999.410156 0.014187
5000.560059 0.015065
5001.720215 0.016141
5002.870117 0.018442
5004.020020 0.020401
5005.169922 0.036455
5006.330078 0.144448
5007.479980 0.338735
5008.629883 0.370181
5009.790039 0.191206
5010.939941 0.055661
5012.089844 0.024692
5013.250000 0.019617
5014.399902 0.015616
5015.560059 0.014322
5016.709961 0.014222
5017.870117 0.013253
5019.020020 0.012206
5020.180176 0.011766
5021.330078 0.011790
5022.490234 0.011526
5023.649902 0.010848
5024.799805 0.010633
5025.959961 0.011070
5027.120117 0.011121
5028.279785 0.010994
5029.430176 0.011221
5030.589844 0.011746
5031.750000 0.011783
5032.910156 0.011530
5034.069824 0.011499
5035.229980 0.011357
5036.390137 0.010865
5037.549805 0.010522
5038.709961 0.010756
5039.870117 0.010734
5041.029785 0.010619
5042.189941 0.010738
5043.350098 0.010937
5044.509766 0.010693
5045.669922 0.010040
5046.830078 0.010069
5048.000000 0.010690
5049.160156 0.011080
5050.319824 0.011715
5051.490234 0.011686
5052.649902 0.011652
5053.810059 0.011921
5054.979980 0.011923
5056.140137 0.012004
5057.299805 0.012142
5058.470215 0.012080
5059.629883 0.012076
5060.799805 0.011721
5061.959961 0.011240
5063.129883 0.011133
5064.299805 0.011092
5065.459961 0.011071
5066.629883 0.011004
5067.799805 0.011187
5068.959961 0.010414
5070.129883 0.010281
5071.299805 0.010405
5072.470215 0.010288
5073.629883 0.010477
5074.799805 0.010516
5075.970215 0.010264
5077.140137 0.009973
5078.310059 0.009863
5079.479980 0.009865
5080.649902 0.009614
5081.819824 0.009661
5082.990234 0.009726
5084.160156 0.009811
5085.330078 0.009563
5086.500000 0.009547
5087.669922 0.009778
5088.839844 0.010006
5090.020020 0.009998
5091.189941 0.009980
5092.359863 0.010245
5093.529785 0.010150
5094.709961 0.009973
5095.879883 0.010477
5097.049805 0.010394
5098.229980 0.010192
5099.399902 0.010306
5100.569824 0.010405
5101.750000 0.010076
5102.919922 0.009634
5104.100098 0.008837
5105.270020 0.008729
5106.450195 0.009131
5107.629883 0.009095
5108.799805 0.008976
5109.979980 0.008932
5111.160156 0.009304
5112.330078 0.009440
5113.509766 0.009642
5114.689941 0.009506
5115.870117 0.009294
5117.040039 0.009584
5118.220215 0.009720
5119.399902 0.009777
5120.580078 0.009686
5121.759766 0.009214
5122.939941 0.009211
5124.120117 0.009204
5125.299805 0.008784
5126.479980 0.008780
5127.660156 0.008553
5128.839844 0.008323
5130.020020 0.008473
5131.200195 0.008404
5132.379883 0.008373
5133.569824 0.008813
5134.750000 0.008819
5135.930176 0.008939
5137.109863 0.009139
5138.299805 0.008619
5139.479980 0.008851
5140.660156 0.008791
5141.850098 0.008726
5143.029785 0.008575
5144.209961 0.008303
5145.399902 0.008730
5146.580078 0.008807
5147.770020 0.008180
5148.959961 0.007850
5150.140137 0.008177
5151.330078 0.008101
5152.509766 0.007904
5153.700195 0.008168
5154.890137 0.008706
5156.069824 0.008499
5157.259766 0.008829
5158.450195 0.008771
5159.640137 0.008410
5160.819824 0.008324
5162.009766 0.007880
5163.200195 0.007047
5164.390137 0.006075
5165.580078 0.006011
5166.770020 0.005496
5167.959961 0.004776
5169.149902 0.004165
5170.339844 0.004027
5171.529785 0.003967
5172.720215 0.003455
5173.910156 0.002789
5175.100098 0.002853
5176.299805 0.003246
5177.490234 0.003206
5178.680176 0.002858
5179.870117 0.002579
5181.069824 0.002963
5182.259766 0.003824
5183.450195 0.004292
5184.649902 0.004595
5185.839844 0.004943
5187.029785 0.005478
5188.229980 0.005642
5189.419922 0.005348
5190.620117 0.006067
5191.810059 0.007493
5193.009766 0.008072
5194.209961 0.008724
5195.399902 0.009139
5196.600098 0.007778
5197.790039 0.006559
5198.990234 0.005432
5200.189941 0.004384
5201.390137 0.003996
5202.580078 0.004831
5203.779785 0.006464
5204.979980 0.007324
5206.180176 0.007566
5207.379883 0.007390
5208.580078 0.007531
5209.779785 0.007642
5210.979980 0.007587
5212.180176 0.007777
5213.379883 0.008120
5214.580078 0.008939
5215.779785 0.010006
5216.979980 0.010667
5218.180176 0.010931
5219.379883 0.011167
5220.580078 0.010886
5221.790039 0.010204
5222.990234 0.009870
5224.189941 0.009695
5225.390137 0.010313
5226.600098 0.011127
5227.799805 0.010755
5229.009766 0.010446
5230.209961 0.010077
5231.410156 0.010134
5232.620117 0.010338
5233.819824 0.011074
5235.029785 0.011683
5236.229980 0.011799
5237.439941 0.012032
5238.649902 0.012096
5239.850098 0.012122
5241.060059 0.012119
5242.270020 0.011878
5243.470215 0.011743
5244.680176 0.011426
5245.890137 0.011414
5247.100098 0.011139
5248.310059 0.011090
5249.509766 0.011396
5250.720215 0.011183
5251.930176 0.010778
5253.140137 0.010782
5254.350098 0.010856
5255.560059 0.010898
5256.770020 0.011018
5257.979980 0.010817
5259.189941 0.010389
5260.399902 0.010041
5261.620117 0.009856
5262.830078 0.010082
5264.040039 0.009995
5265.250000 0.009267
5266.459961 0.009147
5267.680176 0.008695
5268.890137 0.008586
5270.100098 0.008002
5271.319824 0.007492
5272.529785 0.008456
5273.740234 0.009166
5274.959961 0.009361
5276.169922 0.009912
5277.390137 0.010600
5278.600098 0.011106
5279.819824 0.011355
5281.040039 0.011176
5282.250000 0.011712
5283.470215 0.012031
5284.680176 0.011888
5285.899902 0.012165
5287.120117 0.012136
5288.339844 0.011908
5289.549805 0.011897
5290.770020 0.011717
5291.990234 0.011874
5293.209961 0.011520
5294.430176 0.011331
5295.649902 0.011429
5296.870117 0.011748
5298.089844 0.011375
5299.310059 0.011245
5300.529785 0.011634
5301.750000 0.011535
5302.970215 0.011181
5304.189941 0.011394
5305.410156 0.011740
5306.629883 0.012341
5307.859863 0.012619
5309.080078 0.012747
5310.299805 0.012793
5311.520020 0.012494
5312.750000 0.012523
5313.970215 0.012600
5315.189941 0.013252
5316.419922 0.013445
5317.640137 0.013020
5318.870117 0.012729
5320.089844 0.012597
5321.319824 0.012091
5322.540039 0.011086
5323.770020 0.010673
5324.990234 0.010053
5326.220215 0.010259
5327.450195 0.010698
5328.669922 0.010195
5329.899902 0.009366
5331.129883 0.009973
5332.359863 0.010380
5333.580078 0.009970
5334.810059 0.009881
5336.040039 0.010132
5337.270020 0.010412
5338.500000 0.010888
5339.729980 0.011647
5340.959961 0.011263
5342.189941 0.011111
5343.419922 0.011235
5344.649902 0.011108
5345.879883 0.010621
5347.109863 0.010356
5348.339844 0.010719
5349.569824 0.011194
5350.799805 0.011097
5352.040039 0.011180
5353.270020 0.011220
5354.500000 0.010995
5355.729980 0.011110
5356.970215 0.011571
5358.200195 0.011602
5359.439941 0.011731
5360.669922 0.012089
5361.899902 0.012349
5363.140137 0.012299
5364.370117 0.011982
5365.609863 0.011796
5366.850098 0.011455
5368.080078 0.011072
5369.319824 0.011182
5370.549805 0.011262
5371.790039 0.010857
5373.029785 0.010454
5374.270020 0.010419
5375.500000 0.010452
5376.740234 0.010366
5377.979980 0.010422
5379.220215 0.011035
5380.459961 0.010876
5381.700195 0.011162
5382.930176 0.011689
5384.169922 0.011407
5385.410156 0.011249
5386.649902 0.010750
5387.890137 0.010423
5389.140137 0.010436
5390.379883 0.010430
5391.620117 0.010172
5392.859863 0.009676
5394.100098 0.009263
5395.339844 0.009446
5396.589844 0.009626
5397.830078 0.009324
5399.069824 0.009082
5400.310059 0.009422
5401.560059 0.009385
5402.799805 0.009140
5404.049805 0.009571
5405.290039 0.009411
5406.540039 0.008920
5407.779785 0.008983
5409.029785 0.009727
5410.270020 0.009596
5411.520020 0.009275
5412.759766 0.009987
5414.009766 0.010635
5415.259766 0.010596
5416.500000 0.010378
5417.750000 0.010414
5419.000000 0.010729
5420.250000 0.010752
5421.500000 0.010815
5422.740234 0.011406
5423.990234 0.011137
5425.240234 0.010222
5426.490234 0.009933
5427.740234 0.010377
5428.990234 0.010028
5430.240234 0.009496
5431.490234 0.009290
5432.740234 0.009600
5433.990234 0.009968
5435.240234 0.009620
5436.500000 0.009383
5437.750000 0.009593
5439.000000 0.009903
5440.250000 0.009662
5441.509766 0.009345
5442.759766 0.009502
5444.009766 0.009663
5445.270020 0.010214
5446.520020 0.010270
5447.770020 0.009926
5449.029785 0.009842
5450.279785 0.009820
5451.540039 0.009409
5452.790039 0.008910
5454.049805 0.009328
5455.310059 0.009556
5456.560059 0.008963
5457.819824 0.008729
5459.080078 0.009321
5460.330078 0.009188
5461.589844 0.008636
5462.850098 0.008716
5464.109863 0.008762
5465.359863 0.009003
5466.620117 0.009238
5467.879883 0.008913
5469.140137 0.008848
5470.399902 0.008503
5471.660156 0.008352
5472.919922 0.008209
5474.180176 0.007997
5475.439941 0.008460
5476.700195 0.008815
5477.959961 0.008506
5479.220215 0.008316
5480.490234 0.008721
5481.750000 0.008637
5483.009766 0.008156
5484.270020 0.007839
5485.540039 0.007918
5486.799805 0.008317
5488.060059 0.008703
5489.330078 0.008577
5490.589844 0.008666
5491.859863 0.008838
5493.120117 0.008802
5494.379883 0.008678
5495.649902 0.008574
5496.919922 0.008533
5498.180176 0.008164
5499.450195 0.007746
5500.709961 0.008202
5501.979980 0.008092
5503.250000 0.007760
5504.520020 0.008371
5505.779785 0.008959
5507.049805 0.008415
5508.319824 0.008120
5509.589844 0.008545
5510.859863 0.008145
5512.129883 0.007542
5513.390137 0.007753
5514.660156 0.007680
5515.930176 0.007770
5517.200195 0.007853
5518.479980 0.007913
5519.750000 0.007883
5521.020020 0.007805
5522.290039 0.007847
5523.560059 0.007793
5524.830078 0.007990
5526.100098 0.008258
5527.379883 0.008358
5528.649902 0.008490
5529.919922 0.008428
5531.200195 0.008313
5532.470215 0.007800
5533.740234 0.007897
5535.020020 0.008279
5536.290039 0.008348
5537.569824 0.008781
5538.839844 0.008664
5540.120117 0.008126
5541.390137 0.008225
5542.669922 0.008301
5543.950195 0.008685
5545.220215 0.009016
5546.500000 0.009119
5547.779785 0.008726
5549.060059 0.008450
5550.330078 0.008899
5551.609863 0.008730
5552.890137 0.008421
5554.169922 0.008349
5555.450195 0.008433
5556.729980 0.008453
5558.009766 0.008604
5559.290039 0.008010
5560.569824 0.007625
5561.850098 0.007756
5563.129883 0.007728
5564.410156 0.007721
5565.689941 0.007302
5566.970215 0.007447
5568.250000 0.007562
5569.540039 0.007587
5570.819824 0.007633
5572.100098 0.007523
5573.390137 0.007257
5574.669922 0.007404
5575.950195 0.007613
5577.240234 0.007512
5578.520020 0.007208
5579.810059 0.007348
5581.089844 0.007506
5582.379883 0.007002
5583.660156 0.006392
5584.950195 0.006096
5586.229980 0.006585
5587.520020 0.006963
5588.810059 0.006489
5590.089844 0.006373
5591.379883 0.006679
5592.669922 0.006662
5593.959961 0.006609
5595.240234 0.006193
5596.529785 0.006097
5597.819824 0.006299
5599.109863 0.006078
5600.399902 0.006168
5601.689941 0.006981
5602.979980 0.007296
5604.270020 0.006878
5605.560059 0.006767
5606.850098 0.006713
5608.140137 0.006667
5609.430176 0.006961
5610.729980 0.006761
5612.020020 0.006732
5613.310059 0.006889
5614.600098 0.006729
5615.899902 0.006691
5617.189941 0.006582
5618.479980 0.006871
5619.779785 0.006724
5621.069824 0.006096
5622.370117 0.005763
5623.660156 0.006375
5624.959961 0.005919
5626.250000 0.005973
5627.549805 0.006548
5628.839844 0.006563
5630.140137 0.006318
5631.439941 0.005958
5632.729980 0.006135
5634.029785 0.006127
5635.330078 0.006064
5636.620117 0.006565
5637.919922 0.006681
5639.220215 0.007013
5640.520020 0.007199
5641.819824 0.007166
5643.120117 0.007053
5644.419922 0.007282
5645.720215 0.006963
5647.020020 0.006666
5648.319824 0.006606
5649.620117 0.007142
5650.919922 0.007262
5652.220215 0.006589
5653.520020 0.006746
5654.819824 0.006814
5656.129883 0.006939
5657.430176 0.007058
5658.729980 0.006962
5660.029785 0.006685
5661.339844 0.007055
5662.640137 0.006803
5663.950195 0.006185
5665.250000 0.006297
5666.549805 0.006556
5667.859863 0.006766
5669.169922 0.006917
5670.470215 0.006992
5671.779785 0.006959
5673.080078 0.006620
5674.390137 0.006417
5675.700195 0.007053
5677.000000 0.007301
5678.310059 0.006824
5679.620117 0.006615
5680.930176 0.007012
5682.229980 0.006961
5683.540039 0.006535
5684.850098 0.006775
5686.160156 0.006813
5687.470215 0.006807
5688.779785 0.006463
5690.089844 0.006343
5691.399902 0.006381
5692.709961 0.005951
5694.020020 0.005703
5695.330078 0.005484
5696.640137 0.006056
5697.959961 0.006481
5699.270020 0.006459
5700.580078 0.006246
5701.890137 0.006250
5703.209961 0.005943
5704.520020 0.005660
5705.830078 0.005651
5707.149902 0.005840
5708.459961 0.006031
5709.779785 0.005849
5711.089844 0.005888
5712.410156 0.006180
5713.720215 0.006269
5715.040039 0.005844
5716.350098 0.005797
5717.669922 0.006064
5718.990234 0.006454
5720.299805 0.007016
5721.620117 0.006950
5722.939941 0.007156
5724.259766 0.007025
5725.569824 0.007086
5726.890137 0.006914
5728.209961 0.006641
5729.529785 0.006656
5730.850098 0.006959
5732.169922 0.006659
5733.490234 0.006480
5734.810059 0.006921
5736.129883 0.006593
5737.450195 0.006301
5738.770020 0.006728
5740.100098 0.006798
5741.419922 0.006931
5742.740234 0.006818
5744.060059 0.006785
5745.379883 0.006501
5746.709961 0.006500
5748.029785 0.007072
5749.350098 0.006848
5750.680176 0.006449
5752.000000 0.006319
5753.330078 0.006016
5754.649902 0.005789
5755.979980 0.005955
5757.299805 0.005917
5758.629883 0.005692
5759.959961 0.005933
5761.279785 0.006129
5762.609863 0.006114
5763.939941 0.006564
5765.259766 0.006340
5766.589844 0.006427
5767.919922 0.006778
5769.250000 0.006642
5770.580078 0.006311
5771.899902 0.006211
5773.229980 0.007008
5774.560059 0.007175
5775.890137 0.006712
5777.220215 0.006993
5778.549805 0.007391
5779.879883 0.007513
5781.209961 0.008200
5782.549805 0.009046
5783.879883 0.008917
5785.209961 0.007819
5786.540039 0.006576
5787.870117 0.005963
5789.209961 0.005567
5790.540039 0.005894
5791.870117 0.006072
5793.209961 0.005849
5794.540039 0.006513
5795.879883 0.006867
5797.209961 0.007390
5798.549805 0.007414
5799.879883 0.007343
5801.220215 0.007503
5802.549805 0.006994
5803.890137 0.006215
5805.229980 0.006865
5806.560059 0.007070
5807.899902 0.006926
5809.240234 0.006666
5810.569824 0.006690
5811.910156 0.006791
5813.250000 0.006444
5814.589844 0.006696
5815.930176 0.007090
5817.270020 0.006653
5818.609863 0.006213
5819.950195 0.006368
5821.290039 0.006360
5822.629883 0.006583
5823.970215 0.006382
5825.310059 0.006355
5826.649902 0.006423
5827.990234 0.006359
5829.339844 0.006649
5830.680176 0.006185
5832.020020 0.006035
5833.359863 0.006552
5834.709961 0.006893
5836.049805 0.006438
5837.399902 0.006325
5838.740234 0.006411
5840.080078 0.006388
5841.430176 0.006239
5842.770020 0.005942
5844.120117 0.006283
5845.470215 0.006559
5846.810059 0.006380
5848.160156 0.005954
5849.500000 0.006142
5850.850098 0.006090
5852.200195 0.005977
5853.549805 0.005707
5854.890137 0.005936
5856.240234 0.005957
5857.589844 0.005512
5858.939941 0.005281
5860.290039 0.005091
5861.640137 0.005281
5862.990234 0.004788
5864.339844 0.004832
5865.689941 0.005004
5867.040039 0.005152
5868.390137 0.005011
5869.740234 0.004786
5871.089844 0.004462
5872.450195 0.003900
5873.799805 0.002700
5875.149902 0.002590
5876.500000 0.004695
5877.859863 0.005235
5879.209961 0.002850
5880.569824 0.001807
5881.919922 0.003043
5883.270020 0.003710
5884.629883 0.002955
5885.979980 0.002684
5887.339844 0.003478
5888.700195 0.005650
5890.049805 0.008861
5891.410156 0.010137
5892.759766 0.008151
5894.120117 0.005745
5895.479980 0.005236
5896.839844 0.006220
5898.189941 0.006373
5899.549805 0.004204
5900.910156 0.001582
5902.270020 0.001117
5903.629883 0.001623
5904.990234 0.002182
5906.350098 0.002610
5907.709961 0.003312
5909.069824 0.003676
5910.430176 0.003591
5911.790039 0.004007
5913.149902 0.004444
5914.509766 0.004311
5915.879883 0.004688
5917.240234 0.004578
5918.600098 0.004545
5919.959961 0.004759
5921.330078 0.004315
5922.689941 0.003960
5924.060059 0.004351
5925.419922 0.004345
5926.779785 0.004211
5928.149902 0.004384
5929.509766 0.004497
5930.879883 0.004890
5932.250000 0.005248
5933.609863 0.005115
5934.979980 0.004810
5936.339844 0.004590
5937.709961 0.004368
5939.080078 0.004482
5940.450195 0.004579
5941.810059 0.004777
5943.180176 0.004643
5944.549805 0.004492
5945.919922 0.004138
5947.290039 0.004251
5948.660156 0.004459
5950.029785 0.004298
5951.399902 0.004339
5952.770020 0.004578
5954.140137 0.004533
5955.509766 0.004592
5956.879883 0.004580
5958.250000 0.004466
5959.629883 0.004689
5961.000000 0.004787
5962.370117 0.004804
5963.750000 0.005067
5965.120117 0.004864
5966.490234 0.005096
5967.870117 0.005139
5969.240234 0.004746
5970.620117 0.004673
5971.990234 0.004962
5973.370117 0.004831
5974.740234 0.004745
5976.120117 0.005015
5977.490234 0.005212
5978.870117 0.004757
5980.250000 0.004327
5981.620117 0.004515
5983.000000 0.004669
5984.379883 0.004681
5985.759766 0.004744
5987.140137 0.004725
5988.509766 0.004702
5989.890137 0.004531
5991.270020 0.004584
5992.649902 0.004692
5994.029785 0.004620
5995.410156 0.004264
5996.790039 0.004401
5998.169922 0.004667
5999.560059 0.004780
6000.939941 0.004711
6002.319824 0.004266
6003.700195 0.004359
6005.080078 0.004567
6006.470215 0.004427
6007.850098 0.004858
6009.229980 0.005008
6010.620117 0.004796
6012.000000 0.004924
6013.390137 0.004882
6014.770020 0.004453
6016.160156 0.004614
6017.540039 0.004631
6018.930176 0.004340
6020.310059 0.004507
6021.700195 0.004630
6023.089844 0.004505
6024.470215 0.004412
6025.859863 0.004193
6027.250000 0.004473
6028.640137 0.004668
6030.020020 0.004829
6031.410156 0.005097
6032.799805 0.004766
6034.189941 0.004507
6035.580078 0.004742
6036.970215 0.004863
6038.359863 0.005079
6039.750000 0.005170
6041.140137 0.005114
6042.529785 0.005220
6043.930176 0.005477
6045.319824 0.005605
6046.709961 0.005294
6048.100098 0.005247
6049.490234 0.005329
6050.890137 0.005275
6052.279785 0.004981
6053.669922 0.005023
6055.069824 0.005215
6056.459961 0.005072
6057.859863 0.004949
6059.250000 0.004747
6060.649902 0.004426
6062.040039 0.004296
6063.439941 0.004326
6064.839844 0.004808
6066.229980 0.004959
6067.629883 0.004927
6069.029785 0.004586
6070.419922 0.004466
6071.819824 0.004804
6073.220215 0.004800
6074.620117 0.004319
6076.020020 0.004359
6077.419922 0.004542
6078.819824 0.004964
6080.220215 0.005053
6081.620117 0.004714
6083.020020 0.004977
6084.419922 0.005013
6085.819824 0.004642
6087.220215 0.004545
6088.620117 0.004469
6090.029785 0.004505
6091.430176 0.004721
6092.830078 0.004317
6094.229980 0.004460
6095.640137 0.004478
6097.040039 0.004002
6098.439941 0.003765
6099.850098 0.004086
6101.250000 0.004378
6102.660156 0.004283
6104.060059 0.004586
6105.470215 0.004945
6106.879883 0.004744
6108.279785 0.004387
6109.689941 0.004057
6111.100098 0.004184
6112.500000 0.004289
6113.910156 0.004013
6115.319824 0.003868
6116.729980 0.003885
6118.140137 0.004066
6119.540039 0.003844
6120.950195 0.003956
6122.359863 0.003931
6123.770020 0.004035
6125.180176 0.003875
6126.589844 0.003557
6128.000000 0.003235
6129.419922 0.003463
6130.830078 0.003556
6132.240234 0.003084
6133.649902 0.003047
6135.060059 0.003474
6136.479980 0.004294
6137.890137 0.004591
6139.299805 0.004615
6140.720215 0.004536
6142.129883 0.004005
6143.549805 0.003822
6144.959961 0.003799
6146.379883 0.003916
6147.790039 0.004015
6149.209961 0.003851
6150.620117 0.004126
6152.040039 0.004235
6153.459961 0.003923
6154.870117 0.003537
6156.290039 0.003233
6157.709961 0.003356
6159.129883 0.003241
6160.540039 0.003439
6161.959961 0.003779
6163.379883 0.003640
6164.799805 0.003140
6166.220215 0.002587
6167.640137 0.002288
6169.060059 0.002838
6170.479980 0.003068
6171.899902 0.002959
6173.319824 0.003311
6174.750000 0.003515
6176.169922 0.003571
6177.589844 0.003965
6179.009766 0.004016
6180.439941 0.003897
6181.859863 0.003844
6183.279785 0.003444
6184.709961 0.003265
6186.129883 0.003597
6187.560059 0.003667
6188.979980 0.003382
6190.410156 0.003221
6191.830078 0.003494
6193.259766 0.003341
6194.680176 0.003263
6196.109863 0.003173
6197.540039 0.002972
6198.959961 0.002980
6200.390137 0.003151
6201.819824 0.003295
6203.250000 0.003720
6204.680176 0.003752
6206.100098 0.003729
6207.529785 0.003369
6208.959961 0.002773
6210.390137 0.002691
6211.819824 0.002329
6213.250000 0.002190
6214.680176 0.002434
6216.120117 0.002375
6217.549805 0.002170
6218.979980 0.002235
6220.410156 0.001919
6221.839844 0.001595
6223.279785 0.001401
6224.709961 0.001504
6226.140137 0.001376
6227.580078 0.001296
6229.009766 0.001450
6230.450195 0.001617
6231.879883 0.001874
6233.310059 0.001986
6234.750000 0.001617
6236.189941 0.001280
6237.620117 0.001563
6239.060059 0.001587
6240.500000 0.001510
6241.930176 0.001675
6243.370117 0.002059
6244.810059 0.002058
6246.250000 0.001993
6247.680176 0.001850
6249.120117 0.001681
6250.560059 0.001450
6252.000000 0.001160
6253.439941 0.001242
6254.879883 0.001331
6256.319824 0.001463
6257.759766 0.001640
6259.200195 0.001305
6260.649902 0.001354
6262.089844 0.000965
6263.529785 0.000817
6264.970215 0.000865
6266.410156 0.001084
6267.859863 0.001917
6269.299805 0.002133
6270.740234 0.002154
6272.189941 0.002412
6273.629883 0.002199
6275.080078 0.002175
6276.520020 0.002049
6277.970215 0.002412
6279.410156 0.003184
6280.859863 0.003662
6282.310059 0.004512
6283.750000 0.005486
6285.200195 0.006055
6286.649902 0.006188
6288.089844 0.005187
6289.540039 0.003982
6290.990234 0.003226
6292.439941 0.002754
6293.890137 0.002344
6295.339844 0.002000
6296.790039 0.000973
6298.240234 -0.000907
6299.689941 -0.002211
6301.140137 -0.002022
6302.589844 -0.001853
6304.040039 -0.002001
6305.490234 -0.000704
6306.950195 0.001119
6308.399902 0.001790
6309.850098 0.002296
6311.299805 0.002558
6312.759766 0.003022
6314.209961 0.003156
6315.669922 0.002935
6317.120117 0.002675
6318.569824 0.002209
6320.029785 0.002643
6321.479980 0.002565
6322.939941 0.002137
6324.399902 0.001668
6325.850098 0.001410
6327.310059 0.001276
6328.770020 0.001311
6330.220215 0.001350
6331.680176 0.001462
6333.140137 0.001623
6334.600098 0.002114
6336.060059 0.002235
6337.520020 0.001781
6338.979980 0.001683
6340.439941 0.001865
6341.899902 0.001590
6343.359863 0.001769
6344.819824 0.002105
6346.279785 0.002029
6347.740234 0.002208
6349.200195 0.002168
6350.660156 0.001819
6352.129883 0.001457
6353.589844 0.001458
6355.049805 0.001132
6356.520020 0.001184
6357.979980 0.001450
6359.439941 0.001209
6360.910156 0.000795
6362.370117 0.000607
6363.839844 0.000506
6365.299805 0.000485
6366.770020 0.000359
6368.229980 -0.000303
6369.700195 0.000254
6371.169922 0.001346
6372.640137 0.001716
6374.100098 0.001610
6375.569824 0.001379
6377.040039 0.001156
6378.509766 0.001457
6379.979980 0.001428
6381.450195 0.001575
6382.919922 0.001921
6384.390137 0.001447
6385.859863 0.001267
6387.330078 0.001261
6388.799805 0.001220
6390.270020 0.000920
6391.740234 0.000899
6393.209961 0.001011
6394.680176 0.001268
6396.160156 0.001176
6397.629883 0.001021
6399.100098 0.001333
6400.580078 0.001019
6402.049805 0.000719
6403.520020 0.000505
6405.000000 0.000758
6406.470215 0.000667
6407.950195 0.000819
6409.430176 0.001137
6410.899902 0.001156
6412.379883 0.001088
6413.850098 0.001388
6415.330078 0.001391
6416.810059 0.001064
6418.290039 0.001018
6419.759766 0.000997
6421.240234 0.001021
6422.720215 0.001005
6424.200195 0.000945
6425.680176 0.000873
6427.160156 0.000342
6428.640137 0.000162
6430.120117 0.000768
6431.600098 0.001018
6433.080078 0.001001
6434.560059 0.001379
6436.049805 0.001344
6437.529785 0.000930
6439.009766 0.000951
6440.490234 0.001040
6441.979980 0.001262
6443.459961 0.000997
6444.939941 0.000519
6446.430176 0.000551
6447.910156 0.000867
6449.399902 0.000916
6450.879883 0.001032
6452.370117 0.001510
6453.850098 0.001789
6455.339844 0.001497
6456.830078 0.001472
6458.310059 0.001370
6459.799805 0.001210
6461.290039 0.001048
6462.779785 0.000898
6464.259766 0.000981
6465.750000 0.000889
6467.240234 0.000975
6468.729980 0.000844
6470.220215 0.000412
6471.709961 0.000280
6473.200195 0.000438
6474.689941 0.000565
6476.180176 0.000456
6477.669922 0.000399
6479.169922 0.000282
6480.660156 0.000142
6482.149902 0.000287
6483.640137 0.000721
6485.140137 0.000526
6486.629883 0.000206
6488.120117 0.000068
6489.620117 -0.000344
6491.109863 -0.000474
6492.609863 -0.000043
6494.100098 0.000663
6495.600098 0.001324
6497.089844 0.001157
6498.589844 0.000682
6500.089844 0.000140
6501.580078 -0.000213
6503.080078 -0.000571
6504.580078 -0.000791
6506.080078 -0.000938
6507.569824 -0.000781
6509.069824 -0.000599
6510.569824 -0.000526
6512.069824 -0.000457
6513.569824 -0.000145
6515.069824 -0.000298
6516.569824 -0.000355
6518.069824 0.000261
6519.569824 0.000467
6521.069824 0.000568
6522.580078 0.000597
6524.080078 0.000242
6525.580078 0.000093
6527.080078 0.000109
6528.589844 0.000473
6530.089844 0.000632
6531.589844 0.000975
6533.100098 0.000952
6534.600098 0.000434
6536.109863 0.000436
6537.609863 0.000373
6539.120117 0.000284
6540.620117 0.000194
6542.129883 -0.000465
6543.640137 -0.002107
6545.140137 -0.007847
6546.649902 -0.021031
6548.160156 -0.038376
6549.669922 -0.048468
6551.169922 -0.043087
6552.680176 -0.026866
6554.189941 -0.011511
6555.700195 -0.004504
6557.209961 -0.005999
6558.720215 -0.022514
6560.229980 -0.075079
6561.740234 -0.145528
6563.250000 -0.170775
6564.759766 -0.161488
6566.279785 -0.164684
6567.790039 -0.132608
6569.299805 -0.062320
6570.810059 -0.017006
6572.330078 -0.004192
6573.839844 -0.001546
6575.350098 -0.001380
6576.870117 -0.002490
6578.379883 -0.006177
6579.899902 -0.017661
6581.410156 -0.048246
6582.930176 -0.099221
6584.439941 -0.143983
6585.959961 -0.146538
6587.479980 -0.104305
6588.990234 -0.051900
6590.509766 -0.018146
6592.029785 -0.005084
6593.549805 -0.001669
6595.060059 -0.001289
6596.580078 -0.000826
6598.100098 -0.000810
6599.620117 -0.001414
6601.140137 -0.002026
6602.660156 -0.002150
6604.180176 -0.001852
6605.700195 -0.002106
6607.220215 -0.001725
6608.750000 -0.001316
6610.270020 -0.001458
6611.790039 -0.001434
6613.310059 -0.001520
6614.839844 -0.001557
6616.359863 -0.001629
6617.879883 -0.002143
6619.410156 -0.002170
6620.930176 -0.002431
6622.459961 -0.002374
6623.979980 -0.002141
6625.509766 -0.002354
6627.029785 -0.002399
6628.560059 -0.002457
6630.080078 -0.002401
6631.609863 -0.002446
6633.140137 -0.002788
6634.669922 -0.002588
6636.189941 -0.002206
6637.720215 -0.002614
6639.250000 -0.002887
6640.779785 -0.002625
6642.310059 -0.002531
6643.839844 -0.002628
6645.370117 -0.002830
6646.899902 -0.002711
6648.430176 -0.002976
6649.959961 -0.003125
6651.490234 -0.003068
6653.020020 -0.002946
6654.560059 -0.002986
6656.089844 -0.002974
6657.620117 -0.003205
6659.149902 -0.003318
6660.689941 -0.003415
6662.220215 -0.003250
6663.759766 -0.003190
6665.290039 -0.003196
6666.830078 -0.003165
6668.359863 -0.003432
6669.899902 -0.003900
6671.430176 -0.004040
6672.970215 -0.004242
6674.509766 -0.004211
6676.040039 -0.004266
6677.580078 -0.004389
6679.120117 -0.003749
6680.660156 -0.003446
6682.189941 -0.004246
6683.729980 -0.004623
6685.270020 -0.004267
6686.810059 -0.004323
6688.350098 -0.004220
6689.890137 -0.004247
6691.430176 -0.004342
6692.970215 -0.004031
6694.509766 -0.004057
6696.060059 -0.004143
6697.600098 -0.003715
6699.140137 -0.003596
6700.680176 -0.003636
6702.229980 -0.003926
6703.770020 -0.004256
6705.310059 -0.004159
6706.859863 -0.004157
6708.399902 -0.004081
6709.950195 -0.004475
6711.490234 -0.005866
6713.040039 -0.010950
6714.580078 -0.022489
6716.129883 -0.032827
6717.680176 -0.035397
6719.220215 -0.035006
6720.770020 -0.031291
6722.319824 -0.020480
6723.870117 -0.009748
6725.419922 -0.006142
6726.959961 -0.007994
6728.509766 -0.014871
6730.060059 -0.023796
6731.609863 -0.027997
6733.160156 -0.027967
6734.709961 -0.026021
6736.259766 -0.018968
6737.810059 -0.009855
6739.370117 -0.005351
6740.919922 -0.004600
6742.470215 -0.004309
6744.020020 -0.004306
6745.580078 -0.004308
6747.129883 -0.004339
6748.680176 -0.004557
6750.240234 -0.004380
6751.790039 -0.004435
6753.350098 -0.004515
6754.899902 -0.004607
6756.459961 -0.004466
6758.009766 -0.004481
6759.569824 -0.004946
6761.129883 -0.005083
6762.680176 -0.005074
6764.240234 -0.005154
6765.799805 -0.004888
6767.359863 -0.004726
6768.919922 -0.004586
6770.470215 -0.004446
6772.029785 -0.004332
6773.589844 -0.004440
6775.149902 -0.005029
6776.709961 -0.005211
6778.270020 -0.005175
6779.830078 -0.005195
6781.399902 -0.005001
6782.959961 -0.004679
6784.520020 -0.004343
6786.080078 -0.004362
6787.640137 -0.004706
6789.209961 -0.005111
6790.770020 -0.005455
6792.330078 -0.005318
6793.899902 -0.005109
6795.459961 -0.005001
6797.029785 -0.004961
6798.589844 -0.005085
6800.160156 -0.004830
6801.729980 -0.005070
6803.290039 -0.005403
6804.859863 -0.005311
6806.430176 -0.005334
6807.990234 -0.005346
6809.560059 -0.005272
6811.129883 -0.005322
6812.700195 -0.005109
6814.270020 -0.005026
6815.839844 -0.005126
6817.399902 -0.005324
6818.970215 -0.005466
6820.540039 -0.005437
6822.120117 -0.005232
6823.689941 -0.005282
6825.259766 -0.005243
6826.830078 -0.005197
6828.399902 -0.005167
6829.970215 -0.004973
6831.549805 -0.005024
6833.120117 -0.005154
6834.689941 -0.005464
6836.270020 -0.005453
6837.839844 -0.005408
6839.419922 -0.005073
6840.990234 -0.004804
6842.569824 -0.004724
6844.140137 -0.004624
6845.720215 -0.004868
6847.299805 -0.005262
6848.870117 -0.005457
6850.450195 -0.005584
6852.029785 -0.005625
6853.600098 -0.005463
6855.180176 -0.004860
6856.759766 -0.004867
6858.339844 -0.004871
6859.919922 -0.004794
6861.500000 -0.004738
6863.080078 -0.004852
6864.660156 -0.005307
6866.240234 -0.005659
6867.819824 -0.005527
6869.399902 -0.005605
6870.990234 -0.005678
6872.569824 -0.005503
6874.149902 -0.005412
6875.729980 -0.005442
6877.319824 -0.005343
6878.899902 -0.005341
6880.490234 -0.005367
6882.069824 -0.005312
6883.649902 -0.005076
6885.240234 -0.005037
6886.830078 -0.005314
6888.410156 -0.005248
6890.000000 -0.005519
6891.580078 -0.005800
6893.169922 -0.005668
6894.759766 -0.005784
6896.350098 -0.005455
6897.930176 -0.005555
6899.520020 -0.005497
6901.109863 -0.005402
6902.700195 -0.005412
6904.290039 -0.005451
6905.879883 -0.005529
6907.470215 -0.005678
6909.060059 -0.005709
6910.649902 -0.005781
6912.240234 -0.005903
6913.839844 -0.005652
6915.430176 -0.005328
6917.020020 -0.005389
6918.609863 -0.005576
6920.209961 -0.005698
6921.799805 -0.005676
6923.390137 -0.005748
6924.990234 -0.005764
6926.580078 -0.005455
6928.180176 -0.005262
6929.770020 -0.005436
6931.370117 -0.005676
6932.970215 -0.005653
6934.560059 -0.005642
6936.160156 -0.005406
6937.759766 -0.005461
6939.350098 -0.005800
6940.950195 -0.005891
6942.549805 -0.005750
6944.149902 -0.005666
6945.750000 -0.005592
6947.350098 -0.005583
6948.950195 -0.005387
6950.549805 -0.005482
6952.149902 -0.005906
6953.750000 -0.005589
6955.350098 -0.005365
6956.950195 -0.005641
6958.560059 -0.005816
6960.160156 -0.005845
6961.759766 -0.005649
6963.359863 -0.006006
6964.970215 -0.006152
6966.569824 -0.005965
6968.180176 -0.006005
6969.779785 -0.006187
6971.390137 -0.006359
6972.990234 -0.006412
6974.600098 -0.006122
6976.200195 -0.005961
6977.810059 -0.005788
6979.419922 -0.005353
6981.020020 -0.005430
6982.629883 -0.005862
6984.240234 -0.006304
6985.850098 -0.006419
6987.459961 -0.006235
6989.060059 -0.006323
6990.669922 -0.006145
6992.279785 -0.006138
6993.890137 -0.005977
6995.509766 -0.005962
6997.120117 -0.006204
6998.729980 -0.006024
7000.339844 -0.005682
7001.950195 -0.005806
7003.560059 -0.005675
7005.180176 -0.005643
7006.790039 -0.005824
7008.399902 -0.006088
7010.020020 -0.006300
7011.629883 -0.006397
7013.250000 -0.006413
7014.859863 -0.006234
7016.479980 -0.006146
7018.089844 -0.005866
7019.709961 -0.006131
7021.330078 -0.006344
7022.939941 -0.006400
7024.560059 -0.006187
7026.180176 -0.006048
7027.790039 -0.005920
7029.410156 -0.005995
7031.029785 -0.006265
7032.649902 -0.006238
7034.270020 -0.006161
7035.890137 -0.006234
7037.509766 -0.006197
7039.129883 -0.005903
7040.750000 -0.005804
7042.370117 -0.006002
7044.000000 -0.006489
7045.620117 -0.006443
7047.240234 -0.006503
7048.859863 -0.006848
7050.490234 -0.006961
7052.109863 -0.007188
7053.729980 -0.006994
7055.359863 -0.006375
7056.979980 -0.006153
7058.609863 -0.006363
7060.229980 -0.006452
7061.859863 -0.006720
7063.490234 -0.006837
7065.109863 -0.006420
7066.740234 -0.006086
7068.370117 -0.006317
7069.990234 -0.006643
7071.620117 -0.006893
7073.250000 -0.007084
7074.879883 -0.007209
7076.509766 -0.007154
7078.140137 -0.007377
7079.770020 -0.007574
7081.399902 -0.007702
7083.029785 -0.007641
7084.660156 -0.007307
7086.290039 -0.006960
7087.919922 -0.006948
7089.560059 -0.007140
7091.189941 -0.007271
7092.819824 -0.007367
7094.459961 -0.007276
7096.089844 -0.007681
7097.720215 -0.007868
7099.359863 -0.007975
7100.990234 -0.008086
7102.629883 -0.007729
7104.259766 -0.008004
7105.899902 -0.007935
7107.540039 -0.007879
7109.169922 -0.007896
7110.810059 -0.007850
7112.450195 -0.007656
7114.089844 -0.007405
7115.720215 -0.007302
7117.359863 -0.007429
7119.000000 -0.007491
7120.640137 -0.007599
7122.279785 -0.007913
7123.919922 -0.007882
7125.560059 -0.007995
7127.200195 -0.007969
7128.839844 -0.007866
7130.490234 -0.007752
7132.129883 -0.007857
7133.770020 -0.008066
7135.410156 -0.006652
7137.060059 -0.003982
7138.700195 -0.004033
7140.339844 -0.006924
7141.990234 -0.008391
7143.629883 -0.008363
7145.279785 -0.008156
7146.919922 -0.008179
7148.569824 -0.008198
7150.209961 -0.007782
7151.859863 -0.007932
7153.509766 -0.008370
7155.160156 -0.008424
7156.799805 -0.008506
7158.450195 -0.008504
7160.100098 -0.008409
7161.750000 -0.008108
7163.399902 -0.007891
7165.049805 -0.007635
7166.700195 -0.007544
7168.350098 -0.007827
7170.000000 -0.008080
7171.649902 -0.008440
7173.299805 -0.008440
7174.950195 -0.008269
7176.609863 -0.008259
7178.259766 -0.008182
7179.910156 -0.007937
7181.560059 -0.007850
7183.220215 -0.008075
7184.870117 -0.008125
7186.529785 -0.007967
7188.180176 -0.008110
7189.839844 -0.008110
7191.490234 -0.007773
7193.149902 -0.008002
7194.810059 -0.008353
7196.459961 -0.008409
7198.120117 -0.008555
7199.779785 -0.008486
7201.439941 -0.008189
7203.089844 -0.008172
7204.750000 -0.008047
7206.410156 -0.007989
7208.069824 -0.008041
7209.729980 -0.008222
7211.390137 -0.008406
7213.049805 -0.008408
7214.709961 -0.008450
7216.379883 -0.008393
7218.040039 -0.008439
7219.700195 -0.008295
7221.359863 -0.008099
7223.020020 -0.007847
7224.689941 -0.007193
7226.350098 -0.007075
7228.020020 -0.007382
7229.680176 -0.007820
7231.350098 -0.008357
7233.009766 -0.008635
7234.680176 -0.008678
7236.339844 -0.008755
7238.009766 -0.008595
7239.680176 -0.008341
7241.339844 -0.008335
7243.009766 -0.008334
7244.680176 -0.008369
7246.350098 -0.008348
7248.020020 -0.008406
7249.680176 -0.008565
7251.350098 -0.008517
7253.020020 -0.008517
7254.689941 -0.008473
7256.359863 -0.008320
7258.040039 -0.008500
7259.709961 -0.008635
7261.379883 -0.008644
7263.049805 -0.008461
7264.720215 -0.008242
7266.399902 -0.008263
7268.069824 -0.008437
7269.740234 -0.008733
7271.419922 -0.008656
7273.089844 -0.008455
7274.770020 -0.008262
7276.439941 -0.008233
7278.120117 -0.008458
7279.790039 -0.008568
7281.470215 -0.008455
7283.149902 -0.008480
7284.819824 -0.008022
7286.500000 -0.008262
7288.180176 -0.008637
7289.859863 -0.008524
7291.540039 -0.008470
7293.220215 -0.008423
7294.899902 -0.008617
7296.580078 -0.008774
7298.259766 -0.008780
7299.939941 -0.008787
7301.620117 -0.008718
7303.299805 -0.008529
7304.979980 -0.008127
7306.660156 -0.008178
7308.350098 -0.008261
7310.029785 -0.008270
7311.709961 -0.008131
7313.399902 -0.007978
7315.080078 -0.008282
7316.759766 -0.008439
7318.450195 -0.008752
7320.129883 -0.008249
7321.819824 -0.007474
7323.509766 -0.007891
7325.189941 -0.008789
7326.879883 -0.008955
7328.569824 -0.008546
7330.250000 -0.007960
7331.939941 -0.007226
7333.629883 -0.007475
7335.319824 -0.008348
7337.009766 -0.008383
7338.700195 -0.008185
7340.390137 -0.008553
7342.080078 -0.008586
7343.770020 -0.008435
7345.459961 -0.008258
7347.149902 -0.008203
7348.839844 -0.008335
7350.540039 -0.008286
7352.229980 -0.008200
7353.919922 -0.008188
7355.620117 -0.008068
7357.310059 -0.008029
7359.000000 -0.007895
7360.700195 -0.007951
7362.390137 -0.008144
7364.089844 -0.008265
7365.790039 -0.008346
7367.479980 -0.008353
7369.180176 -0.008329
7370.879883 -0.008495
7372.569824 -0.008514
7374.270020 -0.008861
7375.970215 -0.009090
7377.669922 -0.009259
7379.370117 -0.009394
7381.069824 -0.009483
7382.770020 -0.009279
7384.470215 -0.008912
7386.169922 -0.008414
7387.870117 -0.008027
7389.569824 -0.007947
7391.270020 -0.008135
7392.970215 -0.008474
7394.669922 -0.008470
7396.379883 -0.008746
7398.080078 -0.008615
7399.779785 -0.008395
7401.490234 -0.008386
7403.189941 -0.008210
7404.899902 -0.008510
7406.600098 -0.008858
7408.310059 -0.008948
7410.020020 -0.008472
7411.720215 -0.008695
7413.430176 -0.008616
7415.140137 -0.008187
7416.839844 -0.008419
7418.549805 -0.008369
7420.259766 -0.008068
7421.970215 -0.007828
7423.680176 -0.008064
7425.390137 -0.007984
7427.100098 -0.008237
7428.810059 -0.008267
7430.520020 -0.008346
7432.229980 -0.008266
7433.939941 -0.008064
7435.649902 -0.008132
7437.359863 -0.008188
7439.080078 -0.008259
7440.790039 -0.008405
7442.500000 -0.008353
7444.220215 -0.008107
7445.930176 -0.008182
7447.649902 -0.008612
7449.359863 -0.008521
7451.080078 -0.008524
7452.790039 -0.008924
7454.509766 -0.009212
7456.229980 -0.009102
7457.939941 -0.009067
7459.660156 -0.009025
7461.379883 -0.008659
7463.100098 -0.008404
7464.819824 -0.008456
7466.529785 -0.008805
7468.250000 -0.009278
7469.970215 -0.009384
7471.689941 -0.009122
7473.410156 -0.008763
7475.140137 -0.008517
7476.859863 -0.008514
7478.580078 -0.008663
7480.299805 -0.008668
7482.020020 -0.008614
7483.750000 -0.008654
7485.470215 -0.008757
7487.189941 -0.008824
7488.919922 -0.009215
7490.640137 -0.009102
7492.370117 -0.008890
7494.089844 -0.008715
7495.819824 -0.008519
7497.540039 -0.008553
7499.270020 -0.008846
7501.000000 -0.009404
7502.729980 -0.009665
7504.450195 -0.009619
7506.180176 -0.009422
7507.910156 -0.009297
7509.640137 -0.009199
7511.370117 -0.009119
7513.100098 -0.008773
7514.830078 -0.008896
7516.560059 -0.009343
7518.290039 -0.009389
7520.020020 -0.009372
7521.750000 -0.009646
7523.490234 -0.009311
7525.220215 -0.009147
7526.950195 -0.009450
7528.680176 -0.009273
7530.419922 -0.009328
7532.149902 -0.009401
7533.890137 -0.009292
7535.620117 -0.009344
7537.359863 -0.009472
7539.089844 -0.009453
7540.830078 -0.009437
7542.569824 -0.009522
7544.299805 -0.009456
7546.040039 -0.009124
7547.779785 -0.009353
7549.520020 -0.009529
7551.250000 -0.009515
7552.990234 -0.009498
7554.729980 -0.009522
7556.470215 -0.009551
7558.209961 -0.009266
7559.950195 -0.009024
7561.689941 -0.008837
7563.439941 -0.008736
7565.180176 -0.008865
7566.919922 -0.009239
7568.660156 -0.009379
7570.399902 -0.009323
7572.149902 -0.009305
7573.890137 -0.009201
7575.640137 -0.009501
7577.379883 -0.009732
7579.120117 -0.009666
7580.870117 -0.009898
7582.620117 -0.009502
7584.359863 -0.009592
7586.109863 -0.009671
7587.859863 -0.009648
7589.600098 -0.009588
7591.350098 -0.009307
7593.100098 -0.009548
7594.850098 -0.009729
7596.600098 -0.009918
7598.350098 -0.010116
7600.100098 -0.010041
7601.850098 -0.009971
7603.600098 -0.010082
7605.350098 -0.010196
7607.100098 -0.010342
7608.850098 -0.010521
7610.600098 -0.010554
7612.359863 -0.010259
7614.109863 -0.010406
7615.859863 -0.010295
7617.620117 -0.009933
7619.370117 -0.009671
7621.120117 -0.009510
7622.879883 -0.009967
7624.640137 -0.010303
7626.390137 -0.010300
7628.149902 -0.010167
7629.899902 -0.010064
7631.660156 -0.009871
7633.419922 -0.009649
7635.180176 -0.009730
7636.930176 -0.010072
7638.689941 -0.009919
7640.450195 -0.009925
7642.209961 -0.009800
7643.970215 -0.009892
7645.729980 -0.010129
7647.490234 -0.010067
7649.250000 -0.009886
7651.020020 -0.009900
7652.779785 -0.010392
7654.540039 -0.010535
7656.299805 -0.010065
7658.069824 -0.009982
7659.830078 -0.010214
7661.589844 -0.010212
7663.359863 -0.009605
7665.120117 -0.008955
7666.890137 -0.008744
7668.649902 -0.009356
7670.419922 -0.010038
7672.189941 -0.010365
7673.950195 -0.010520
7675.720215 -0.010586
7677.490234 -0.010443
7679.250000 -0.010675
7681.020020 -0.010679
7682.790039 -0.010196
7684.560059 -0.010016
7686.330078 -0.010075
7688.100098 -0.010426
7689.870117 -0.010374
7691.640137 -0.010020
7693.410156 -0.009856
7695.189941 -0.010046
7696.959961 -0.010223
7698.729980 -0.009940
7700.500000 -0.009622
7702.279785 -0.009901
7704.049805 -0.010480
7705.819824 -0.010845
7707.600098 -0.010793
7709.370117 -0.010513
7711.149902 -0.010274
7712.919922 -0.010183
7714.700195 -0.010140
7716.479980 -0.010008
7718.250000 -0.010115
7720.029785 -0.010620
7721.810059 -0.010916
7723.589844 -0.010747
7725.370117 -0.010634
7727.149902 -0.010720
7728.919922 -0.010937
7730.700195 -0.011277
7732.479980 -0.011365
7734.270020 -0.011373
7736.049805 -0.011441
7737.830078 -0.011659
7739.609863 -0.011890
7741.390137 -0.011760
7743.180176 -0.011614
7744.959961 -0.011421
7746.740234 -0.011036
7748.529785 -0.010894
7750.310059 -0.010935
7752.089844 -0.010527
7753.879883 -0.010481
7755.669922 -0.011447
7757.450195 -0.012169
7759.240234 -0.011957
7761.020020 -0.011944
7762.810059 -0.011836
7764.600098 -0.011583
7766.390137 -0.012116
7768.180176 -0.012288
7769.970215 -0.011932
7771.750000 -0.011554
7773.540039 -0.010933
7775.330078 -0.010700
7777.120117 -0.010763
7778.919922 -0.011021
7780.709961 -0.011524
7782.500000 -0.011919
7784.290039 -0.012093
7786.080078 -0.012152
7787.879883 -0.012302
7789.669922 -0.012438
7791.459961 -0.012473
7793.259766 -0.012778
7795.049805 -0.012880
7796.850098 -0.013143
7798.640137 -0.013089
7800.439941 -0.012918
7802.240234 -0.013103
7804.029785 -0.013370
7805.830078 -0.013134
7807.629883 -0.013323
7809.430176 -0.013415
7811.220215 -0.013372
7813.020020 -0.013165
7814.819824 -0.013283
7816.620117 -0.013633
7818.419922 -0.013854
7820.220215 -0.013936
7822.020020 -0.013746
7823.819824 -0.013670
7825.629883 -0.013704
7827.430176 -0.013595
7829.229980 -0.013509
7831.029785 -0.013559
7832.839844 -0.013564
7834.640137 -0.013704
7836.439941 -0.013458
7838.250000 -0.013422
7840.049805 -0.013645
7841.859863 -0.013795
7843.669922 -0.013923
7845.470215 -0.014190
7847.279785 -0.014148
7849.089844 -0.014035
7850.890137 -0.014041
7852.700195 -0.013851
7854.509766 -0.013810
7856.319824 -0.014101
7858.129883 -0.014275
7859.939941 -0.014229
7861.750000 -0.014558
7863.560059 -0.014479
7865.370117 -0.014340
7867.180176 -0.014283
7868.990234 -0.014334
7870.799805 -0.014574
7872.620117 -0.014424
7874.430176 -0.014010
7876.240234 -0.014173
7878.060059 -0.014523
7879.870117 -0.014452
7881.689941 -0.014640
7883.500000 -0.014758
7885.319824 -0.014791
7887.129883 -0.015149
7888.950195 -0.014922
7890.759766 -0.014713
7892.580078 -0.015020
7894.399902 -0.014671
7896.220215 -0.014334
7898.040039 -0.014382
7899.850098 -0.014530
7901.669922 -0.014527
7903.490234 -0.014841
7905.310059 -0.014902
7907.129883 -0.014823
7908.950195 -0.014845
7910.779785 -0.014912
7912.600098 -0.014857
7914.419922 -0.014695
7916.240234 -0.014673
7918.069824 -0.014565
7919.890137 -0.014340
7921.709961 -0.014865
7923.540039 -0.015021
7925.359863 -0.014869
7927.189941 -0.014650
7929.009766 -0.014614
7930.839844 -0.014959
7932.660156 -0.014861
7934.490234 -0.014827
7936.319824 -0.014978
7938.149902 -0.015443
7939.970215 -0.015444
7941.799805 -0.015072
7943.629883 -0.014928
7945.459961 -0.015142
7947.290039 -0.015390
7949.120117 -0.015138
7950.950195 -0.015363
7952.779785 -0.015669
7954.609863 -0.015686
7956.450195 -0.015872
7958.279785 -0.016066
7960.109863 -0.016081
7961.939941 -0.016082
7963.779785 -0.016213
7965.609863 -0.016009
7967.450195 -0.015970
7969.279785 -0.015948
7971.120117 -0.015956
7972.950195 -0.016379
7974.790039 -0.016429
7976.620117 -0.016198
7978.459961 -0.016215
7980.299805 -0.016059
7982.140137 -0.016007
7983.970215 -0.016371
7985.810059 -0.016322
7987.649902 -0.016315
7989.490234 -0.016308
7991.330078 -0.016402
7993.169922 -0.016407
7995.009766 -0.016625
7996.850098 -0.016218
7998.689941 -0.016336
8000.540039 -0.016712
8002.379883 -0.016793
8004.220215 -0.016854
8006.060059 -0.016693
8007.910156 -0.016744
8009.750000 -0.016858
8011.600098 -0.016643
8013.439941 -0.016985
8015.290039 -0.017187
8017.129883 -0.017344
8018.979980 -0.017330
8020.830078 -0.017096
8022.669922 -0.016830
8024.520020 -0.016635
8026.370117 -0.016693
8028.220215 -0.016684
8030.069824 -0.016720
8031.910156 -0.016695
8033.759766 -0.017376
8035.609863 -0.017914
8037.459961 -0.017701
8039.319824 -0.017220
8041.169922 -0.017198
8043.020020 -0.017547
8044.870117 -0.017164
8046.720215 -0.016949
8048.580078 -0.016907
8050.430176 -0.016964
8052.279785 -0.017026
8054.140137 -0.017351
8055.990234 -0.017818
8057.850098 -0.017917
8059.700195 -0.017529
8061.560059 -0.017695
8063.419922 -0.017842
8065.270020 -0.017601
8067.129883 -0.017659
8068.990234 -0.017340
8070.850098 -0.017202
8072.709961 -0.017304
8074.560059 -0.017299
8076.419922 -0.017427
8078.279785 -0.017664
8080.140137 -0.018198
8082.000000 -0.018314
8083.870117 -0.017648
8085.729980 -0.017763
8087.589844 -0.018340
8089.450195 -0.018204
8091.310059 -0.017980
8093.180176 -0.017667
8095.040039 -0.017164
8096.910156 -0.017468
8098.770020 -0.017648
8100.640137 -0.017620
8102.500000 -0.017584
8104.370117 -0.017847
8106.229980 -0.017854
8108.100098 -0.017652
8109.970215 -0.017724
8111.830078 -0.017640
8113.700195 -0.017836
8115.569824 -0.017976
8117.439941 -0.017916
8119.310059 -0.017915
8121.180176 -0.018048
8123.049805 -0.018827
8124.919922 -0.018664
8126.790039 -0.018277
8128.660156 -0.018320
8130.529785 -0.018358
8132.410156 -0.018374
8134.279785 -0.018569
8136.149902 -0.018689
8138.029785 -0.018698
8139.899902 -0.018381
8141.770020 -0.018158
8143.649902 -0.018678
8145.520020 -0.018829
8147.399902 -0.018324
8149.279785 -0.018316
8151.149902 -0.018604
8153.029785 -0.018977
8154.910156 -0.018374
8156.790039 -0.018415
8158.660156 -0.019005
8160.540039 -0.018545
8162.419922 -0.018352
8164.299805 -0.017971
8166.180176 -0.018248
8168.060059 -0.019003
8169.939941 -0.018716
8171.830078 -0.018556
8173.709961 -0.018913
8175.589844 -0.019132
8177.470215 -0.019201
8179.359863 -0.019045
8181.240234 -0.018788
8183.120117 -0.018482
8185.009766 -0.018404
8186.890137 -0.018645
8188.779785 -0.019193
8190.660156 -0.019590
8192.549805 -0.019879
8194.440430 -0.019450
8196.320312 -0.018635
8198.209961 -0.018168
8200.099609 -0.018416
8201.990234 -0.018266
8203.879883 -0.018134
8205.759766 -0.018211
8207.660156 -0.018203
8209.540039 -0.018339
8211.440430 -0.018345
8213.330078 -0.018282
8215.219727 -0.018524
8217.110352 -0.019016
8219.000000 -0.019084
8220.889648 -0.018748
8222.790039 -0.018957
8224.679688 -0.018764
8226.580078 -0.018672
8228.469727 -0.018825
8230.360352 -0.019097
8232.259766 -0.018790
8234.160156 -0.018394
8236.049805 -0.018761
8237.950195 -0.018212
8239.849609 -0.017953
8241.740234 -0.018672
8243.639648 -0.018939
8245.540039 -0.018715
8247.440430 -0.018522
8249.339844 -0.018791
8251.240234 -0.018508
8253.139648 -0.018396
8255.040039 -0.018007
8256.940430 -0.017936
8258.839844 -0.018245
8260.740234 -0.018631
8262.639648 -0.019179
8264.549805 -0.019116
8266.450195 -0.018823
8268.349609 -0.018528
8270.259766 -0.018568
8272.160156 -0.018481
8274.070312 -0.018162
8275.969727 -0.018346
8277.879883 -0.018376
8279.790039 -0.018186
8281.690430 -0.018380
8283.599609 -0.018118
8285.509766 -0.017809
8287.419922 -0.018117
8289.320312 -0.018072
8291.230469 -0.017648
8293.139648 -0.018196
8295.049805 -0.018023
8296.959961 -0.017910
8298.870117 -0.017839
8300.780273 -0.017636
8302.700195 -0.017796
8304.610352 -0.017679
8306.519531 -0.017230
8308.429688 -0.017107
8310.349609 -0.017189
8312.259766 -0.017042
8314.169922 -0.017118
8316.089844 -0.017593
8318.000000 -0.017426
8319.919922 -0.017713
8321.830078 -0.017637
8323.750000 -0.017275
8325.669922 -0.017205
8327.580078 -0.017132
8329.500000 -0.017211
8331.419922 -0.017058
8333.339844 -0.016741
8335.259766 -0.016613
8337.179688 -0.016669
8339.099609 -0.016622
8341.019531 -0.016173
8342.940430 -0.016738
8344.860352 -0.016832
8346.780273 -0.016474
8348.700195 -0.016522
