3450.000000 0.018544
3450.790039 0.018901
3451.590088 0.018859
3452.379883 0.018407
3453.179932 0.018588
3453.969971 0.018711
3454.770020 0.018642
3455.570068 0.018422
3456.360107 0.018652
3457.159912 0.018931
3457.949951 0.018411
3458.750000 0.017884
3459.550049 0.017590
3460.340088 0.017793
3461.139893 0.016966
3461.939941 0.016872
3462.729980 0.016786
3463.530029 0.018124
3464.330078 0.017997
3465.129883 0.018343
3465.919922 0.018480
3466.719971 0.017828
3467.520020 0.017963
3468.320068 0.018005
3469.120117 0.018804
3469.919922 0.018919
3470.719971 0.018960
3471.520020 0.019021
3472.310059 0.018300
3473.110107 0.017307
3473.909912 0.016867
3474.709961 0.016260
3475.510010 0.016159
3476.310059 0.016287
3477.120117 0.016235
3477.919922 0.015961
3478.719971 0.015762
3479.520020 0.016592
3480.320068 0.017648
3481.120117 0.017970
3481.919922 0.017903
3482.719971 0.017390
3483.530029 0.017439
3484.330078 0.017776
3485.129883 0.017313
3485.929932 0.017621
3486.739990 0.018106
3487.540039 0.018007
3488.340088 0.017529
3489.149902 0.017369
3489.949951 0.017047
3490.750000 0.016286
3491.560059 0.015569
3492.360107 0.015943
3493.169922 0.016039
3493.969971 0.015795
3494.770020 0.016885
3495.580078 0.015534
3496.379883 0.015183
3497.189941 0.016087
3497.989990 0.016264
3498.800049 0.016282
3499.610107 0.016430
3500.409912 0.017577
3501.219971 0.018421
3502.020020 0.018924
3502.830078 0.018577
3503.639893 0.018771
3504.439941 0.018364
3505.250000 0.017916
3506.060059 0.018488
3506.870117 0.018104
3507.669922 0.016470
3508.479980 0.016893
3509.290039 0.017397
3510.100098 0.016782
3510.909912 0.016436
3511.709961 0.016138
3512.520020 0.016041
3513.330078 0.016335
3514.139893 0.016312
3514.949951 0.016507
3515.760010 0.016406
3516.570068 0.017061
3517.379883 0.017378
3518.189941 0.018353
3519.000000 0.017849
3519.810059 0.017114
3520.620117 0.016676
3521.429932 0.016389
3522.239990 0.015829
3523.050049 0.015386
3523.860107 0.015000
3524.679932 0.015318
3525.489990 0.015336
3526.300049 0.014678
3527.110107 0.015162
3527.919922 0.015386
3528.739990 0.015570
3529.550049 0.016761
3530.360107 0.016847
3531.169922 0.016442
3531.989990 0.016783
3532.800049 0.016610
3533.610107 0.016448
3534.429932 0.016892
3535.239990 0.017466
3536.060059 0.017687
3536.870117 0.016731
3537.679932 0.016955
3538.500000 0.016982
3539.310059 0.017076
3540.129883 0.017050
3540.939941 0.017306
3541.760010 0.017140
3542.580078 0.016950
3543.389893 0.016922
3544.209961 0.016223
3545.020020 0.016607
3545.840088 0.016510
3546.659912 0.016435
3547.469971 0.017208
3548.290039 0.017362
3549.110107 0.017183
3549.919922 0.017343
3550.739990 0.017230
3551.560059 0.016475
3552.379883 0.016322
3553.199951 0.016710
3554.010010 0.015917
3554.830078 0.015307
3555.649902 0.014975
3556.469971 0.015494
3557.290039 0.015326
3558.110107 0.015605
3558.929932 0.016090
3559.750000 0.015791
3560.570068 0.016146
3561.389893 0.015761
3562.209961 0.016377
3563.030029 0.016333
3563.850098 0.015939
3564.669922 0.014989
3565.489990 0.013998
3566.310059 0.013904
3567.129883 0.013107
3567.949951 0.012443
3568.770020 0.013263
3569.600098 0.012911
3570.419922 0.012417
3571.239990 0.012572
3572.060059 0.012256
3572.889893 0.012522
3573.709961 0.013261
3574.530029 0.014147
3575.350098 0.014349
3576.179932 0.014326
3577.000000 0.014239
3577.820068 0.014220
3578.649902 0.013193
3579.469971 0.012988
3580.300049 0.012560
3581.120117 0.011613
3581.949951 0.011004
3582.770020 0.010518
3583.600098 0.010771
3584.419922 0.011186
3585.250000 0.011014
3586.070068 0.011342
3586.899902 0.010579
3587.719971 0.010134
3588.550049 0.010952
3589.379883 0.011811
3590.199951 0.012833
3591.030029 0.013552
3591.860107 0.014016
3592.679932 0.014133
3593.510010 0.013832
3594.340088 0.013916
3595.169922 0.014997
3596.000000 0.015667
3596.820068 0.015217
3597.649902 0.015294
3598.479980 0.015822
3599.310059 0.016178
3600.139893 0.016348
3600.969971 0.016402
3601.800049 0.015238
3602.629883 0.014806
3603.449951 0.014130
3604.280029 0.013271
3605.110107 0.013067
3605.949951 0.012807
3606.780029 0.012374
3607.610107 0.012640
3608.439941 0.012848
3609.270020 0.011978
3610.100098 0.012142
3610.929932 0.012402
3611.760010 0.012383
3612.590088 0.012918
3613.429932 0.013048
3614.260010 0.013177
3615.090088 0.014090
3615.919922 0.014303
3616.760010 0.014075
3617.590088 0.013281
3618.419922 0.011902
3619.250000 0.011745
3620.090088 0.011602
3620.919922 0.011657
3621.760010 0.011926
3622.590088 0.012546
3623.419922 0.013719
3624.260010 0.014162
3625.090088 0.014481
3625.929932 0.015422
3626.760010 0.016196
3627.600098 0.016283
3628.429932 0.016094
3629.270020 0.015701
3630.100098 0.014841
3630.939941 0.013650
3631.780029 0.012527
3632.610107 0.011597
3633.449951 0.011139
3634.290039 0.011365
3635.120117 0.011933
3635.959961 0.012370
3636.800049 0.013017
3637.629883 0.013568
3638.469971 0.013585
3639.310059 0.014395
3640.149902 0.015216
3640.989990 0.015062
3641.830078 0.014440
3642.659912 0.014214
3643.500000 0.013829
3644.340088 0.013200
3645.179932 0.013242
3646.020020 0.012847
3646.860107 0.012103
3647.699951 0.012042
3648.540039 0.012030
3649.379883 0.012164
3650.219971 0.012452
3651.060059 0.013126
3651.899902 0.013414
3652.739990 0.014098
3653.580078 0.015187
3654.429932 0.015644
3655.270020 0.015292
3656.110107 0.015271
3656.949951 0.015507
3657.790039 0.015738
3658.639893 0.016161
3659.479980 0.016393
3660.320068 0.016423
3661.159912 0.016545
3662.010010 0.016063
3662.850098 0.015642
3663.689941 0.015168
3664.540039 0.015383
3665.379883 0.015324
3666.219971 0.015074
3667.070068 0.015229
3667.909912 0.014504
3668.760010 0.014063
3669.600098 0.014124
3670.449951 0.013934
3671.290039 0.014412
3672.139893 0.014886
3672.979980 0.015318
3673.830078 0.015391
3674.679932 0.015327
3675.520020 0.015136
3676.370117 0.014445
3677.219971 0.014092
3678.060059 0.013876
3678.909912 0.013083
3679.760010 0.013175
3680.600098 0.012578
3681.449951 0.012516
3682.300049 0.013497
3683.149902 0.014255
3684.000000 0.013924
3684.840088 0.013810
3685.689941 0.013351
3686.540039 0.012392
3687.389893 0.011713
3688.239990 0.011531
3689.090088 0.012508
3689.939941 0.013354
3690.790039 0.013796
3691.639893 0.013886
3692.489990 0.014180
3693.340088 0.014482
3694.189941 0.014640
3695.040039 0.013935
3695.889893 0.013678
3696.739990 0.013720
3697.590088 0.013772
3698.439941 0.013733
3699.300049 0.014099
3700.149902 0.015704
3701.000000 0.016118
3701.850098 0.015235
3702.699951 0.014457
3703.560059 0.013115
3704.409912 0.011288
3705.260010 0.010627
3706.120117 0.010433
3706.969971 0.010752
3707.820068 0.010897
3708.679932 0.010659
3709.530029 0.011237
3710.389893 0.011675
3711.239990 0.011856
3712.100098 0.011808
3712.949951 0.012591
3713.800049 0.013689
3714.659912 0.014852
3715.520020 0.014684
3716.370117 0.014421
3717.229980 0.014184
3718.080078 0.012916
3718.939941 0.012107
3719.800049 0.010589
3720.649902 0.008418
3721.510010 0.006249
3722.370117 0.004665
3723.219971 0.002960
3724.080078 -0.002429
3724.939941 -0.026527
3725.800049 -0.072456
3726.649902 -0.109300
3727.510010 -0.122301
3728.370117 -0.137039
3729.229980 -0.154900
3730.090088 -0.134859
3730.949951 -0.072020
3731.810059 -0.018042
3732.669922 0.001507
3733.530029 0.005267
3734.389893 0.005588
3735.250000 0.005093
3736.110107 0.006104
3736.969971 0.007304
3737.830078 0.008199
3738.689941 0.009371
3739.550049 0.010491
3740.409912 0.011288
3741.270020 0.011775
3742.129883 0.012105
3742.989990 0.011647
3743.860107 0.010624
3744.719971 0.009980
3745.580078 0.009106
3746.439941 0.009053
3747.310059 0.009053
3748.169922 0.008333
3749.030029 0.007073
3749.889893 0.006028
3750.760010 0.006030
3751.620117 0.007466
3752.489990 0.009442
3753.350098 0.011159
3754.209961 0.012548
3755.080078 0.013039
3755.939941 0.013003
3756.810059 0.012723
3757.669922 0.011701
3758.540039 0.010313
3759.399902 0.009444
3760.270020 0.009331
3761.139893 0.009985
3762.000000 0.010311
3762.870117 0.010451
3763.739990 0.010561
3764.600098 0.010922
3765.469971 0.011273
3766.340088 0.011056
3767.199951 0.010842
3768.070068 0.010712
3768.939941 0.010902
3769.810059 0.010141
3770.679932 0.008900
3771.540039 0.008427
3772.409912 0.009676
3773.280029 0.011732
3774.149902 0.012673
3775.020020 0.012522
3775.889893 0.012229
3776.760010 0.012868
3777.629883 0.012915
3778.500000 0.012515
3779.370117 0.012652
3780.239990 0.013014
3781.110107 0.013498
3781.979980 0.013670
3782.850098 0.013667
3783.719971 0.013642
3784.590088 0.013772
3785.459961 0.013409
3786.340088 0.012455
3787.209961 0.011604
3788.080078 0.011123
3788.949951 0.010450
3789.820068 0.010167
3790.699951 0.010299
3791.570068 0.010845
3792.439941 0.010966
3793.320068 0.010659
3794.189941 0.010676
3795.060059 0.010104
3795.939941 0.009426
3796.810059 0.008212
3797.689941 0.005853
3798.560059 0.004535
3799.439941 0.005256
3800.310059 0.007657
3801.189941 0.009939
3802.060059 0.011013
3802.939941 0.011670
3803.810059 0.012080
3804.689941 0.012436
3805.560059 0.011998
3806.439941 0.011696
3807.320068 0.011406
3808.189941 0.011294
3809.070068 0.011556
3809.949951 0.012184
3810.830078 0.012320
3811.699951 0.012250
3812.580078 0.011869
3813.459961 0.011134
3814.340088 0.010249
3815.219971 0.009513
3816.090088 0.009169
3816.969971 0.009022
3817.850098 0.009722
3818.729980 0.009553
3819.610107 0.008923
3820.489990 0.008067
3821.370117 0.007912
3822.250000 0.008569
3823.129883 0.008685
3824.010010 0.008981
3824.889893 0.008633
3825.770020 0.007919
3826.649902 0.007440
3827.530029 0.007386
3828.419922 0.007340
3829.300049 0.007562
3830.179932 0.007684
3831.060059 0.007630
3831.939941 0.007160
3832.830078 0.006822
3833.709961 0.006195
3834.590088 0.003841
3835.469971 0.001072
3836.360107 0.000325
3837.239990 0.002312
3838.120117 0.005318
3839.010010 0.006963
3839.889893 0.006890
3840.780029 0.007191
3841.659912 0.007890
3842.550049 0.008654
3843.429932 0.009063
3844.320068 0.009465
3845.199951 0.009656
3846.090088 0.009797
3846.969971 0.009879
3847.860107 0.010427
3848.739990 0.010271
3849.629883 0.009678
3850.520020 0.009578
3851.399902 0.009733
3852.290039 0.010144
3853.179932 0.010371
3854.070068 0.009852
3854.949951 0.009580
3855.840088 0.009505
3856.729980 0.008873
3857.620117 0.008546
3858.510010 0.008552
3859.389893 0.008136
3860.280029 0.007629
3861.169922 0.007901
3862.060059 0.008412
3862.949951 0.008971
3863.840088 0.009340
3864.729980 0.009328
3865.620117 0.009142
3866.510010 0.007992
3867.399902 0.004244
3868.290039 -0.004572
3869.179932 -0.012684
3870.070068 -0.012924
3870.959961 -0.004902
3871.850098 0.002907
3872.750000 0.005964
3873.639893 0.007326
3874.530029 0.008465
3875.419922 0.009217
3876.320068 0.010170
3877.209961 0.010349
3878.100098 0.009357
3878.989990 0.008784
3879.889893 0.009010
3880.780029 0.009233
3881.669922 0.009478
3882.570068 0.009517
3883.459961 0.009189
3884.360107 0.009245
3885.250000 0.009277
3886.149902 0.008511
3887.040039 0.006804
3887.939941 0.001847
3888.830078 -0.005676
3889.729980 -0.009661
3890.620117 -0.005217
3891.520020 0.003163
3892.409912 0.008989
3893.310059 0.010916
3894.209961 0.011093
3895.100098 0.011142
3896.000000 0.010974
3896.899902 0.011129
3897.800049 0.011173
3898.689941 0.011285
3899.590088 0.011079
3900.489990 0.011184
3901.389893 0.011270
3902.290039 0.011134
3903.179932 0.010982
3904.080078 0.010770
3904.979980 0.010323
3905.879883 0.010044
3906.780029 0.010105
3907.679932 0.010724
3908.580078 0.011498
3909.479980 0.011809
3910.379883 0.012006
3911.280029 0.012403
3912.179932 0.012495
3913.080078 0.012549
3913.979980 0.012289
3914.889893 0.012170
3915.790039 0.012210
3916.689941 0.011937
3917.590088 0.011661
3918.489990 0.011329
3919.399902 0.010727
3920.300049 0.010559
3921.199951 0.010337
3922.100098 0.009676
3923.010010 0.009750
3923.909912 0.009961
3924.810059 0.009868
3925.719971 0.009848
3926.620117 0.009313
3927.530029 0.008408
3928.429932 0.007291
3929.340088 0.006360
3930.239990 0.005342
3931.149902 0.004186
3932.050049 0.003676
3932.959961 0.003646
3933.860107 0.003367
3934.770020 0.003095
3935.669922 0.003182
3936.580078 0.003161
3937.489990 0.003732
3938.389893 0.004784
3939.300049 0.005586
3940.209961 0.006556
3941.110107 0.007640
3942.020020 0.007726
3942.929932 0.008048
3943.840088 0.008238
3944.750000 0.008199
3945.649902 0.008946
3946.560059 0.009698
3947.469971 0.010197
3948.379883 0.010271
3949.290039 0.010706
3950.199951 0.010922
3951.110107 0.011194
3952.020020 0.011367
3952.929932 0.010860
3953.840088 0.011023
3954.750000 0.011556
3955.659912 0.011424
3956.570068 0.011164
3957.479980 0.011083
3958.389893 0.011310
3959.310059 0.011094
3960.219971 0.010789
3961.129883 0.009943
3962.040039 0.008711
3962.949951 0.007713
3963.870117 0.006890
3964.780029 0.005673
3965.689941 0.004239
3966.610107 0.001686
3967.520020 -0.001795
3968.429932 -0.004643
3969.350098 -0.007852
3970.260010 -0.011326
3971.179932 -0.011246
3972.090088 -0.005411
3973.000000 0.002085
3973.919922 0.006094
3974.830078 0.007696
3975.750000 0.008955
3976.669922 0.009653
3977.580078 0.010417
3978.500000 0.011325
3979.409912 0.011768
3980.330078 0.012328
3981.250000 0.012777
3982.159912 0.012608
3983.080078 0.012208
3984.000000 0.012392
3984.919922 0.012336
3985.830078 0.012470
3986.750000 0.012696
3987.669922 0.012859
3988.590088 0.013323
3989.510010 0.013180
3990.419922 0.013076
3991.340088 0.013368
3992.260010 0.013488
3993.179932 0.013812
3994.100098 0.013999
3995.020020 0.013878
3995.939941 0.013489
3996.860107 0.012870
3997.780029 0.012805
3998.699951 0.012862
3999.620117 0.013611
4000.540039 0.014152
4001.469971 0.014381
4002.389893 0.014422
4003.310059 0.014631
4004.229980 0.014246
4005.149902 0.013487
4006.080078 0.012804
4007.000000 0.012563
4007.919922 0.012890
4008.840088 0.013416
4009.770020 0.014141
4010.689941 0.014487
4011.610107 0.014599
4012.540039 0.014615
4013.459961 0.014271
4014.389893 0.014335
4015.310059 0.014481
4016.229980 0.014631
4017.159912 0.014237
4018.080078 0.014280
4019.010010 0.014681
4019.939941 0.014762
4020.860107 0.014775
4021.790039 0.014901
4022.709961 0.014567
4023.639893 0.014486
4024.570068 0.014277
4025.489990 0.013743
4026.419922 0.013229
4027.350098 0.013444
4028.270020 0.014089
4029.199951 0.014596
4030.129883 0.013848
4031.060059 0.013019
4031.989990 0.012224
4032.919922 0.011666
4033.840088 0.011657
4034.770020 0.011651
4035.699951 0.012313
4036.629883 0.013438
4037.560059 0.014292
4038.489990 0.014882
4039.419922 0.014768
4040.350098 0.014357
4041.280029 0.014262
4042.209961 0.013978
4043.139893 0.013923
4044.070068 0.013348
4045.010010 0.011969
4045.939941 0.011054
4046.870117 0.010780
4047.800049 0.011637
4048.729980 0.012764
4049.669922 0.013370
4050.600098 0.013847
4051.530029 0.014024
4052.459961 0.013896
4053.399902 0.013513
4054.330078 0.013046
4055.260010 0.012555
4056.199951 0.012380
4057.129883 0.012277
4058.070068 0.011818
4059.000000 0.011871
4059.939941 0.012401
4060.870117 0.012853
4061.810059 0.012664
4062.739990 0.011883
4063.679932 0.011192
4064.610107 0.010709
4065.550049 0.010716
4066.479980 0.011133
4067.419922 0.010909
4068.360107 0.009924
4069.290039 0.009497
4070.229980 0.009928
4071.169922 0.010514
4072.110107 0.010828
4073.040039 0.011477
4073.979980 0.011964
4074.919922 0.012040
4075.860107 0.011459
4076.800049 0.010353
4077.739990 0.009718
4078.669922 0.010211
4079.610107 0.011053
4080.550049 0.011902
4081.489990 0.012961
4082.429932 0.013712
4083.370117 0.013366
4084.310059 0.013007
4085.250000 0.012834
4086.199951 0.012726
4087.139893 0.013146
4088.080078 0.013794
4089.020020 0.014234
4089.959961 0.014207
4090.899902 0.014390
4091.840088 0.014167
4092.790039 0.013653
4093.729980 0.013576
4094.669922 0.013286
4095.610107 0.012672
4096.560059 0.012290
4097.500000 0.011747
4098.439941 0.011381
4099.390137 0.010483
4100.330078 0.006399
4101.279785 -0.004038
4102.220215 -0.015297
4103.169922 -0.015500
4104.109863 -0.004448
4105.060059 0.006600
4106.000000 0.011120
4106.950195 0.012128
4107.890137 0.012466
4108.839844 0.012720
4109.779785 0.012777
4110.729980 0.012280
4111.680176 0.012129
4112.620117 0.012281
4113.569824 0.012520
4114.520020 0.012819
4115.470215 0.013182
4116.410156 0.013386
4117.359863 0.013034
4118.310059 0.012953
4119.259766 0.012506
4120.209961 0.011901
4121.160156 0.012001
4122.109863 0.012123
4123.049805 0.012205
4124.000000 0.012245
4124.950195 0.012395
4125.899902 0.012538
4126.850098 0.012543
4127.799805 0.012238
4128.750000 0.012053
4129.709961 0.011682
4130.660156 0.011269
4131.609863 0.011257
4132.560059 0.011103
4133.509766 0.010833
4134.459961 0.010493
4135.419922 0.010975
4136.370117 0.011893
4137.319824 0.012259
4138.270020 0.012325
4139.229980 0.012636
4140.180176 0.012730
4141.129883 0.012428
4142.089844 0.011824
4143.040039 0.010994
4143.990234 0.010459
4144.950195 0.010175
4145.899902 0.010913
4146.859863 0.011412
4147.810059 0.011517
4148.770020 0.011520
4149.720215 0.011249
4150.680176 0.011201
4151.629883 0.011201
4152.589844 0.010935
4153.549805 0.010808
4154.500000 0.010769
4155.459961 0.010550
4156.419922 0.010529
4157.370117 0.010595
4158.330078 0.010836
4159.290039 0.010940
4160.250000 0.011529
4161.200195 0.012066
4162.160156 0.012245
4163.120117 0.012295
4164.080078 0.012440
4165.040039 0.012348
4166.000000 0.012096
4166.959961 0.011646
4167.919922 0.011322
4168.879883 0.011211
4169.839844 0.011209
4170.799805 0.011281
4171.759766 0.010839
4172.720215 0.010082
4173.680176 0.009578
4174.640137 0.009535
4175.600098 0.010122
4176.560059 0.010238
4177.529785 0.010077
4178.490234 0.010206
4179.450195 0.010489
4180.410156 0.010788
4181.370117 0.010803
4182.339844 0.010626
4183.299805 0.010593
4184.259766 0.010640
4185.229980 0.011068
4186.189941 0.011081
4187.160156 0.010922
4188.120117 0.010755
4189.080078 0.010583
4190.049805 0.010728
4191.009766 0.011206
4191.979980 0.011475
4192.939941 0.011719
4193.910156 0.011698
4194.879883 0.011601
4195.839844 0.011203
4196.810059 0.010746
4197.770020 0.010112
4198.740234 0.009718
4199.709961 0.009822
4200.680176 0.010158
4201.640137 0.009907
4202.609863 0.009809
4203.580078 0.010172
4204.549805 0.010528
4205.509766 0.010863
4206.479980 0.011111
4207.450195 0.011423
4208.419922 0.011706
4209.390137 0.011751
4210.359863 0.011610
4211.330078 0.011571
4212.299805 0.011766
4213.270020 0.011825
4214.240234 0.011403
4215.209961 0.010942
4216.180176 0.010733
4217.149902 0.010921
4218.120117 0.011511
4219.089844 0.011944
4220.060059 0.012174
4221.040039 0.012347
4222.009766 0.012277
4222.979980 0.011873
4223.950195 0.010985
4224.930176 0.009712
4225.899902 0.008524
4226.870117 0.007528
4227.850098 0.007270
4228.819824 0.008201
4229.790039 0.009588
4230.770020 0.010760
4231.740234 0.011523
4232.720215 0.011596
4233.689941 0.011444
4234.669922 0.011119
4235.640137 0.010856
4236.620117 0.010487
4237.589844 0.010361
4238.569824 0.010388
4239.540039 0.010439
4240.520020 0.010807
4241.500000 0.011030
4242.470215 0.011267
4243.450195 0.011603
4244.430176 0.011920
4245.399902 0.011886
4246.379883 0.011783
4247.359863 0.012108
4248.339844 0.011553
4249.319824 0.010755
4250.299805 0.010333
4251.270020 0.010083
4252.250000 0.010473
4253.229980 0.010757
4254.209961 0.010689
4255.189941 0.010721
4256.169922 0.010948
4257.149902 0.011173
4258.129883 0.011097
4259.109863 0.010800
4260.089844 0.010452
4261.069824 0.009986
4262.060059 0.010095
4263.040039 0.010903
4264.020020 0.011827
4265.000000 0.012225
4265.979980 0.012465
4266.970215 0.012512
4267.950195 0.012012
4268.930176 0.011172
4269.910156 0.010650
4270.899902 0.009864
4271.879883 0.009103
4272.859863 0.008632
4273.850098 0.008699
4274.830078 0.009094
4275.819824 0.009508
4276.799805 0.010192
4277.790039 0.010949
4278.770020 0.011428
4279.759766 0.011611
4280.740234 0.011205
4281.729980 0.010917
4282.709961 0.010864
4283.700195 0.010764
4284.689941 0.010797
4285.669922 0.010776
4286.660156 0.010318
4287.649902 0.009646
4288.640137 0.009205
4289.620117 0.008771
4290.609863 0.008612
4291.600098 0.008775
4292.589844 0.009473
4293.580078 0.010078
4294.560059 0.010173
4295.549805 0.010056
4296.540039 0.009782
4297.529785 0.009337
4298.520020 0.008685
4299.509766 0.007934
4300.500000 0.007287
4301.490234 0.007152
4302.479980 0.007209
4303.470215 0.007331
4304.459961 0.007529
4305.459961 0.007608
4306.450195 0.007370
4307.439941 0.006843
4308.430176 0.006582
4309.419922 0.006523
4310.419922 0.006647
4311.410156 0.007372
4312.399902 0.007863
4313.390137 0.008639
4314.390137 0.009476
4315.379883 0.010421
4316.370117 0.011786
4317.370117 0.012556
4318.359863 0.013062
4319.359863 0.013239
4320.350098 0.012987
4321.350098 0.012610
4322.339844 0.012022
4323.339844 0.011309
4324.330078 0.010332
4325.330078 0.009287
4326.319824 0.008637
4327.319824 0.009262
4328.319824 0.010579
4329.310059 0.011883
4330.310059 0.012498
4331.310059 0.012347
4332.310059 0.012542
4333.299805 0.012778
4334.299805 0.012843
4335.299805 0.012944
4336.299805 0.012556
4337.299805 0.011046
4338.290039 0.008052
4339.290039 -0.002467
4340.290039 -0.024535
4341.290039 -0.042029
4342.290039 -0.034205
4343.290039 -0.010672
4344.290039 0.005038
4345.290039 0.010014
4346.290039 0.011640
4347.290039 0.012337
4348.299805 0.012599
4349.299805 0.012845
4350.299805 0.012702
4351.299805 0.012050
4352.299805 0.011264
4353.310059 0.010820
4354.310059 0.010852
4355.310059 0.011393
4356.310059 0.011758
4357.319824 0.011950
4358.319824 0.011916
4359.319824 0.011486
4360.330078 0.011133
4361.330078 0.011420
4362.339844 0.011151
4363.339844 0.009976
4364.350098 0.009588
4365.350098 0.010614
4366.359863 0.011953
4367.359863 0.012349
4368.370117 0.011981
4369.370117 0.011761
4370.379883 0.011856
4371.390137 0.011970
4372.390137 0.011736
4373.399902 0.011506
4374.410156 0.011348
4375.410156 0.010933
4376.419922 0.010632
4377.430176 0.011190
4378.439941 0.011785
4379.450195 0.012011
4380.450195 0.011846
4381.459961 0.011391
4382.470215 0.010613
4383.479980 0.009398
4384.490234 0.008304
4385.500000 0.008104
4386.509766 0.009119
4387.520020 0.010044
4388.529785 0.010330
4389.540039 0.010479
4390.549805 0.010451
4391.560059 0.010751
4392.569824 0.011036
4393.589844 0.011070
4394.600098 0.011035
4395.609863 0.011228
4396.620117 0.011515
4397.629883 0.011986
4398.649902 0.012278
4399.660156 0.012176
4400.669922 0.011697
4401.689941 0.011360
4402.700195 0.011227
4403.709961 0.010993
4404.729980 0.010341
4405.740234 0.009790
4406.759766 0.009876
4407.770020 0.010081
4408.790039 0.010505
4409.799805 0.011072
4410.819824 0.011784
4411.830078 0.012465
4412.850098 0.012634
4413.870117 0.012206
4414.879883 0.011606
4415.899902 0.011078
4416.919922 0.010988
4417.930176 0.011449
4418.950195 0.012206
4419.970215 0.012969
4420.990234 0.013017
4422.000000 0.012733
4423.020020 0.012469
4424.040039 0.012090
4425.060059 0.012077
4426.080078 0.012319
4427.100098 0.012492
4428.120117 0.012448
4429.140137 0.012577
4430.160156 0.012510
4431.180176 0.012367
4432.200195 0.012377
4433.220215 0.012207
4434.240234 0.011805
4435.259766 0.011208
4436.279785 0.011078
4437.299805 0.011621
4438.319824 0.012224
4439.350098 0.012837
4440.370117 0.013154
4441.390137 0.012822
4442.410156 0.012153
4443.439941 0.011458
4444.459961 0.011469
4445.479980 0.012227
4446.509766 0.012807
4447.529785 0.013080
4448.560059 0.013035
4449.580078 0.012916
4450.609863 0.012923
4451.629883 0.012675
4452.660156 0.012476
4453.680176 0.011975
4454.709961 0.011457
4455.729980 0.010947
4456.759766 0.010411
4457.779785 0.010429
4458.810059 0.010598
4459.839844 0.010476
4460.870117 0.010335
4461.890137 0.010292
4462.919922 0.010549
4463.950195 0.011141
4464.979980 0.011724
4466.000000 0.011818
4467.029785 0.011655
4468.060059 0.011790
4469.089844 0.011745
4470.120117 0.011090
4471.149902 0.009915
4472.180176 0.008663
4473.209961 0.009096
4474.240234 0.011245
4475.270020 0.012582
4476.299805 0.012954
4477.330078 0.013210
4478.359863 0.013389
4479.390137 0.013250
4480.419922 0.012740
4481.459961 0.012005
4482.490234 0.011544
4483.520020 0.011716
4484.549805 0.012152
4485.580078 0.012911
4486.620117 0.013458
4487.649902 0.013241
4488.680176 0.012708
4489.720215 0.012207
4490.750000 0.012048
4491.790039 0.012153
4492.819824 0.012282
4493.859863 0.012359
4494.890137 0.012043
4495.930176 0.011588
4496.959961 0.011685
4498.000000 0.012187
4499.029785 0.012580
4500.069824 0.012890
4501.100098 0.012958
4502.140137 0.013166
4503.180176 0.013278
4504.209961 0.013750
4505.250000 0.014208
4506.290039 0.014069
4507.330078 0.013876
4508.370117 0.013529
4509.399902 0.013496
4510.439941 0.013579
4511.479980 0.013546
4512.520020 0.013359
4513.560059 0.013090
4514.600098 0.012662
4515.640137 0.012487
4516.680176 0.012549
4517.720215 0.012534
4518.759766 0.012420
4519.799805 0.012596
4520.839844 0.012919
4521.879883 0.013092
4522.919922 0.012954
4523.959961 0.012591
4525.009766 0.012226
4526.049805 0.011856
4527.089844 0.011083
4528.129883 0.010683
4529.169922 0.010522
4530.220215 0.010345
4531.259766 0.010454
4532.299805 0.010786
4533.350098 0.011099
4534.390137 0.010926
4535.439941 0.010675
4536.479980 0.010907
4537.529785 0.011345
4538.569824 0.012389
4539.620117 0.012673
4540.660156 0.012302
4541.709961 0.012099
4542.750000 0.012103
4543.799805 0.012274
4544.850098 0.012116
4545.890137 0.011950
4546.939941 0.011833
4547.990234 0.011613
4549.029785 0.011460
4550.080078 0.011522
4551.129883 0.011640
4552.180176 0.011842
4553.220215 0.011781
4554.270020 0.011470
4555.319824 0.011310
4556.370117 0.011632
4557.419922 0.012097
4558.470215 0.012478
4559.520020 0.012876
4560.569824 0.012925
4561.620117 0.012981
4562.669922 0.012791
4563.720215 0.012100
4564.770020 0.011781
4565.819824 0.011621
4566.870117 0.011895
4567.930176 0.012493
4568.979980 0.012678
4570.029785 0.012647
4571.080078 0.012280
4572.140137 0.012028
4573.189941 0.012245
4574.240234 0.012377
4575.290039 0.012715
4576.350098 0.012924
4577.399902 0.012860
4578.459961 0.012574
4579.509766 0.011955
4580.569824 0.011555
4581.620117 0.011410
4582.680176 0.011438
4583.729980 0.011434
4584.790039 0.011467
4585.839844 0.011548
4586.899902 0.011532
4587.950195 0.011849
4589.009766 0.012245
4590.069824 0.012477
4591.120117 0.012567
4592.180176 0.012240
4593.240234 0.011596
4594.299805 0.011442
4595.359863 0.011516
4596.410156 0.011189
4597.470215 0.011272
4598.529785 0.011644
4599.589844 0.011611
4600.649902 0.011528
4601.709961 0.011710
4602.770020 0.011737
4603.830078 0.011658
4604.890137 0.011801
4605.950195 0.011762
4607.009766 0.011767
4608.069824 0.012241
4609.129883 0.012673
4610.189941 0.012843
4611.250000 0.012719
4612.319824 0.012571
4613.379883 0.012359
4614.439941 0.012189
4615.500000 0.012401
4616.569824 0.012525
4617.629883 0.012540
4618.689941 0.012596
4619.759766 0.012564
4620.819824 0.012331
4621.879883 0.012331
4622.950195 0.012549
4624.009766 0.012461
4625.080078 0.012397
4626.140137 0.012168
4627.209961 0.012108
4628.270020 0.012296
4629.339844 0.012266
4630.410156 0.012259
4631.470215 0.012200
4632.540039 0.012117
4633.609863 0.012031
4634.669922 0.011678
4635.740234 0.011551
4636.810059 0.011649
4637.879883 0.011343
4638.939941 0.010954
4640.009766 0.011024
4641.080078 0.010946
4642.149902 0.011223
4643.220215 0.011268
4644.290039 0.011205
4645.359863 0.010976
4646.430176 0.010511
4647.500000 0.010097
4648.569824 0.010171
4649.640137 0.010276
4650.709961 0.010663
4651.779785 0.011060
4652.850098 0.011337
4653.919922 0.011533
4654.990234 0.011058
4656.069824 0.010564
4657.140137 0.010504
4658.209961 0.010483
4659.279785 0.010683
4660.359863 0.011256
4661.430176 0.011696
4662.500000 0.011633
4663.580078 0.011243
4664.649902 0.010929
4665.720215 0.010615
4666.799805 0.009834
4667.870117 0.009431
4668.950195 0.009134
4670.020020 0.009579
4671.100098 0.010309
4672.169922 0.010718
4673.250000 0.010725
4674.330078 0.010817
4675.399902 0.010785
4676.479980 0.010940
4677.560059 0.011223
4678.629883 0.010900
4679.709961 0.010636
4680.790039 0.010376
4681.870117 0.010084
4682.950195 0.010020
4684.020020 0.009950
4685.100098 0.009823
4686.180176 0.009399
4687.259766 0.009076
4688.339844 0.009472
4689.419922 0.009813
4690.500000 0.009958
4691.580078 0.010393
4692.660156 0.010223
4693.740234 0.010251
4694.819824 0.010573
4695.899902 0.010924
4696.979980 0.011133
4698.069824 0.010654
4699.149902 0.010148
4700.229980 0.010240
4701.310059 0.010108
4702.399902 0.009510
4703.479980 0.009432
4704.560059 0.009724
4705.640137 0.010043
4706.729980 0.010258
4707.810059 0.010088
4708.899902 0.009978
4709.979980 0.009883
4711.060059 0.010000
4712.149902 0.010196
4713.229980 0.009959
4714.319824 0.009825
4715.410156 0.009894
4716.490234 0.010154
4717.580078 0.010758
4718.660156 0.011236
4719.750000 0.011466
4720.839844 0.011619
4721.930176 0.011561
4723.009766 0.011460
4724.100098 0.011392
4725.189941 0.011667
4726.279785 0.011765
4727.359863 0.011197
4728.450195 0.010474
4729.540039 0.010061
4730.629883 0.010052
4731.720215 0.009900
4732.810059 0.010092
4733.899902 0.010323
4734.990234 0.010571
4736.080078 0.010488
4737.169922 0.010414
4738.259766 0.010562
4739.350098 0.010681
4740.439941 0.010836
4741.540039 0.010850
4742.629883 0.010740
4743.720215 0.010725
4744.810059 0.010920
4745.910156 0.011029
4747.000000 0.010950
4748.089844 0.010995
4749.189941 0.011172
4750.279785 0.011148
4751.370117 0.011167
4752.470215 0.011050
4753.560059 0.010747
4754.660156 0.010528
4755.750000 0.010363
4756.850098 0.010500
4757.939941 0.010413
4759.040039 0.010422
4760.129883 0.010815
4761.229980 0.010953
4762.330078 0.010435
4763.419922 0.009943
4764.520020 0.009985
4765.620117 0.009817
4766.709961 0.009610
4767.810059 0.009724
4768.910156 0.009824
4770.009766 0.010197
4771.109863 0.010533
4772.209961 0.010493
4773.299805 0.010307
4774.399902 0.010441
4775.500000 0.010903
4776.600098 0.010938
4777.700195 0.010895
4778.799805 0.011033
4779.899902 0.011035
4781.000000 0.010934
4782.100098 0.010764
4783.209961 0.010456
4784.310059 0.010198
4785.410156 0.010172
4786.509766 0.010237
4787.609863 0.010110
4788.720215 0.010037
4789.819824 0.010041
4790.919922 0.010073
4792.029785 0.010175
4793.129883 0.010358
4794.229980 0.010817
4795.339844 0.011100
4796.439941 0.011083
4797.549805 0.011114
4798.649902 0.010801
4799.759766 0.010449
4800.859863 0.010498
4801.970215 0.010552
4803.069824 0.010603
4804.180176 0.010928
4805.279785 0.010795
4806.390137 0.010534
4807.500000 0.010274
4808.600098 0.010167
4809.709961 0.010176
4810.819824 0.010200
4811.930176 0.010381
4813.040039 0.010358
4814.140137 0.010357
4815.250000 0.010425
4816.359863 0.010385
4817.470215 0.010685
4818.580078 0.010747
4819.689941 0.010874
4820.799805 0.010949
4821.910156 0.010913
4823.020020 0.010766
4824.129883 0.010176
4825.240234 0.009923
4826.350098 0.010161
4827.459961 0.010344
4828.580078 0.010158
4829.689941 0.009933
4830.799805 0.009942
4831.910156 0.010031
4833.029785 0.009923
4834.140137 0.010053
4835.250000 0.010242
4836.370117 0.010246
4837.479980 0.010340
4838.589844 0.010091
4839.709961 0.009684
4840.819824 0.009560
4841.939941 0.009647
4843.049805 0.009568
4844.169922 0.009643
4845.279785 0.009777
4846.399902 0.009780
4847.509766 0.010070
4848.629883 0.010024
4849.750000 0.009677
4850.859863 0.009757
4851.979980 0.009830
4853.100098 0.009768
4854.220215 0.009402
4855.330078 0.008896
4856.450195 0.008184
4857.569824 0.006911
4858.689941 0.004344
4859.810059 -0.007766
4860.930176 -0.048887
4862.049805 -0.101150
4863.169922 -0.099976
4864.290039 -0.047397
4865.410156 -0.008195
4866.529785 0.003840
4867.649902 0.007400
4868.770020 0.008605
4869.890137 0.008698
4871.009766 0.008682
4872.129883 0.008349
4873.250000 0.008197
4874.379883 0.008468
4875.500000 0.008954
4876.620117 0.009271
4877.750000 0.009283
4878.870117 0.009406
4879.990234 0.009748
4881.120117 0.009824
4882.240234 0.009415
4883.359863 0.009132
4884.490234 0.009297
4885.609863 0.009221
4886.740234 0.008864
4887.859863 0.008828
4888.990234 0.008819
4890.120117 0.008411
4891.240234 0.008283
4892.370117 0.008424
4893.490234 0.008652
4894.620117 0.009270
4895.750000 0.009894
4896.879883 0.010180
4898.000000 0.010167
4899.129883 0.010047
4900.259766 0.009761
4901.390137 0.009578
4902.520020 0.009546
4903.649902 0.009497
4904.770020 0.009336
4905.899902 0.009328
4907.029785 0.009603
4908.160156 0.009529
4909.290039 0.009264
4910.430176 0.009039
4911.560059 0.008785
4912.689941 0.008904
4913.819824 0.009019
4914.950195 0.009111
4916.080078 0.009427
4917.209961 0.009353
4918.350098 0.008947
4919.479980 0.008187
4920.609863 0.007433
4921.740234 0.006947
4922.879883 0.007118
4924.009766 0.007875
4925.149902 0.008170
4926.279785 0.008460
4927.410156 0.009036
4928.549805 0.009293
4929.680176 0.009331
4930.819824 0.009531
4931.950195 0.009393
4933.089844 0.009107
4934.229980 0.008830
4935.359863 0.008724
4936.500000 0.008669
4937.640137 0.008460
4938.770020 0.008150
4939.910156 0.007907
4941.049805 0.008041
4942.189941 0.008494
4943.319824 0.009014
4944.459961 0.009093
4945.600098 0.009126
4946.740234 0.009050
4947.879883 0.008688
4949.020020 0.008744
4950.160156 0.008895
4951.299805 0.008718
4952.439941 0.008356
4953.580078 0.007792
4954.720215 0.006459
4955.859863 0.004314
4957.000000 -0.000900
4958.140137 -0.025913
4959.290039 -0.075865
4960.430176 -0.096359
4961.569824 -0.058228
4962.709961 -0.014591
4963.850098 0.001329
4965.000000 0.004896
4966.140137 0.006551
4967.290039 0.007053
4968.430176 0.007441
4969.569824 0.007657
4970.720215 0.007999
4971.859863 0.008243
4973.009766 0.008572
4974.149902 0.008642
4975.299805 0.008703
4976.439941 0.008847
4977.589844 0.008808
4978.740234 0.008748
4979.879883 0.008132
4981.029785 0.007718
4982.180176 0.007523
4983.319824 0.006963
4984.470215 0.006286
4985.620117 0.005858
4986.770020 0.005764
4987.919922 0.006267
4989.060059 0.007211
4990.209961 0.007767
4991.359863 0.007680
4992.509766 0.007462
4993.660156 0.007260
4994.810059 0.007231
4995.959961 0.007036
4997.109863 0.006649
4998.259766 0.006158
4999.410156 0.005176
5000.560059 0.003639
5001.720215 0.001742
5002.870117 -0.001597
5004.020020 -0.007304
5005.169922 -0.028529
5006.330078 -0.119140
5007.479980 -0.268181
5008.629883 -0.292592
5009.790039 -0.157020
5010.939941 -0.045876
5012.089844 -0.012221
5013.250000 -0.003514
5014.399902 0.000590
5015.560059 0.001789
5016.709961 0.002322
5017.870117 0.003577
5019.020020 0.005311
5020.180176 0.006073
5021.330078 0.006407
5022.490234 0.006708
5023.649902 0.006802
5024.799805 0.006951
5025.959961 0.007168
5027.120117 0.007408
5028.279785 0.007203
5029.430176 0.007029
5030.589844 0.007474
5031.750000 0.007845
5032.910156 0.007916
5034.069824 0.008241
5035.229980 0.007990
5036.390137 0.007551
5037.549805 0.007306
5038.709961 0.007183
5039.870117 0.006834
5041.029785 0.006076
5042.189941 0.005806
5043.350098 0.006295
5044.509766 0.007106
5045.669922 0.007759
5046.830078 0.008123
5048.000000 0.007993
5049.160156 0.007408
5050.319824 0.007200
5051.490234 0.007105
5052.649902 0.007093
5053.810059 0.007186
5054.979980 0.007494
5056.140137 0.007846
5057.299805 0.007941
5058.470215 0.007936
5059.629883 0.008061
5060.799805 0.008010
5061.959961 0.008150
5063.129883 0.008173
5064.299805 0.008074
5065.459961 0.007715
5066.629883 0.007257
5067.799805 0.007256
5068.959961 0.007182
5070.129883 0.007291
5071.299805 0.007396
5072.470215 0.007207
5073.629883 0.007359
5074.799805 0.007250
5075.970215 0.007315
5077.140137 0.007298
5078.310059 0.007181
5079.479980 0.007042
5080.649902 0.006548
5081.819824 0.005996
5082.990234 0.006193
5084.160156 0.006688
5085.330078 0.006770
5086.500000 0.006833
5087.669922 0.007162
5088.839844 0.007227
5090.020020 0.007194
5091.189941 0.007397
5092.359863 0.007483
5093.529785 0.007628
5094.709961 0.007833
5095.879883 0.007829
5097.049805 0.007351
5098.229980 0.006930
5099.399902 0.006587
5100.569824 0.006562
5101.750000 0.006818
5102.919922 0.007047
5104.100098 0.007074
5105.270020 0.007116
5106.450195 0.007184
5107.629883 0.007052
5108.799805 0.006573
5109.979980 0.006430
5111.160156 0.006500
5112.330078 0.006827
5113.509766 0.007124
5114.689941 0.007164
5115.870117 0.007257
5117.040039 0.007361
5118.220215 0.007630
5119.399902 0.007802
5120.580078 0.007665
5121.759766 0.007137
5122.939941 0.006994
5124.120117 0.006855
5125.299805 0.006474
5126.479980 0.006246
5127.660156 0.006265
5128.839844 0.006179
5130.020020 0.006402
5131.200195 0.006356
5132.379883 0.006459
5133.569824 0.006702
5134.750000 0.006773
5135.930176 0.006916
5137.109863 0.006907
5138.299805 0.006661
5139.479980 0.006556
5140.660156 0.006215
5141.850098 0.006171
5143.029785 0.006404
5144.209961 0.006381
5145.399902 0.006637
5146.580078 0.006669
5147.770020 0.006390
5148.959961 0.006117
5150.140137 0.006253
5151.330078 0.006323
5152.509766 0.006225
5153.700195 0.006123
5154.890137 0.006264
5156.069824 0.006408
5157.259766 0.006662
5158.450195 0.006739
5159.640137 0.006590
5160.819824 0.006529
5162.009766 0.006580
5163.200195 0.006449
5164.390137 0.006181
5165.580078 0.005875
5166.770020 0.005335
5167.959961 0.004629
5169.149902 0.004255
5170.339844 0.004548
5171.529785 0.004656
5172.720215 0.004256
5173.910156 0.004250
5175.100098 0.004506
5176.299805 0.005213
5177.490234 0.005765
5178.680176 0.006136
5179.870117 0.006089
5181.069824 0.005751
5182.259766 0.005278
5183.450195 0.004505
5184.649902 0.003974
5185.839844 0.004222
5187.029785 0.005081
5188.229980 0.005657
5189.419922 0.005889
5190.620117 0.006280
5191.810059 0.006091
5193.009766 0.005695
5194.209961 0.005536
5195.399902 0.005347
5196.600098 0.005199
5197.790039 0.004684
5198.990234 0.003979
5200.189941 0.003760
5201.390137 0.003945
5202.580078 0.004587
5203.779785 0.005415
5204.979980 0.005627
5206.180176 0.005499
5207.379883 0.005293
5208.580078 0.005320
5209.779785 0.005345
5210.979980 0.005602
5212.180176 0.005972
5213.379883 0.006434
5214.580078 0.006642
5215.779785 0.006482
5216.979980 0.006437
5218.180176 0.006379
5219.379883 0.006421
5220.580078 0.006703
5221.790039 0.006948
5222.990234 0.006679
5224.189941 0.006266
5225.390137 0.006001
5226.600098 0.005656
5227.799805 0.005262
5229.009766 0.005298
5230.209961 0.005744
5231.410156 0.006345
5232.620117 0.006429
5233.819824 0.006390
5235.029785 0.006362
5236.229980 0.006067
5237.439941 0.006273
5238.649902 0.006814
5239.850098 0.007053
5241.060059 0.006835
5242.270020 0.006610
5243.470215 0.006581
5244.680176 0.006713
5245.890137 0.006697
5247.100098 0.006505
5248.310059 0.006332
5249.509766 0.006271
5250.720215 0.006174
5251.930176 0.006172
5253.140137 0.006268
5254.350098 0.006242
5255.560059 0.006261
5256.770020 0.006363
5257.979980 0.006643
5259.189941 0.006762
5260.399902 0.006809
5261.620117 0.006299
5262.830078 0.005679
5264.040039 0.005255
5265.250000 0.004776
5266.459961 0.004910
5267.680176 0.004861
5268.890137 0.004696
5270.100098 0.004454
5271.319824 0.003915
5272.529785 0.004381
5273.740234 0.005056
5274.959961 0.005572
5276.169922 0.005735
5277.390137 0.005753
5278.600098 0.006260
5279.819824 0.006582
5281.040039 0.006446
5282.250000 0.006053
5283.470215 0.005878
5284.680176 0.005962
5285.899902 0.006257
5287.120117 0.006570
5288.339844 0.006623
5289.549805 0.006818
5290.770020 0.006873
5291.990234 0.006843
5293.209961 0.006758
5294.430176 0.006348
5295.649902 0.006336
5296.870117 0.006414
5298.089844 0.005786
5299.310059 0.005337
5300.529785 0.005481
5301.750000 0.005794
5302.970215 0.005946
5304.189941 0.006291
5305.410156 0.006339
5306.629883 0.006454
5307.859863 0.006614
5309.080078 0.006512
5310.299805 0.006626
5311.520020 0.006583
5312.750000 0.006554
5313.970215 0.006592
5315.189941 0.006514
5316.419922 0.006290
5317.640137 0.006283
5318.870117 0.006211
5320.089844 0.006342
5321.319824 0.006453
5322.540039 0.006333
5323.770020 0.006103
5324.990234 0.005657
5326.220215 0.005413
5327.450195 0.005508
5328.669922 0.005080
5329.899902 0.004553
5331.129883 0.004889
5332.359863 0.005275
5333.580078 0.005725
5334.810059 0.005902
5336.040039 0.005921
5337.270020 0.006143
5338.500000 0.005927
5339.729980 0.005737
5340.959961 0.005509
5342.189941 0.005585
5343.419922 0.005667
5344.649902 0.005831
5345.879883 0.005935
5347.109863 0.005733
5348.339844 0.005562
5349.569824 0.005588
5350.799805 0.005658
5352.040039 0.005759
5353.270020 0.006041
5354.500000 0.006310
5355.729980 0.006253
5356.970215 0.006436
5358.200195 0.006665
5359.439941 0.006404
5360.669922 0.006298
5361.899902 0.006311
5363.140137 0.006342
5364.370117 0.006020
5365.609863 0.005677
5366.850098 0.005528
5368.080078 0.005426
5369.319824 0.005432
5370.549805 0.005441
5371.790039 0.005263
5373.029785 0.005293
5374.270020 0.005259
5375.500000 0.005605
5376.740234 0.005965
5377.979980 0.005942
5379.220215 0.005893
5380.459961 0.005675
5381.700195 0.005845
5382.930176 0.005702
5384.169922 0.005459
5385.410156 0.005608
5386.649902 0.005697
5387.890137 0.005684
5389.140137 0.005747
5390.379883 0.005590
5391.620117 0.005217
5392.859863 0.005205
5394.100098 0.005022
5395.339844 0.005079
5396.589844 0.005221
5397.830078 0.005027
5399.069824 0.004840
5400.310059 0.005079
5401.560059 0.005056
5402.799805 0.005121
5404.049805 0.004807
5405.290039 0.004493
5406.540039 0.004471
5407.779785 0.004526
5409.029785 0.004785
5410.270020 0.004808
5411.520020 0.004652
5412.759766 0.004872
5414.009766 0.005174
5415.259766 0.005199
5416.500000 0.005379
5417.750000 0.005502
5419.000000 0.005567
5420.250000 0.005563
5421.500000 0.005518
5422.740234 0.005338
5423.990234 0.005227
5425.240234 0.005091
5426.490234 0.005534
5427.740234 0.005663
5428.990234 0.004950
5430.240234 0.004878
5431.490234 0.004962
5432.740234 0.004402
5433.990234 0.004379
5435.240234 0.004981
5436.500000 0.005178
5437.750000 0.005180
5439.000000 0.005303
5440.250000 0.005330
5441.509766 0.005590
5442.759766 0.005861
5444.009766 0.005626
5445.270020 0.005371
5446.520020 0.004833
5447.770020 0.004710
5449.029785 0.004921
5450.279785 0.005051
5451.540039 0.005041
5452.790039 0.005156
5454.049805 0.005294
5455.310059 0.005031
5456.560059 0.004828
5457.819824 0.004666
5459.080078 0.004987
5460.330078 0.005177
5461.589844 0.005113
5462.850098 0.004998
5464.109863 0.004854
5465.359863 0.004706
5466.620117 0.004827
5467.879883 0.004934
5469.140137 0.004937
5470.399902 0.004975
5471.660156 0.004893
5472.919922 0.004657
5474.180176 0.004628
5475.439941 0.004513
5476.700195 0.004379
5477.959961 0.004323
5479.220215 0.004309
5480.490234 0.004495
5481.750000 0.004486
5483.009766 0.004401
5484.270020 0.004448
5485.540039 0.004527
5486.799805 0.004632
5488.060059 0.004886
5489.330078 0.004806
5490.589844 0.004616
5491.859863 0.004620
5493.120117 0.004545
5494.379883 0.004537
5495.649902 0.004615
5496.919922 0.004672
5498.180176 0.004510
5499.450195 0.004490
5500.709961 0.004591
5501.979980 0.004533
5503.250000 0.004378
5504.520020 0.004392
5505.779785 0.004371
5507.049805 0.004352
5508.319824 0.004243
5509.589844 0.004431
5510.859863 0.004348
5512.129883 0.004281
5513.390137 0.004365
5514.660156 0.004199
5515.930176 0.004076
5517.200195 0.003841
5518.479980 0.003738
5519.750000 0.004114
5521.020020 0.004207
5522.290039 0.004213
5523.560059 0.004381
5524.830078 0.004536
5526.100098 0.004235
5527.379883 0.004293
5528.649902 0.004116
5529.919922 0.003965
5531.200195 0.004090
5532.470215 0.004110
5533.740234 0.004425
5535.020020 0.004536
5536.290039 0.004334
5537.569824 0.004054
5538.839844 0.003936
5540.120117 0.003894
5541.390137 0.004571
5542.669922 0.004674
5543.950195 0.004480
5545.220215 0.004344
5546.500000 0.004256
5547.779785 0.004439
5549.060059 0.004403
5550.330078 0.004667
5551.609863 0.004701
5552.890137 0.004249
5554.169922 0.004122
5555.450195 0.004158
5556.729980 0.004051
5558.009766 0.004273
5559.290039 0.004068
5560.569824 0.003913
5561.850098 0.003889
5563.129883 0.003864
5564.410156 0.003750
5565.689941 0.003945
5566.970215 0.003963
5568.250000 0.003560
5569.540039 0.003857
5570.819824 0.004157
5572.100098 0.003790
5573.390137 0.003643
5574.669922 0.003872
5575.950195 0.003979
5577.240234 0.003864
5578.520020 0.003555
5579.810059 0.003654
5581.089844 0.003992
5582.379883 0.003850
5583.660156 0.003786
5584.950195 0.003550
5586.229980 0.003426
5587.520020 0.003625
5588.810059 0.003374
5590.089844 0.003181
5591.379883 0.003290
5592.669922 0.003329
5593.959961 0.003616
5595.240234 0.003516
5596.529785 0.003443
5597.819824 0.003634
5599.109863 0.003541
5600.399902 0.003334
5601.689941 0.003381
5602.979980 0.003308
5604.270020 0.003128
5605.560059 0.003375
5606.850098 0.003580
5608.140137 0.003823
5609.430176 0.004070
5610.729980 0.003981
5612.020020 0.003962
5613.310059 0.003849
5614.600098 0.003364
5615.899902 0.003275
5617.189941 0.003097
5618.479980 0.003142
5619.779785 0.003304
5621.069824 0.003217
5622.370117 0.003136
5623.660156 0.003457
5624.959961 0.003081
5626.250000 0.003070
5627.549805 0.003224
5628.839844 0.003182
5630.140137 0.003382
5631.439941 0.003402
5632.729980 0.003540
5634.029785 0.003527
5635.330078 0.003338
5636.620117 0.003350
5637.919922 0.003247
5639.220215 0.003318
5640.520020 0.003398
5641.819824 0.003205
5643.120117 0.003086
5644.419922 0.003288
5645.720215 0.003275
5647.020020 0.003322
5648.319824 0.003323
5649.620117 0.003467
5650.919922 0.003424
5652.220215 0.003215
5653.520020 0.003373
5654.819824 0.003330
5656.129883 0.003150
5657.430176 0.003044
5658.729980 0.002812
5660.029785 0.002724
5661.339844 0.002936
5662.640137 0.002815
5663.950195 0.002865
5665.250000 0.002893
5666.549805 0.002970
5667.859863 0.003058
5669.169922 0.003014
5670.470215 0.002878
5671.779785 0.002816
5673.080078 0.002933
5674.390137 0.003070
5675.700195 0.003198
5677.000000 0.003416
5678.310059 0.003250
5679.620117 0.002967
5680.930176 0.003117
5682.229980 0.002902
5683.540039 0.002504
5684.850098 0.002730
5686.160156 0.002703
5687.470215 0.002761
5688.779785 0.002570
5690.089844 0.002580
5691.399902 0.002839
5692.709961 0.002729
5694.020020 0.002703
5695.330078 0.002763
5696.640137 0.002862
5697.959961 0.002850
5699.270020 0.002918
5700.580078 0.002737
5701.890137 0.002559
5703.209961 0.002555
5704.520020 0.002603
5705.830078 0.002589
5707.149902 0.002604
5708.459961 0.002486
5709.779785 0.002248
5711.089844 0.002267
5712.410156 0.002292
5713.720215 0.002464
5715.040039 0.002563
5716.350098 0.002576
5717.669922 0.002553
5718.990234 0.002716
5720.299805 0.002899
5721.620117 0.002708
5722.939941 0.002831
5724.259766 0.002749
5725.569824 0.002877
5726.890137 0.002809
5728.209961 0.002718
5729.529785 0.002659
5730.850098 0.002793
5732.169922 0.002516
5733.490234 0.002458
5734.810059 0.002942
5736.129883 0.002786
5737.450195 0.002623
5738.770020 0.002714
5740.100098 0.002694
5741.419922 0.002609
5742.740234 0.002567
5744.060059 0.002609
5745.379883 0.002484
5746.709961 0.002614
5748.029785 0.002780
5749.350098 0.002576
5750.680176 0.002467
5752.000000 0.002341
5753.330078 0.002064
5754.649902 0.001621
5755.979980 0.001504
5757.299805 0.001814
5758.629883 0.002139
5759.959961 0.002313
5761.279785 0.002183
5762.609863 0.001920
5763.939941 0.002010
5765.259766 0.002128
5766.589844 0.002520
5767.919922 0.002791
5769.250000 0.002774
5770.580078 0.002511
5771.899902 0.002390
5773.229980 0.002617
5774.560059 0.002499
5775.890137 0.002275
5777.220215 0.002713
5778.549805 0.002984
5779.879883 0.002851
5781.209961 0.002968
5782.549805 0.003225
5783.879883 0.002989
5785.209961 0.002454
5786.540039 0.002052
5787.870117 0.001927
5789.209961 0.001829
5790.540039 0.002138
5791.870117 0.002265
5793.209961 0.002019
5794.540039 0.002316
5795.879883 0.002408
5797.209961 0.002388
5798.549805 0.002403
5799.879883 0.002492
5801.220215 0.002526
5802.549805 0.002373
5803.890137 0.001942
5805.229980 0.002142
5806.560059 0.002247
5807.899902 0.002097
5809.240234 0.001934
5810.569824 0.002074
5811.910156 0.002245
5813.250000 0.002054
5814.589844 0.002098
5815.930176 0.002161
5817.270020 0.001864
5818.609863 0.001783
5819.950195 0.001937
5821.290039 0.001968
5822.629883 0.002186
5823.970215 0.002207
5825.310059 0.001966
5826.649902 0.001814
5827.990234 0.001990
5829.339844 0.002195
5830.680176 0.001866
5832.020020 0.001785
5833.359863 0.002007
5834.709961 0.002120
5836.049805 0.001689
5837.399902 0.001539
5838.740234 0.001783
5840.080078 0.001882
5841.430176 0.001881
5842.770020 0.001758
5844.120117 0.002121
5845.470215 0.002180
5846.810059 0.001854
5848.160156 0.001678
5849.500000 0.001897
5850.850098 0.001969
5852.200195 0.001885
5853.549805 0.001691
5854.890137 0.001838
5856.240234 0.001662
5857.589844 0.001404
5858.939941 0.001183
5860.290039 0.001124
5861.640137 0.001319
5862.990234 0.001348
5864.339844 0.001439
5865.689941 0.001342
5867.040039 0.001361
5868.390137 0.001460
5869.740234 0.001340
5871.089844 0.001119
5872.450195 0.000931
5873.799805 -0.000129
5875.149902 -0.003914
5876.500000 -0.008967
5877.859863 -0.009584
5879.209961 -0.005135
5880.569824 -0.000929
5881.919922 0.000610
5883.270020 0.001283
5884.629883 0.001380
5885.979980 0.001424
5887.339844 0.001696
5888.700195 0.002505
5890.049805 0.004595
5891.410156 0.006410
5892.759766 0.005827
5894.120117 0.004352
5895.479980 0.003994
5896.839844 0.004936
5898.189941 0.005425
5899.549805 0.003958
5900.910156 0.002049
5902.270020 0.001518
5903.629883 0.001406
5904.990234 0.001195
5906.350098 0.000954
5907.709961 0.000975
5909.069824 0.001158
5910.430176 0.000957
5911.790039 0.001182
5913.149902 0.001377
5914.509766 0.001090
5915.879883 0.001038
5917.240234 0.000923
5918.600098 0.001127
5919.959961 0.001274
5921.330078 0.001095
5922.689941 0.000959
5924.060059 0.001021
5925.419922 0.000997
5926.779785 0.000966
5928.149902 0.000850
5929.509766 0.000731
5930.879883 0.000899
5932.250000 0.001184
5933.609863 0.001149
5934.979980 0.000922
5936.339844 0.000963
5937.709961 0.001015
5939.080078 0.001063
5940.450195 0.000965
5941.810059 0.001027
5943.180176 0.000943
5944.549805 0.000882
5945.919922 0.000739
5947.290039 0.000857
5948.660156 0.001027
5950.029785 0.000707
5951.399902 0.000526
5952.770020 0.000779
5954.140137 0.000775
5955.509766 0.000911
5956.879883 0.000585
5958.250000 0.000440
5959.629883 0.000613
5961.000000 0.000669
5962.370117 0.000811
5963.750000 0.000921
5965.120117 0.000968
5966.490234 0.000793
5967.870117 0.000687
5969.240234 0.000767
5970.620117 0.000916
5971.990234 0.000967
5973.370117 0.000740
5974.740234 0.000718
5976.120117 0.000787
5977.490234 0.000595
5978.870117 0.000413
5980.250000 0.000277
5981.620117 0.000407
5983.000000 0.000572
5984.379883 0.000545
5985.759766 0.000371
5987.140137 0.000268
5988.509766 0.000502
5989.890137 0.000553
5991.270020 0.000418
5992.649902 0.000684
5994.029785 0.000589
5995.410156 0.000450
5996.790039 0.000588
5998.169922 0.000549
5999.560059 0.000259
6000.939941 0.000357
6002.319824 0.000500
6003.700195 0.000593
6005.080078 0.000631
6006.470215 0.000479
6007.850098 0.000508
6009.229980 0.000328
6010.620117 0.000437
6012.000000 0.000651
6013.390137 0.000510
6014.770020 0.000207
6016.160156 0.000345
6017.540039 0.000396
6018.930176 0.000276
6020.310059 0.000283
6021.700195 0.000387
6023.089844 0.000210
6024.470215 0.000169
6025.859863 0.000149
6027.250000 0.000151
6028.640137 0.000421
6030.020020 0.000484
6031.410156 0.000650
6032.799805 0.000459
6034.189941 0.000216
6035.580078 0.000347
6036.970215 0.000423
6038.359863 0.000492
6039.750000 0.000267
6041.140137 0.000140
6042.529785 0.000316
6043.930176 0.000387
6045.319824 0.000439
6046.709961 0.000359
6048.100098 0.000306
6049.490234 0.000348
6050.890137 0.000438
6052.279785 0.000299
6053.669922 0.000246
6055.069824 0.000298
6056.459961 0.000005
6057.859863 -0.000034
6059.250000 0.000057
6060.649902 0.000123
6062.040039 0.000102
6063.439941 0.000038
6064.839844 0.000061
6066.229980 0.000013
6067.629883 0.000010
6069.029785 0.000051
6070.419922 0.000101
6071.819824 0.000196
6073.220215 0.000139
6074.620117 -0.000063
6076.020020 -0.000021
6077.419922 -0.000002
6078.819824 0.000013
6080.220215 0.000073
6081.620117 -0.000204
6083.020020 -0.000046
6084.419922 -0.000094
6085.819824 -0.000439
6087.220215 -0.000403
6088.620117 -0.000297
6090.029785 -0.000284
6091.430176 -0.000322
6092.830078 -0.000505
6094.229980 -0.000337
6095.640137 -0.000142
6097.040039 -0.000231
6098.439941 -0.000323
6099.850098 -0.000084
6101.250000 -0.000061
6102.660156 -0.000381
6104.060059 -0.000295
6105.470215 -0.000112
6106.879883 -0.000037
6108.279785 -0.000047
6109.689941 -0.000089
6111.100098 -0.000123
6112.500000 -0.000121
6113.910156 -0.000157
6115.319824 -0.000138
6116.729980 -0.000197
6118.140137 -0.000052
6119.540039 -0.000187
6120.950195 -0.000304
6122.359863 -0.000458
6123.770020 -0.000443
6125.180176 -0.000440
6126.589844 -0.000401
6128.000000 -0.000407
6129.419922 -0.000551
6130.830078 -0.000510
6132.240234 -0.000526
6133.649902 -0.000311
6135.060059 -0.000301
6136.479980 -0.000460
6137.890137 -0.000529
6139.299805 -0.000572
6140.720215 -0.000497
6142.129883 -0.000415
6143.549805 -0.000281
6144.959961 -0.000391
6146.379883 -0.000365
6147.790039 -0.000397
6149.209961 -0.000551
6150.620117 -0.000460
6152.040039 -0.000587
6153.459961 -0.000452
6154.870117 -0.000719
6156.290039 -0.000903
6157.709961 -0.000795
6159.129883 -0.000704
6160.540039 -0.000561
6161.959961 -0.000580
6163.379883 -0.000752
6164.799805 -0.000784
6166.220215 -0.000810
6167.640137 -0.000614
6169.060059 -0.000473
6170.479980 -0.000591
6171.899902 -0.000698
6173.319824 -0.000545
6174.750000 -0.000450
6176.169922 -0.000332
6177.589844 -0.000243
6179.009766 -0.000345
6180.439941 -0.000367
6181.859863 -0.000417
6183.279785 -0.000529
6184.709961 -0.000500
6186.129883 -0.000383
6187.560059 -0.000407
6188.979980 -0.000575
6190.410156 -0.000841
6191.830078 -0.000801
6193.259766 -0.000692
6194.680176 -0.000582
6196.109863 -0.000631
6197.540039 -0.000493
6198.959961 -0.000505
6200.390137 -0.000656
6201.819824 -0.000723
6203.250000 -0.000550
6204.680176 -0.000389
6206.100098 -0.000547
6207.529785 -0.000614
6208.959961 -0.000553
6210.390137 -0.000593
6211.819824 -0.000828
6213.250000 -0.000924
6214.680176 -0.000935
6216.120117 -0.001069
6217.549805 -0.001097
6218.979980 -0.000895
6220.410156 -0.001017
6221.839844 -0.001186
6223.279785 -0.001122
6224.709961 -0.000807
6226.140137 -0.000777
6227.580078 -0.001078
6229.009766 -0.001178
6230.450195 -0.001245
6231.879883 -0.001269
6233.310059 -0.001226
6234.750000 -0.001180
6236.189941 -0.001098
6237.620117 -0.000955
6239.060059 -0.001033
6240.500000 -0.001233
6241.930176 -0.001326
6243.370117 -0.001310
6244.810059 -0.001186
6246.250000 -0.001263
6247.680176 -0.001248
6249.120117 -0.000961
6250.560059 -0.000958
6252.000000 -0.001218
6253.439941 -0.001351
6254.879883 -0.001539
6256.319824 -0.001552
6257.759766 -0.001286
6259.200195 -0.001319
6260.649902 -0.001296
6262.089844 -0.001414
6263.529785 -0.001369
6264.970215 -0.001103
6266.410156 -0.001285
6267.859863 -0.001439
6269.299805 -0.001136
6270.740234 -0.001332
6272.189941 -0.001173
6273.629883 -0.001151
6275.080078 -0.001235
6276.520020 -0.001338
6277.970215 -0.001150
6279.410156 -0.001009
6280.859863 -0.000930
6282.310059 -0.000706
6283.750000 -0.000384
6285.200195 -0.000164
6286.649902 -0.000106
6288.089844 -0.000356
6289.540039 -0.000736
6290.990234 -0.001151
6292.439941 -0.001474
6293.890137 -0.001756
6295.339844 -0.002043
6296.790039 -0.002773
6298.240234 -0.004258
6299.689941 -0.007335
6301.140137 -0.011097
6302.589844 -0.012054
6304.040039 -0.009044
6305.490234 -0.005150
6306.950195 -0.003103
6308.399902 -0.002387
6309.850098 -0.001841
6311.299805 -0.002167
6312.759766 -0.002938
6314.209961 -0.003147
6315.669922 -0.002494
6317.120117 -0.002031
6318.569824 -0.001978
6320.029785 -0.001804
6321.479980 -0.001532
6322.939941 -0.001491
6324.399902 -0.001589
6325.850098 -0.001577
6327.310059 -0.001813
6328.770020 -0.001902
6330.220215 -0.001913
6331.680176 -0.001843
6333.140137 -0.001842
6334.600098 -0.001711
6336.060059 -0.001713
6337.520020 -0.001952
6338.979980 -0.001857
6340.439941 -0.001783
6341.899902 -0.002085
6343.359863 -0.001999
6344.819824 -0.001826
6346.279785 -0.002100
6347.740234 -0.002181
6349.200195 -0.002087
6350.660156 -0.001942
6352.129883 -0.001885
6353.589844 -0.001875
6355.049805 -0.002156
6356.520020 -0.002080
6357.979980 -0.001954
6359.439941 -0.002322
6360.910156 -0.002680
6362.370117 -0.003421
6363.839844 -0.004589
6365.299805 -0.005435
6366.770020 -0.004992
6368.229980 -0.003933
6369.700195 -0.002984
6371.169922 -0.002499
6372.640137 -0.002447
6374.100098 -0.002376
6375.569824 -0.002300
6377.040039 -0.002414
6378.509766 -0.002053
6379.979980 -0.002130
6381.450195 -0.002181
6382.919922 -0.002000
6384.390137 -0.002212
6385.859863 -0.002215
6387.330078 -0.002289
6388.799805 -0.002202
6390.270020 -0.002165
6391.740234 -0.002152
6393.209961 -0.002165
6394.680176 -0.002262
6396.160156 -0.002277
6397.629883 -0.002413
6399.100098 -0.002172
6400.580078 -0.002323
6402.049805 -0.002544
6403.520020 -0.002495
6405.000000 -0.002246
6406.470215 -0.002382
6407.950195 -0.002436
6409.430176 -0.002422
6410.899902 -0.002499
6412.379883 -0.002478
6413.850098 -0.002297
6415.330078 -0.002294
6416.810059 -0.002400
6418.290039 -0.002418
6419.759766 -0.002616
6421.240234 -0.002744
6422.720215 -0.002481
6424.200195 -0.002377
6425.680176 -0.002373
6427.160156 -0.002432
6428.640137 -0.002505
6430.120117 -0.002649
6431.600098 -0.002707
6433.080078 -0.002720
6434.560059 -0.002398
6436.049805 -0.002345
6437.529785 -0.002452
6439.009766 -0.002570
6440.490234 -0.002609
6441.979980 -0.002384
6443.459961 -0.002491
6444.939941 -0.002605
6446.430176 -0.002313
6447.910156 -0.002421
6449.399902 -0.002709
6450.879883 -0.002906
6452.370117 -0.002761
6453.850098 -0.002386
6455.339844 -0.002439
6456.830078 -0.002419
6458.310059 -0.002406
6459.799805 -0.002417
6461.290039 -0.002526
6462.779785 -0.002682
6464.259766 -0.002730
6465.750000 -0.002699
6467.240234 -0.002632
6468.729980 -0.002652
6470.220215 -0.002788
6471.709961 -0.003003
6473.200195 -0.003052
6474.689941 -0.002916
6476.180176 -0.002855
6477.669922 -0.002818
6479.169922 -0.002869
6480.660156 -0.002974
6482.149902 -0.002954
6483.640137 -0.002964
6485.140137 -0.002874
6486.629883 -0.002839
6488.120117 -0.002776
6489.620117 -0.002824
6491.109863 -0.002938
6492.609863 -0.002804
6494.100098 -0.002824
6495.600098 -0.002940
6497.089844 -0.003077
6498.589844 -0.003106
6500.089844 -0.002968
6501.580078 -0.003005
6503.080078 -0.003188
6504.580078 -0.003205
6506.080078 -0.003154
6507.569824 -0.003064
6509.069824 -0.003193
6510.569824 -0.003310
6512.069824 -0.003344
6513.569824 -0.003225
6515.069824 -0.003324
6516.569824 -0.003586
6518.069824 -0.003407
6519.569824 -0.003336
6521.069824 -0.003281
6522.580078 -0.003202
6524.080078 -0.003178
6525.580078 -0.003339
6527.080078 -0.003562
6528.589844 -0.003429
6530.089844 -0.003333
6531.589844 -0.003180
6533.100098 -0.003353
6534.600098 -0.003773
6536.109863 -0.003772
6537.609863 -0.003870
6539.120117 -0.004112
6540.620117 -0.004357
6542.129883 -0.004876
6543.640137 -0.005929
6545.140137 -0.008565
6546.649902 -0.013668
6548.160156 -0.021556
6549.669922 -0.027182
6551.169922 -0.024846
6552.680176 -0.017319
6554.189941 -0.011535
6555.700195 -0.009647
6557.209961 -0.011097
6558.720215 -0.018001
6560.229980 -0.039351
6561.740234 -0.111689
6563.250000 -0.249247
6564.759766 -0.327098
6566.279785 -0.237592
6567.790039 -0.100470
6569.299805 -0.034286
6570.810059 -0.016156
6572.330078 -0.009850
6573.839844 -0.007652
6575.350098 -0.007497
6576.870117 -0.008050
6578.379883 -0.010355
6579.899902 -0.015381
6581.410156 -0.026317
6582.930176 -0.047230
6584.439941 -0.070165
6585.959961 -0.073283
6587.479980 -0.052282
6588.990234 -0.028856
6590.509766 -0.015652
6592.029785 -0.009372
6593.549805 -0.006831
6595.060059 -0.006025
6596.580078 -0.005272
6598.100098 -0.004822
6599.620117 -0.004643
6601.140137 -0.004662
6602.660156 -0.004514
6604.180176 -0.004292
6605.700195 -0.004511
6607.220215 -0.004523
6608.750000 -0.004387
6610.270020 -0.004291
6611.790039 -0.004215
6613.310059 -0.004336
6614.839844 -0.004193
6616.359863 -0.003931
6617.879883 -0.004246
6619.410156 -0.004389
6620.930176 -0.004367
6622.459961 -0.004300
6623.979980 -0.004340
6625.509766 -0.004443
6627.029785 -0.004398
6628.560059 -0.004401
6630.080078 -0.004358
6631.609863 -0.004368
6633.140137 -0.004668
6634.669922 -0.004674
6636.189941 -0.004470
6637.720215 -0.004507
6639.250000 -0.004449
6640.779785 -0.004405
6642.310059 -0.004493
6643.839844 -0.004535
6645.370117 -0.004753
6646.899902 -0.004532
6648.430176 -0.004448
6649.959961 -0.004542
6651.490234 -0.004625
6653.020020 -0.004582
6654.560059 -0.004577
6656.089844 -0.004791
6657.620117 -0.004788
6659.149902 -0.004714
6660.689941 -0.004792
6662.220215 -0.004778
6663.759766 -0.004830
6665.290039 -0.004939
6666.830078 -0.004953
6668.359863 -0.005000
6669.899902 -0.005062
6671.430176 -0.004971
6672.970215 -0.004954
6674.509766 -0.005032
6676.040039 -0.005467
6677.580078 -0.006524
6679.120117 -0.007920
6680.660156 -0.008331
6682.189941 -0.006981
6683.729980 -0.005691
6685.270020 -0.005146
6686.810059 -0.005242
6688.350098 -0.005339
6689.890137 -0.005181
6691.430176 -0.005206
6692.970215 -0.005109
6694.509766 -0.005053
6696.060059 -0.005155
6697.600098 -0.005184
6699.140137 -0.005288
6700.680176 -0.005118
6702.229980 -0.005242
6703.770020 -0.005390
6705.310059 -0.005415
6706.859863 -0.005634
6708.399902 -0.005806
6709.950195 -0.006255
6711.490234 -0.007449
6713.040039 -0.009914
6714.580078 -0.016917
6716.129883 -0.033597
6717.680176 -0.052324
6719.220215 -0.051706
6720.770020 -0.032324
6722.319824 -0.016141
6723.870117 -0.009999
6725.419922 -0.008508
6726.959961 -0.009075
6728.509766 -0.012523
6730.060059 -0.022540
6731.609863 -0.037308
6733.160156 -0.041816
6734.709961 -0.030136
6736.259766 -0.016022
6737.810059 -0.009522
6739.370117 -0.007340
6740.919922 -0.006333
6742.470215 -0.005942
6744.020020 -0.005788
6745.580078 -0.005634
6747.129883 -0.005515
6748.680176 -0.005537
6750.240234 -0.005442
6751.790039 -0.005429
6753.350098 -0.005457
6754.899902 -0.005532
6756.459961 -0.005563
6758.009766 -0.005469
6759.569824 -0.005623
6761.129883 -0.005816
6762.680176 -0.005536
6764.240234 -0.005468
6765.799805 -0.005601
6767.359863 -0.005664
6768.919922 -0.005734
6770.470215 -0.005624
6772.029785 -0.005485
6773.589844 -0.005504
6775.149902 -0.005700
6776.709961 -0.005780
6778.270020 -0.005698
6779.830078 -0.005654
6781.399902 -0.005739
6782.959961 -0.005831
6784.520020 -0.005779
6786.080078 -0.005759
6787.640137 -0.005840
6789.209961 -0.005885
6790.770020 -0.005840
6792.330078 -0.005777
6793.899902 -0.005735
6795.459961 -0.005768
6797.029785 -0.005928
6798.589844 -0.005917
6800.160156 -0.005738
6801.729980 -0.005828
6803.290039 -0.005901
6804.859863 -0.005980
6806.430176 -0.005926
6807.990234 -0.006045
6809.560059 -0.006080
6811.129883 -0.006112
6812.700195 -0.006017
6814.270020 -0.005967
6815.839844 -0.006092
6817.399902 -0.006088
6818.970215 -0.006049
6820.540039 -0.006126
6822.120117 -0.006057
6823.689941 -0.006084
6825.259766 -0.006125
6826.830078 -0.006079
6828.399902 -0.006124
6829.970215 -0.006244
6831.549805 -0.006264
6833.120117 -0.006228
6834.689941 -0.006217
6836.270020 -0.006115
6837.839844 -0.006083
6839.419922 -0.006131
6840.990234 -0.006182
6842.569824 -0.006320
6844.140137 -0.006238
6845.720215 -0.006168
6847.299805 -0.006053
6848.870117 -0.006062
6850.450195 -0.006299
6852.029785 -0.006281
6853.600098 -0.006250
6855.180176 -0.006062
6856.759766 -0.006061
6858.339844 -0.006165
6859.919922 -0.006238
6861.500000 -0.006293
6863.080078 -0.006209
6864.660156 -0.006272
6866.240234 -0.006484
6867.819824 -0.006390
6869.399902 -0.006422
6870.990234 -0.006542
6872.569824 -0.006594
6874.149902 -0.006509
6875.729980 -0.006519
6877.319824 -0.006395
6878.899902 -0.006412
6880.490234 -0.006527
6882.069824 -0.006532
6883.649902 -0.006523
6885.240234 -0.006521
6886.830078 -0.006562
6888.410156 -0.006567
6890.000000 -0.006687
6891.580078 -0.006741
6893.169922 -0.006597
6894.759766 -0.006809
6896.350098 -0.006789
6897.930176 -0.006722
6899.520020 -0.006772
6901.109863 -0.006700
6902.700195 -0.006639
6904.290039 -0.006617
6905.879883 -0.006703
6907.470215 -0.006882
6909.060059 -0.006834
6910.649902 -0.006742
6912.240234 -0.006784
6913.839844 -0.006768
6915.430176 -0.006772
6917.020020 -0.006852
6918.609863 -0.006819
6920.209961 -0.006794
6921.799805 -0.006721
6923.390137 -0.006670
6924.990234 -0.006905
6926.580078 -0.006985
6928.180176 -0.006843
6929.770020 -0.006768
6931.370117 -0.006847
6932.970215 -0.006868
6934.560059 -0.006873
6936.160156 -0.006768
6937.759766 -0.006786
6939.350098 -0.006881
6940.950195 -0.006946
6942.549805 -0.006860
6944.149902 -0.006800
6945.750000 -0.006955
6947.350098 -0.007036
6948.950195 -0.006858
6950.549805 -0.006854
6952.149902 -0.007068
6953.750000 -0.006946
6955.350098 -0.006944
6956.950195 -0.007035
6958.560059 -0.006940
6960.160156 -0.006958
6961.759766 -0.006942
6963.359863 -0.007036
6964.970215 -0.007189
6966.569824 -0.007151
6968.180176 -0.007220
6969.779785 -0.007320
6971.390137 -0.007204
6972.990234 -0.007164
6974.600098 -0.007178
6976.200195 -0.007159
6977.810059 -0.007246
6979.419922 -0.007243
6981.020020 -0.007261
6982.629883 -0.007258
6984.240234 -0.007301
6985.850098 -0.007211
6987.459961 -0.007107
6989.060059 -0.007377
6990.669922 -0.007472
6992.279785 -0.007448
6993.890137 -0.007360
6995.509766 -0.007292
6997.120117 -0.007329
6998.729980 -0.007313
7000.339844 -0.007298
7001.950195 -0.007453
7003.560059 -0.007650
7005.180176 -0.007709
7006.790039 -0.007623
7008.399902 -0.007667
7010.020020 -0.007643
7011.629883 -0.007604
7013.250000 -0.007651
7014.859863 -0.007653
7016.479980 -0.007638
7018.089844 -0.007582
7019.709961 -0.007658
7021.330078 -0.007531
7022.939941 -0.007437
7024.560059 -0.007520
7026.180176 -0.007560
7027.790039 -0.007507
7029.410156 -0.007581
7031.029785 -0.007665
7032.649902 -0.007643
7034.270020 -0.007717
7035.890137 -0.007655
7037.509766 -0.007749
7039.129883 -0.007795
7040.750000 -0.007720
7042.370117 -0.007770
7044.000000 -0.007927
7045.620117 -0.007878
7047.240234 -0.007823
7048.859863 -0.007897
7050.490234 -0.007937
7052.109863 -0.008038
7053.729980 -0.008028
7055.359863 -0.007651
7056.979980 -0.007762
7058.609863 -0.007909
7060.229980 -0.007785
7061.859863 -0.007825
7063.490234 -0.008076
7065.109863 -0.008825
7066.740234 -0.009820
7068.370117 -0.009702
7069.990234 -0.008541
7071.620117 -0.007964
7073.250000 -0.007853
7074.879883 -0.007920
7076.509766 -0.007889
7078.140137 -0.007831
7079.770020 -0.007970
7081.399902 -0.007977
7083.029785 -0.007957
7084.660156 -0.007901
7086.290039 -0.007887
7087.919922 -0.007815
7089.560059 -0.007763
7091.189941 -0.007758
7092.819824 -0.007793
7094.459961 -0.007721
7096.089844 -0.007851
7097.720215 -0.007899
7099.359863 -0.007878
7100.990234 -0.008096
7102.629883 -0.008072
7104.259766 -0.008033
7105.899902 -0.007963
7107.540039 -0.008014
7109.169922 -0.008035
7110.810059 -0.008055
7112.450195 -0.008102
7114.089844 -0.008100
7115.720215 -0.008106
7117.359863 -0.008024
7119.000000 -0.008020
7120.640137 -0.008117
7122.279785 -0.008068
7123.919922 -0.007931
7125.560059 -0.007999
7127.200195 -0.008205
7128.839844 -0.008308
7130.490234 -0.008095
7132.129883 -0.008328
7133.770020 -0.009254
7135.410156 -0.011997
7137.060059 -0.015618
7138.700195 -0.015403
7140.339844 -0.011548
7141.990234 -0.009008
7143.629883 -0.008498
7145.279785 -0.008304
7146.919922 -0.008287
7148.569824 -0.008273
7150.209961 -0.008235
7151.859863 -0.008304
7153.509766 -0.008290
7155.160156 -0.008283
7156.799805 -0.008334
7158.450195 -0.008320
7160.100098 -0.008375
7161.750000 -0.008458
7163.399902 -0.008299
7165.049805 -0.008368
7166.700195 -0.008346
7168.350098 -0.008266
7170.000000 -0.008215
7171.649902 -0.008317
7173.299805 -0.008430
7174.950195 -0.008411
7176.609863 -0.008259
7178.259766 -0.008340
7179.910156 -0.008388
7181.560059 -0.008341
7183.220215 -0.008407
7184.870117 -0.008460
7186.529785 -0.008437
7188.180176 -0.008496
7189.839844 -0.008414
7191.490234 -0.008314
7193.149902 -0.008353
7194.810059 -0.008391
7196.459961 -0.008439
7198.120117 -0.008566
7199.779785 -0.008520
7201.439941 -0.008315
7203.089844 -0.008390
7204.750000 -0.008256
7206.410156 -0.008232
7208.069824 -0.008473
7209.729980 -0.008633
7211.390137 -0.008450
7213.049805 -0.008492
7214.709961 -0.008609
7216.379883 -0.008622
7218.040039 -0.008678
7219.700195 -0.008585
7221.359863 -0.008613
7223.020020 -0.008670
7224.689941 -0.008474
7226.350098 -0.008368
7228.020020 -0.008542
7229.680176 -0.008600
7231.350098 -0.008775
7233.009766 -0.009133
7234.680176 -0.009069
7236.339844 -0.008895
7238.009766 -0.009001
7239.680176 -0.009101
7241.339844 -0.009096
7243.009766 -0.008986
7244.680176 -0.008912
7246.350098 -0.009000
7248.020020 -0.009023
7249.680176 -0.008941
7251.350098 -0.009024
7253.020020 -0.009092
7254.689941 -0.009237
7256.359863 -0.009186
7258.040039 -0.009110
7259.709961 -0.009063
7261.379883 -0.009095
7263.049805 -0.009116
7264.720215 -0.009106
7266.399902 -0.009040
7268.069824 -0.008999
7269.740234 -0.009080
7271.419922 -0.009148
7273.089844 -0.009163
7274.770020 -0.009065
7276.439941 -0.008999
7278.120117 -0.009175
7279.790039 -0.009352
7281.470215 -0.009523
7283.149902 -0.009739
7284.819824 -0.009543
7286.500000 -0.009342
7288.180176 -0.009375
7289.859863 -0.009329
7291.540039 -0.009343
7293.220215 -0.009499
7294.899902 -0.009551
7296.580078 -0.009441
7298.259766 -0.009235
7299.939941 -0.009246
7301.620117 -0.009247
7303.299805 -0.009342
7304.979980 -0.009324
7306.660156 -0.009205
7308.350098 -0.009349
7310.029785 -0.009469
7311.709961 -0.009335
7313.399902 -0.009346
7315.080078 -0.009456
7316.759766 -0.009688
7318.450195 -0.010410
7320.129883 -0.011740
7321.819824 -0.012665
7323.509766 -0.012000
7325.189941 -0.010733
7326.879883 -0.010211
7328.569824 -0.010457
7330.250000 -0.011275
7331.939941 -0.012102
7333.629883 -0.011614
7335.319824 -0.010533
7337.009766 -0.009931
7338.700195 -0.009705
7340.390137 -0.009732
7342.080078 -0.009741
7343.770020 -0.009708
7345.459961 -0.009581
7347.149902 -0.009689
7348.839844 -0.009621
7350.540039 -0.009564
7352.229980 -0.009445
7353.919922 -0.009593
7355.620117 -0.009658
7357.310059 -0.009680
7359.000000 -0.009500
7360.700195 -0.009377
7362.390137 -0.009512
7364.089844 -0.009660
7365.790039 -0.009700
7367.479980 -0.009691
7369.180176 -0.009735
7370.879883 -0.009803
7372.569824 -0.009663
7374.270020 -0.009866
7375.970215 -0.010254
7377.669922 -0.010466
7379.370117 -0.010561
7381.069824 -0.010527
7382.770020 -0.010130
7384.470215 -0.009946
7386.169922 -0.010066
7387.870117 -0.009998
7389.569824 -0.009937
7391.270020 -0.009862
7392.970215 -0.009876
7394.669922 -0.009961
7396.379883 -0.009955
7398.080078 -0.009903
7399.779785 -0.010041
7401.490234 -0.010094
7403.189941 -0.009847
7404.899902 -0.010013
7406.600098 -0.010175
7408.310059 -0.010111
7410.020020 -0.009973
7411.720215 -0.010198
7413.430176 -0.010203
7415.140137 -0.010144
7416.839844 -0.010163
7418.549805 -0.009890
7420.259766 -0.009781
7421.970215 -0.009780
7423.680176 -0.009961
7425.390137 -0.010113
7427.100098 -0.010061
7428.810059 -0.009833
7430.520020 -0.010049
7432.229980 -0.010110
7433.939941 -0.010038
7435.649902 -0.010097
7437.359863 -0.010074
7439.080078 -0.010012
7440.790039 -0.010178
7442.500000 -0.010337
7444.220215 -0.010175
7445.930176 -0.010118
7447.649902 -0.010202
7449.359863 -0.010200
7451.080078 -0.010197
7452.790039 -0.010350
7454.509766 -0.010480
7456.229980 -0.010424
7457.939941 -0.010427
7459.660156 -0.010388
7461.379883 -0.010331
7463.100098 -0.010424
7464.819824 -0.010354
7466.529785 -0.010419
7468.250000 -0.010588
7469.970215 -0.010788
7471.689941 -0.010605
7473.410156 -0.010420
7475.140137 -0.010430
7476.859863 -0.010490
7478.580078 -0.010420
7480.299805 -0.010349
7482.020020 -0.010381
7483.750000 -0.010464
7485.470215 -0.010377
7487.189941 -0.010359
7488.919922 -0.010475
7490.640137 -0.010487
7492.370117 -0.010405
7494.089844 -0.010567
7495.819824 -0.010697
7497.540039 -0.010425
7499.270020 -0.010334
7501.000000 -0.010543
7502.729980 -0.010591
7504.450195 -0.010658
7506.180176 -0.010720
7507.910156 -0.010608
7509.640137 -0.010626
7511.370117 -0.010698
7513.100098 -0.010729
7514.830078 -0.010787
7516.560059 -0.010845
7518.290039 -0.010780
7520.020020 -0.010790
7521.750000 -0.010836
7523.490234 -0.010799
7525.220215 -0.010842
7526.950195 -0.010993
7528.680176 -0.010954
7530.419922 -0.010815
7532.149902 -0.010957
7533.890137 -0.010987
7535.620117 -0.011004
7537.359863 -0.010984
7539.089844 -0.010818
7540.830078 -0.010889
7542.569824 -0.011042
7544.299805 -0.010850
7546.040039 -0.010912
7547.779785 -0.011059
7549.520020 -0.011008
7551.250000 -0.010946
7552.990234 -0.010880
7554.729980 -0.010804
7556.470215 -0.010823
7558.209961 -0.010923
7559.950195 -0.010962
7561.689941 -0.010782
7563.439941 -0.010620
7565.180176 -0.010627
7566.919922 -0.010908
7568.660156 -0.011052
7570.399902 -0.010962
7572.149902 -0.010990
7573.890137 -0.011094
7575.640137 -0.011023
7577.379883 -0.011036
7579.120117 -0.011067
7580.870117 -0.010967
7582.620117 -0.010870
7584.359863 -0.010812
7586.109863 -0.010824
7587.859863 -0.011021
7589.600098 -0.011014
7591.350098 -0.010832
7593.100098 -0.010850
7594.850098 -0.010862
7596.600098 -0.010891
7598.350098 -0.010887
7600.100098 -0.011018
7601.850098 -0.011161
7603.600098 -0.011108
7605.350098 -0.010917
7607.100098 -0.010986
7608.850098 -0.011123
7610.600098 -0.011171
7612.359863 -0.010927
7614.109863 -0.010829
7615.859863 -0.010901
7617.620117 -0.010850
7619.370117 -0.010883
7621.120117 -0.010955
7622.879883 -0.010997
7624.640137 -0.010902
7626.390137 -0.010891
7628.149902 -0.010948
7629.899902 -0.010927
7631.660156 -0.010946
7633.419922 -0.010826
7635.180176 -0.010755
7636.930176 -0.010992
7638.689941 -0.011072
7640.450195 -0.011045
7642.209961 -0.010825
7643.970215 -0.010981
7645.729980 -0.011027
7647.490234 -0.010863
7649.250000 -0.010873
7651.020020 -0.010760
7652.779785 -0.010723
7654.540039 -0.010860
7656.299805 -0.010807
7658.069824 -0.010823
7659.830078 -0.010852
7661.589844 -0.010626
7663.359863 -0.010436
7665.120117 -0.009960
7666.890137 -0.009633
7668.649902 -0.009961
7670.419922 -0.010297
7672.189941 -0.010567
7673.950195 -0.010671
7675.720215 -0.010649
7677.490234 -0.010799
7679.250000 -0.010965
7681.020020 -0.011103
7682.790039 -0.010882
7684.560059 -0.010721
7686.330078 -0.010806
7688.100098 -0.010847
7689.870117 -0.010772
7691.640137 -0.010857
7693.410156 -0.010853
7695.189941 -0.010774
7696.959961 -0.010638
7698.729980 -0.010575
7700.500000 -0.010388
7702.279785 -0.010285
7704.049805 -0.010689
7705.819824 -0.010901
7707.600098 -0.010922
7709.370117 -0.010851
7711.149902 -0.010903
7712.919922 -0.010966
7714.700195 -0.011045
7716.479980 -0.010937
7718.250000 -0.010976
7720.029785 -0.010856
7721.810059 -0.010877
7723.589844 -0.010944
7725.370117 -0.011043
7727.149902 -0.011139
7728.919922 -0.011160
7730.700195 -0.011385
7732.479980 -0.011335
7734.270020 -0.011330
7736.049805 -0.011450
7737.830078 -0.011576
7739.609863 -0.011485
7741.390137 -0.011486
7743.180176 -0.011516
7744.959961 -0.011607
7746.740234 -0.011509
7748.529785 -0.011485
7750.310059 -0.012089
7752.089844 -0.013199
7753.879883 -0.013497
7755.669922 -0.012438
7757.450195 -0.011745
7759.240234 -0.011690
7761.020020 -0.011732
7762.810059 -0.011739
7764.600098 -0.011683
7766.390137 -0.011751
7768.180176 -0.011720
7769.970215 -0.011705
7771.750000 -0.011708
7773.540039 -0.011665
7775.330078 -0.011734
7777.120117 -0.011777
7778.919922 -0.011698
7780.709961 -0.011706
7782.500000 -0.011755
7784.290039 -0.011653
7786.080078 -0.011738
7787.879883 -0.011914
7789.669922 -0.011989
7791.459961 -0.011841
7793.259766 -0.011769
7795.049805 -0.012096
7796.850098 -0.012141
7798.640137 -0.012039
7800.439941 -0.012004
7802.240234 -0.012181
7804.029785 -0.012260
7805.830078 -0.012185
7807.629883 -0.012157
7809.430176 -0.012250
7811.220215 -0.012438
7813.020020 -0.012621
7814.819824 -0.012460
7816.620117 -0.012473
7818.419922 -0.012608
7820.220215 -0.012578
7822.020020 -0.012554
7823.819824 -0.012591
7825.629883 -0.012634
7827.430176 -0.012571
7829.229980 -0.012413
7831.029785 -0.012417
7832.839844 -0.012608
7834.640137 -0.012637
7836.439941 -0.012546
7838.250000 -0.012588
7840.049805 -0.012370
7841.859863 -0.012245
7843.669922 -0.012559
7845.470215 -0.012671
7847.279785 -0.012660
7849.089844 -0.012742
7850.890137 -0.012708
7852.700195 -0.012631
7854.509766 -0.012522
7856.319824 -0.012660
7858.129883 -0.012764
7859.939941 -0.012754
7861.750000 -0.012878
7863.560059 -0.012901
7865.370117 -0.012805
7867.180176 -0.012767
7868.990234 -0.012683
7870.799805 -0.013055
7872.620117 -0.013010
7874.430176 -0.012703
7876.240234 -0.012840
7878.060059 -0.012987
7879.870117 -0.012913
7881.689941 -0.013010
7883.500000 -0.012862
7885.319824 -0.012825
7887.129883 -0.012927
7888.950195 -0.012772
7890.759766 -0.013021
7892.580078 -0.013128
7894.399902 -0.012950
7896.220215 -0.013076
7898.040039 -0.012931
7899.850098 -0.012967
7901.669922 -0.012887
7903.490234 -0.012800
7905.310059 -0.012789
7907.129883 -0.012698
7908.950195 -0.012914
7910.779785 -0.013088
7912.600098 -0.012795
7914.419922 -0.012599
7916.240234 -0.012931
7918.069824 -0.012944
7919.890137 -0.012676
7921.709961 -0.012891
7923.540039 -0.013138
7925.359863 -0.013004
7927.189941 -0.012933
7929.009766 -0.012886
7930.839844 -0.012893
7932.660156 -0.013140
7934.490234 -0.013199
7936.319824 -0.012927
7938.149902 -0.013068
7939.970215 -0.013083
7941.799805 -0.012849
7943.629883 -0.012973
7945.459961 -0.013158
7947.290039 -0.013111
7949.120117 -0.013038
7950.950195 -0.013161
7952.779785 -0.013136
7954.609863 -0.013151
7956.450195 -0.013259
7958.279785 -0.013546
7960.109863 -0.013800
7961.939941 -0.013938
7963.779785 -0.013802
7965.609863 -0.013759
7967.450195 -0.013837
7969.279785 -0.013819
7971.120117 -0.013852
7972.950195 -0.013951
7974.790039 -0.013970
7976.620117 -0.013943
7978.459961 -0.014083
7980.299805 -0.014056
7982.140137 -0.013870
7983.970215 -0.014005
7985.810059 -0.013893
7987.649902 -0.013983
7989.490234 -0.014144
7991.330078 -0.014081
7993.169922 -0.014111
7995.009766 -0.014329
7996.850098 -0.014067
7998.689941 -0.014106
8000.540039 -0.014419
8002.379883 -0.014396
8004.220215 -0.014550
8006.060059 -0.014310
8007.910156 -0.014362
8009.750000 -0.014431
8011.600098 -0.014412
8013.439941 -0.014740
8015.290039 -0.014908
8017.129883 -0.014888
8018.979980 -0.014770
8020.830078 -0.014591
8022.669922 -0.014670
8024.520020 -0.014430
8026.370117 -0.014580
8028.220215 -0.014838
8030.069824 -0.014685
8031.910156 -0.014653
8033.759766 -0.015005
8035.609863 -0.015250
8037.459961 -0.015195
8039.319824 -0.015043
8041.169922 -0.015006
8043.020020 -0.015227
8044.870117 -0.015009
8046.720215 -0.015017
8048.580078 -0.015025
8050.430176 -0.014883
8052.279785 -0.015016
8054.140137 -0.015330
8055.990234 -0.015429
8057.850098 -0.015387
8059.700195 -0.015228
8061.560059 -0.015321
8063.419922 -0.015527
8065.270020 -0.015461
8067.129883 -0.015313
8068.990234 -0.015155
8070.850098 -0.015280
8072.709961 -0.015242
8074.560059 -0.015152
8076.419922 -0.015309
8078.279785 -0.015354
8080.140137 -0.015674
8082.000000 -0.015780
8083.870117 -0.015418
8085.729980 -0.015481
8087.589844 -0.015696
8089.450195 -0.015692
8091.310059 -0.015514
8093.180176 -0.015698
8095.040039 -0.015613
8096.910156 -0.015466
8098.770020 -0.015410
8100.640137 -0.015551
8102.500000 -0.015564
8104.370117 -0.015689
8106.229980 -0.015721
8108.100098 -0.015728
8109.970215 -0.015840
8111.830078 -0.015789
8113.700195 -0.015575
8115.569824 -0.015738
8117.439941 -0.016032
8119.310059 -0.016359
8121.180176 -0.016209
8123.049805 -0.016301
8124.919922 -0.016387
8126.790039 -0.016559
8128.660156 -0.016521
8130.529785 -0.016428
8132.410156 -0.016538
8134.279785 -0.016579
8136.149902 -0.016645
8138.029785 -0.016653
8139.899902 -0.016583
8141.770020 -0.016401
8143.649902 -0.016468
8145.520020 -0.016705
8147.399902 -0.016608
8149.279785 -0.016671
8151.149902 -0.016645
8153.029785 -0.016881
8154.910156 -0.016868
8156.790039 -0.016901
8158.660156 -0.016990
8160.540039 -0.016888
8162.419922 -0.017018
8164.299805 -0.017031
8166.180176 -0.016913
8168.060059 -0.017144
8169.939941 -0.016932
8171.830078 -0.016986
8173.709961 -0.017367
8175.589844 -0.017398
8177.470215 -0.017314
8179.359863 -0.017259
8181.240234 -0.017044
8183.120117 -0.017062
8185.009766 -0.017082
8186.890137 -0.017267
8188.779785 -0.017270
8190.660156 -0.017175
8192.549805 -0.017166
8194.440430 -0.017044
8196.320312 -0.017260
8198.209961 -0.017048
8200.099609 -0.016729
8201.990234 -0.016725
8203.879883 -0.016912
8205.759766 -0.016831
8207.660156 -0.016903
8209.540039 -0.017079
8211.440430 -0.017101
8213.330078 -0.017010
8215.219727 -0.017287
8217.110352 -0.017424
8219.000000 -0.017628
8220.889648 -0.017458
8222.790039 -0.017650
8224.679688 -0.017747
8226.580078 -0.017608
8228.469727 -0.017617
8230.360352 -0.017866
8232.259766 -0.017931
8234.160156 -0.017703
8236.049805 -0.017820
8237.950195 -0.017613
8239.849609 -0.017350
8241.740234 -0.017676
8243.639648 -0.018108
8245.540039 -0.017857
8247.440430 -0.017734
8249.339844 -0.017683
8251.240234 -0.017849
8253.139648 -0.017646
8255.040039 -0.017524
8256.940430 -0.017733
8258.839844 -0.017593
8260.740234 -0.017727
8262.639648 -0.017890
8264.549805 -0.018142
8266.450195 -0.018265
8268.349609 -0.018109
8270.259766 -0.018049
8272.160156 -0.018030
8274.070312 -0.017789
8275.969727 -0.018016
8277.879883 -0.018045
8279.790039 -0.017939
8281.690430 -0.018252
8283.599609 -0.018212
8285.509766 -0.017883
8287.419922 -0.018040
8289.320312 -0.018245
8291.230469 -0.017929
8293.139648 -0.017828
8295.049805 -0.017937
8296.959961 -0.017869
8298.870117 -0.017695
8300.780273 -0.017630
8302.700195 -0.017712
8304.610352 -0.017685
8306.519531 -0.017607
8308.429688 -0.017196
8310.349609 -0.017332
8312.259766 -0.017591
8314.169922 -0.017360
8316.089844 -0.017416
8318.000000 -0.017634
8319.919922 -0.017685
8321.830078 -0.017558
8323.750000 -0.017234
8325.669922 -0.017335
8327.580078 -0.017756
8329.500000 -0.017516
8331.419922 -0.017176
8333.339844 -0.017192
8335.259766 -0.017360
8337.179688 -0.017419
8339.099609 -0.017152
8341.019531 -0.016910
8342.940430 -0.017219
8344.860352 -0.017178
8346.780273 -0.017324
8348.700195 -0.017281
