3450.000000 -0.014234
3450.790039 -0.013934
3451.590088 -0.014029
3452.379883 -0.013497
3453.179932 -0.013175
3453.969971 -0.013125
3454.770020 -0.013421
3455.570068 -0.013805
3456.360107 -0.013631
3457.159912 -0.013249
3457.949951 -0.013683
3458.750000 -0.014032
3459.550049 -0.013299
3460.340088 -0.013087
3461.139893 -0.013536
3461.939941 -0.013542
3462.729980 -0.014012
3463.530029 -0.013722
3464.330078 -0.013834
3465.129883 -0.013792
3465.919922 -0.013785
3466.719971 -0.013747
3467.520020 -0.013584
3468.320068 -0.013752
3469.120117 -0.013401
3469.919922 -0.013678
3470.719971 -0.013856
3471.520020 -0.013744
3472.310059 -0.013819
3473.110107 -0.013539
3473.909912 -0.013468
3474.709961 -0.013415
3475.510010 -0.013343
3476.310059 -0.013406
3477.120117 -0.013253
3477.919922 -0.013956
3478.719971 -0.014388
3479.520020 -0.014107
3480.320068 -0.014014
3481.120117 -0.013933
3481.919922 -0.013829
3482.719971 -0.013843
3483.530029 -0.013330
3484.330078 -0.013310
3485.129883 -0.013636
3485.929932 -0.013889
3486.739990 -0.014466
3487.540039 -0.014554
3488.340088 -0.014462
3489.149902 -0.014066
3489.949951 -0.013613
3490.750000 -0.013877
3491.560059 -0.014346
3492.360107 -0.014443
3493.169922 -0.014643
3493.969971 -0.014761
3494.770020 -0.014511
3495.580078 -0.013895
3496.379883 -0.013523
3497.189941 -0.013210
3497.989990 -0.013294
3498.800049 -0.013657
3499.610107 -0.014186
3500.409912 -0.014291
3501.219971 -0.014344
3502.020020 -0.013951
3502.830078 -0.013587
3503.639893 -0.013998
3504.439941 -0.014016
3505.250000 -0.013864
3506.060059 -0.013299
3506.870117 -0.013069
3507.669922 -0.013549
3508.479980 -0.014274
3509.290039 -0.014802
3510.100098 -0.014543
3510.909912 -0.014186
3511.709961 -0.014579
3512.520020 -0.014746
3513.330078 -0.014647
3514.139893 -0.014379
3514.949951 -0.014317
3515.760010 -0.014433
3516.570068 -0.014674
3517.379883 -0.015291
3518.189941 -0.015161
3519.000000 -0.015081
3519.810059 -0.015440
3520.620117 -0.015060
3521.429932 -0.015053
3522.239990 -0.015623
3523.050049 -0.016148
3523.860107 -0.016094
3524.679932 -0.015631
3525.489990 -0.015626
3526.300049 -0.015793
3527.110107 -0.015756
3527.919922 -0.015651
3528.739990 -0.016007
3529.550049 -0.015870
3530.360107 -0.015674
3531.169922 -0.015600
3531.989990 -0.015162
3532.800049 -0.014765
3533.610107 -0.014732
3534.429932 -0.014805
3535.239990 -0.014925
3536.060059 -0.014920
3536.870117 -0.015143
3537.679932 -0.014888
3538.500000 -0.015027
3539.310059 -0.015428
3540.129883 -0.015394
3540.939941 -0.015265
3541.760010 -0.015288
3542.580078 -0.015186
3543.389893 -0.015362
3544.209961 -0.015457
3545.020020 -0.015566
3545.840088 -0.015711
3546.659912 -0.015478
3547.469971 -0.015400
3548.290039 -0.015716
3549.110107 -0.015857
3549.919922 -0.015877
3550.739990 -0.016185
3551.560059 -0.016611
3552.379883 -0.016341
3553.199951 -0.016248
3554.010010 -0.016070
3554.830078 -0.015784
3555.649902 -0.016204
3556.469971 -0.016521
3557.290039 -0.016747
3558.110107 -0.016603
3558.929932 -0.016682
3559.750000 -0.016747
3560.570068 -0.016674
3561.389893 -0.016773
3562.209961 -0.016933
3563.030029 -0.017344
3563.850098 -0.017495
3564.669922 -0.017228
3565.489990 -0.016763
3566.310059 -0.016686
3567.129883 -0.017310
3567.949951 -0.017924
3568.770020 -0.017946
3569.600098 -0.017735
3570.419922 -0.017331
3571.239990 -0.017366
3572.060059 -0.017386
3572.889893 -0.017545
3573.709961 -0.017544
3574.530029 -0.017332
3575.350098 -0.017258
3576.179932 -0.017323
3577.000000 -0.017644
3577.820068 -0.018027
3578.649902 -0.018377
3579.469971 -0.018577
3580.300049 -0.018439
3581.120117 -0.018221
3581.949951 -0.018310
3582.770020 -0.018989
3583.600098 -0.019564
3584.419922 -0.019269
3585.250000 -0.018914
3586.070068 -0.018136
3586.899902 -0.017731
3587.719971 -0.017914
3588.550049 -0.017921
3589.379883 -0.017677
3590.199951 -0.017706
3591.030029 -0.017858
3591.860107 -0.017818
3592.679932 -0.017557
3593.510010 -0.017028
3594.340088 -0.016709
3595.169922 -0.016362
3596.000000 -0.016271
3596.820068 -0.016372
3597.649902 -0.016405
3598.479980 -0.016404
3599.310059 -0.016107
3600.139893 -0.016079
3600.969971 -0.016239
3601.800049 -0.016082
3602.629883 -0.015859
3603.449951 -0.016020
3604.280029 -0.016183
3605.110107 -0.016413
3605.949951 -0.017076
3606.780029 -0.017546
3607.610107 -0.017771
3608.439941 -0.017614
3609.270020 -0.017387
3610.100098 -0.017151
3610.929932 -0.017131
3611.760010 -0.017208
3612.590088 -0.017173
3613.429932 -0.016968
3614.260010 -0.016765
3615.090088 -0.016974
3615.919922 -0.017152
3616.760010 -0.017432
3617.590088 -0.017473
3618.419922 -0.016951
3619.250000 -0.016518
3620.090088 -0.016600
3620.919922 -0.017041
3621.760010 -0.017344
3622.590088 -0.017367
3623.419922 -0.017136
3624.260010 -0.016480
3625.090088 -0.016163
3625.929932 -0.016069
3626.760010 -0.016203
3627.600098 -0.016549
3628.429932 -0.016582
3629.270020 -0.016700
3630.100098 -0.016517
3630.939941 -0.015831
3631.780029 -0.015611
3632.610107 -0.015768
3633.449951 -0.016322
3634.290039 -0.016931
3635.120117 -0.016938
3635.959961 -0.016670
3636.800049 -0.016614
3637.629883 -0.016641
3638.469971 -0.016601
3639.310059 -0.016644
3640.149902 -0.016549
3640.989990 -0.016471
3641.830078 -0.016480
3642.659912 -0.016174
3643.500000 -0.016135
3644.340088 -0.016376
3645.179932 -0.016488
3646.020020 -0.016826
3646.860107 -0.016981
3647.699951 -0.016934
3648.540039 -0.016605
3649.379883 -0.016448
3650.219971 -0.016269
3651.060059 -0.015984
3651.899902 -0.015800
3652.739990 -0.015685
3653.580078 -0.015462
3654.429932 -0.015337
3655.270020 -0.015123
3656.110107 -0.014664
3656.949951 -0.014380
3657.790039 -0.014404
3658.639893 -0.014495
3659.479980 -0.014296
3660.320068 -0.014185
3661.159912 -0.014202
3662.010010 -0.014143
3662.850098 -0.014050
3663.689941 -0.014063
3664.540039 -0.014126
3665.379883 -0.014419
3666.219971 -0.014641
3667.070068 -0.014802
3667.909912 -0.014847
3668.760010 -0.014615
3669.600098 -0.014453
3670.449951 -0.014452
3671.290039 -0.014461
3672.139893 -0.014881
3672.979980 -0.015214
3673.830078 -0.014921
3674.679932 -0.014740
3675.520020 -0.014926
3676.370117 -0.015034
3677.219971 -0.014892
3678.060059 -0.014732
3678.909912 -0.014792
3679.760010 -0.014965
3680.600098 -0.015212
3681.449951 -0.015249
3682.300049 -0.015538
3683.149902 -0.015954
3684.000000 -0.015872
3684.840088 -0.015565
3685.689941 -0.015305
3686.540039 -0.015287
3687.389893 -0.015491
3688.239990 -0.015437
3689.090088 -0.015234
3689.939941 -0.015385
3690.790039 -0.015681
3691.639893 -0.015917
3692.489990 -0.015795
3693.340088 -0.015362
3694.189941 -0.014840
3695.040039 -0.014533
3695.889893 -0.014531
3696.739990 -0.014589
3697.590088 -0.014545
3698.439941 -0.014552
3699.300049 -0.014718
3700.149902 -0.014945
3701.000000 -0.015216
3701.850098 -0.015233
3702.699951 -0.014991
3703.560059 -0.015040
3704.409912 -0.015025
3705.260010 -0.014963
3706.120117 -0.015201
3706.969971 -0.015843
3707.820068 -0.016521
3708.679932 -0.016981
3709.530029 -0.016620
3710.389893 -0.015876
3711.239990 -0.015297
3712.100098 -0.014873
3712.949951 -0.014503
3713.800049 -0.014625
3714.659912 -0.015159
3715.520020 -0.015936
3716.370117 -0.016942
3717.229980 -0.017993
3718.080078 -0.018798
3718.939941 -0.018649
3719.800049 -0.017803
3720.649902 -0.017034
3721.510010 -0.016789
3722.370117 -0.017180
3723.219971 -0.018377
3724.080078 -0.024388
3724.939941 -0.047456
3725.800049 -0.087599
3726.649902 -0.119505
3727.510010 -0.132009
3728.370117 -0.146333
3729.229980 -0.162842
3730.090088 -0.146358
3730.949951 -0.091627
3731.810059 -0.042314
3732.669922 -0.022231
3733.530029 -0.017576
3734.389893 -0.016671
3735.250000 -0.016556
3736.110107 -0.016570
3736.969971 -0.017074
3737.830078 -0.018083
3738.689941 -0.019608
3739.550049 -0.021126
3740.409912 -0.022303
3741.270020 -0.023005
3742.129883 -0.023151
3742.989990 -0.022820
3743.860107 -0.022470
3744.719971 -0.022107
3745.580078 -0.021473
3746.439941 -0.020793
3747.310059 -0.019792
3748.169922 -0.018363
3749.030029 -0.016955
3749.889893 -0.016175
3750.760010 -0.016308
3751.620117 -0.016647
3752.489990 -0.016770
3753.350098 -0.017414
3754.209961 -0.018559
3755.080078 -0.020063
3755.939941 -0.021541
3756.810059 -0.022310
3757.669922 -0.022168
3758.540039 -0.021618
3759.399902 -0.021630
3760.270020 -0.022348
3761.139893 -0.023047
3762.000000 -0.023569
3762.870117 -0.023683
3763.739990 -0.023448
3764.600098 -0.022961
3765.469971 -0.022337
3766.340088 -0.021388
3767.199951 -0.019686
3768.070068 -0.017847
3768.939941 -0.016416
3769.810059 -0.015723
3770.679932 -0.015576
3771.540039 -0.015216
3772.409912 -0.015031
3773.280029 -0.015420
3774.149902 -0.016222
3775.020020 -0.017387
3775.889893 -0.018454
3776.760010 -0.019809
3777.629883 -0.021164
3778.500000 -0.022128
3779.370117 -0.023005
3780.239990 -0.023869
3781.110107 -0.024626
3781.979980 -0.024931
3782.850098 -0.025131
3783.719971 -0.025383
3784.590088 -0.025863
3785.459961 -0.025977
3786.340088 -0.025601
3787.209961 -0.025136
3788.080078 -0.024881
3788.949951 -0.024909
3789.820068 -0.024726
3790.699951 -0.024360
3791.570068 -0.024020
3792.439941 -0.023375
3793.320068 -0.022224
3794.189941 -0.020683
3795.060059 -0.019017
3795.939941 -0.017625
3796.810059 -0.017072
3797.689941 -0.017271
3798.560059 -0.017277
3799.439941 -0.016732
3800.310059 -0.016346
3801.189941 -0.017128
3802.060059 -0.018669
3802.939941 -0.020234
3803.810059 -0.021704
3804.689941 -0.022919
3805.560059 -0.023546
3806.439941 -0.023877
3807.320068 -0.024228
3808.189941 -0.024884
3809.070068 -0.026146
3809.949951 -0.027360
3810.830078 -0.028309
3811.699951 -0.028721
3812.580078 -0.028596
3813.459961 -0.028185
3814.340088 -0.027756
3815.219971 -0.027651
3816.090088 -0.027948
3816.969971 -0.028504
3817.850098 -0.029494
3818.729980 -0.029975
3819.610107 -0.029298
3820.489990 -0.028280
3821.370117 -0.027924
3822.250000 -0.028505
3823.129883 -0.029470
3824.010010 -0.029721
3824.889893 -0.028804
3825.770020 -0.027675
3826.649902 -0.026972
3827.530029 -0.026623
3828.419922 -0.026211
3829.300049 -0.025567
3830.179932 -0.024945
3831.060059 -0.024020
3831.939941 -0.022377
3832.830078 -0.020497
3833.709961 -0.018996
3834.590088 -0.019101
3835.469971 -0.020689
3836.360107 -0.021498
3837.239990 -0.020391
3838.120117 -0.019002
3839.010010 -0.019009
3839.889893 -0.020065
3840.780029 -0.021478
3841.659912 -0.023038
3842.550049 -0.024624
3843.429932 -0.025824
3844.320068 -0.026713
3845.199951 -0.027079
3846.090088 -0.027395
3846.969971 -0.028086
3847.860107 -0.028799
3848.739990 -0.029219
3849.629883 -0.029392
3850.520020 -0.029297
3851.399902 -0.029676
3852.290039 -0.030518
3853.179932 -0.031197
3854.070068 -0.031617
3854.949951 -0.031468
3855.840088 -0.031142
3856.729980 -0.031174
3857.620117 -0.031434
3858.510010 -0.031735
3859.389893 -0.031549
3860.280029 -0.031181
3861.169922 -0.031408
3862.060059 -0.032102
3862.949951 -0.032660
3863.840088 -0.032493
3864.729980 -0.032045
3865.620117 -0.031659
3866.510010 -0.031699
3867.399902 -0.033190
3868.290039 -0.037330
3869.179932 -0.041312
3870.070068 -0.041240
3870.959961 -0.037205
3871.850098 -0.032566
3872.750000 -0.030012
3873.639893 -0.029118
3874.530029 -0.029214
3875.419922 -0.029660
3876.320068 -0.029717
3877.209961 -0.028980
3878.100098 -0.027711
3878.989990 -0.026725
3879.889893 -0.026576
3880.780029 -0.026895
3881.669922 -0.026489
3882.570068 -0.025264
3883.459961 -0.023904
3884.360107 -0.022629
3885.250000 -0.021292
3886.149902 -0.019239
3887.040039 -0.018007
3887.939941 -0.020255
3888.830078 -0.025169
3889.729980 -0.027656
3890.620117 -0.024487
3891.520020 -0.019040
3892.409912 -0.016392
3893.310059 -0.016798
3894.209961 -0.017778
3895.100098 -0.018701
3896.000000 -0.019626
3896.899902 -0.020794
3897.800049 -0.022056
3898.689941 -0.022701
3899.590088 -0.023094
3900.489990 -0.023499
3901.389893 -0.024389
3902.290039 -0.025425
3903.179932 -0.026036
3904.080078 -0.026350
3904.979980 -0.026284
3905.879883 -0.026119
3906.780029 -0.026009
3907.679932 -0.026349
3908.580078 -0.027067
3909.479980 -0.027549
3910.379883 -0.027597
3911.280029 -0.027495
3912.179932 -0.027363
3913.080078 -0.026992
3913.979980 -0.026438
3914.889893 -0.026181
3915.790039 -0.026472
3916.689941 -0.026726
3917.590088 -0.026899
3918.489990 -0.027145
3919.399902 -0.027253
3920.300049 -0.027408
3921.199951 -0.027650
3922.100098 -0.028068
3923.010010 -0.028715
3923.909912 -0.029310
3924.810059 -0.029580
3925.719971 -0.029632
3926.620117 -0.029398
3927.530029 -0.029215
3928.429932 -0.029079
3929.340088 -0.029009
3930.239990 -0.028788
3931.149902 -0.027968
3932.050049 -0.026383
3932.959961 -0.024368
3933.860107 -0.022611
3934.770020 -0.022253
3935.669922 -0.023799
3936.580078 -0.026120
3937.489990 -0.028062
3938.389893 -0.029336
3939.300049 -0.029944
3940.209961 -0.030382
3941.110107 -0.030526
3942.020020 -0.030190
3942.929932 -0.029850
3943.840088 -0.029294
3944.750000 -0.028688
3945.649902 -0.028574
3946.560059 -0.028755
3947.469971 -0.028324
3948.379883 -0.027290
3949.290039 -0.026432
3950.199951 -0.026006
3951.110107 -0.025918
3952.020020 -0.025568
3952.929932 -0.024921
3953.840088 -0.024711
3954.750000 -0.024848
3955.659912 -0.024727
3956.570068 -0.024165
3957.479980 -0.023672
3958.389893 -0.023843
3959.310059 -0.024544
3960.219971 -0.024943
3961.129883 -0.024677
3962.040039 -0.023907
3962.949951 -0.023189
3963.870117 -0.022837
3964.780029 -0.022316
3965.689941 -0.021450
3966.610107 -0.020489
3967.520020 -0.019453
3968.429932 -0.019074
3969.350098 -0.021159
3970.260010 -0.025382
3971.179932 -0.027123
3972.090088 -0.023776
3973.000000 -0.019120
3973.919922 -0.017258
3974.830078 -0.017578
3975.750000 -0.018354
3976.669922 -0.019082
3977.580078 -0.019474
3978.500000 -0.019952
3979.409912 -0.020571
3980.330078 -0.021099
3981.250000 -0.021409
3982.159912 -0.021333
3983.080078 -0.021030
3984.000000 -0.021215
3984.919922 -0.021820
3985.830078 -0.022378
3986.750000 -0.022591
3987.669922 -0.022764
3988.590088 -0.023122
3989.510010 -0.023129
3990.419922 -0.023027
3991.340088 -0.023106
3992.260010 -0.023330
3993.179932 -0.023753
3994.100098 -0.023929
3995.020020 -0.023715
3995.939941 -0.023243
3996.860107 -0.022845
3997.780029 -0.022577
3998.699951 -0.022555
3999.620117 -0.023064
4000.540039 -0.023624
4001.469971 -0.023660
4002.389893 -0.023592
4003.310059 -0.023601
4004.229980 -0.023365
4005.149902 -0.022708
4006.080078 -0.021977
4007.000000 -0.021946
4007.919922 -0.022571
4008.840088 -0.023132
4009.770020 -0.023144
4010.689941 -0.022923
4011.610107 -0.022630
4012.540039 -0.022367
4013.459961 -0.022282
4014.389893 -0.022312
4015.310059 -0.022553
4016.229980 -0.022862
4017.159912 -0.022777
4018.080078 -0.022754
4019.010010 -0.022993
4019.939941 -0.023313
4020.860107 -0.023453
4021.790039 -0.023176
4022.709961 -0.022605
4023.639893 -0.022071
4024.570068 -0.021410
4025.489990 -0.021094
4026.419922 -0.021570
4027.350098 -0.022392
4028.270020 -0.022966
4029.199951 -0.023167
4030.129883 -0.022905
4031.060059 -0.022681
4031.989990 -0.022721
4032.919922 -0.023143
4033.840088 -0.023656
4034.770020 -0.023866
4035.699951 -0.024092
4036.629883 -0.024360
4037.560059 -0.024499
4038.489990 -0.024342
4039.419922 -0.023946
4040.350098 -0.023242
4041.280029 -0.022805
4042.209961 -0.023130
4043.139893 -0.023898
4044.070068 -0.024228
4045.010010 -0.023542
4045.939941 -0.022667
4046.870117 -0.022739
4047.800049 -0.023911
4048.729980 -0.024849
4049.669922 -0.024758
4050.600098 -0.024222
4051.530029 -0.023726
4052.459961 -0.023284
4053.399902 -0.022795
4054.330078 -0.022509
4055.260010 -0.022568
4056.199951 -0.022949
4057.129883 -0.023244
4058.070068 -0.023381
4059.000000 -0.023606
4059.939941 -0.024086
4060.870117 -0.024815
4061.810059 -0.024970
4062.739990 -0.024177
4063.679932 -0.023091
4064.610107 -0.022749
4065.550049 -0.023412
4066.479980 -0.024070
4067.419922 -0.024306
4068.360107 -0.024914
4069.290039 -0.025932
4070.229980 -0.025732
4071.169922 -0.023718
4072.110107 -0.021831
4073.040039 -0.021475
4073.979980 -0.022140
4074.919922 -0.022907
4075.860107 -0.022907
4076.800049 -0.022126
4077.739990 -0.021057
4078.669922 -0.020368
4079.610107 -0.020548
4080.550049 -0.021189
4081.489990 -0.021617
4082.429932 -0.021489
4083.370117 -0.020625
4084.310059 -0.019534
4085.250000 -0.018681
4086.199951 -0.018170
4087.139893 -0.017955
4088.080078 -0.017880
4089.020020 -0.017719
4089.959961 -0.017233
4090.899902 -0.016779
4091.840088 -0.016402
4092.790039 -0.016047
4093.729980 -0.015801
4094.669922 -0.015565
4095.610107 -0.014920
4096.560059 -0.013925
4097.500000 -0.012935
4098.439941 -0.012244
4099.390137 -0.011897
4100.330078 -0.014007
4101.279785 -0.021252
4102.220215 -0.029074
4103.169922 -0.028985
4104.109863 -0.020872
4105.060059 -0.013687
4106.000000 -0.011904
4106.950195 -0.012572
4107.890137 -0.013420
4108.839844 -0.014162
4109.779785 -0.014719
4110.729980 -0.015282
4111.680176 -0.016000
4112.620117 -0.016699
4113.569824 -0.017570
4114.520020 -0.018312
4115.470215 -0.018839
4116.410156 -0.019280
4117.359863 -0.019442
4118.310059 -0.019246
4119.259766 -0.018868
4120.209961 -0.018814
4121.160156 -0.019194
4122.109863 -0.019576
4123.049805 -0.019760
4124.000000 -0.019938
4124.950195 -0.020530
4125.899902 -0.021025
4126.850098 -0.020848
4127.799805 -0.020460
4128.750000 -0.020200
4129.709961 -0.020352
4130.660156 -0.020811
4131.609863 -0.020947
4132.560059 -0.020887
4133.509766 -0.020897
4134.459961 -0.021239
4135.419922 -0.021964
4136.370117 -0.022538
4137.319824 -0.022632
4138.270020 -0.022512
4139.229980 -0.022713
4140.180176 -0.023111
4141.129883 -0.023201
4142.089844 -0.022863
4143.040039 -0.021821
4143.990234 -0.020840
4144.950195 -0.020941
4145.899902 -0.021982
4146.859863 -0.023154
4147.810059 -0.023694
4148.770020 -0.023589
4149.720215 -0.023318
4150.680176 -0.023129
4151.629883 -0.023293
4152.589844 -0.023519
4153.549805 -0.023353
4154.500000 -0.022999
4155.459961 -0.022630
4156.419922 -0.022505
4157.370117 -0.022461
4158.330078 -0.022614
4159.290039 -0.022712
4160.250000 -0.022729
4161.200195 -0.022421
4162.160156 -0.022011
4163.120117 -0.021938
4164.080078 -0.022078
4165.040039 -0.022279
4166.000000 -0.022435
4166.959961 -0.022460
4167.919922 -0.022419
4168.879883 -0.022542
4169.839844 -0.022853
4170.799805 -0.022949
4171.759766 -0.022346
4172.720215 -0.021271
4173.680176 -0.020654
4174.640137 -0.021052
4175.600098 -0.021895
4176.560059 -0.022362
4177.529785 -0.022172
4178.490234 -0.021704
4179.450195 -0.021600
4180.410156 -0.022054
4181.370117 -0.022365
4182.339844 -0.022179
4183.299805 -0.021689
4184.259766 -0.021628
4185.229980 -0.021901
4186.189941 -0.021866
4187.160156 -0.021430
4188.120117 -0.020859
4189.080078 -0.020808
4190.049805 -0.021344
4191.009766 -0.021664
4191.979980 -0.021537
4192.939941 -0.021866
4193.910156 -0.022460
4194.879883 -0.022724
4195.839844 -0.022380
4196.810059 -0.021972
4197.770020 -0.021581
4198.740234 -0.021275
4199.709961 -0.021387
4200.680176 -0.021715
4201.640137 -0.021762
4202.609863 -0.021504
4203.580078 -0.021245
4204.549805 -0.020945
4205.509766 -0.020674
4206.479980 -0.020495
4207.450195 -0.020525
4208.419922 -0.020603
4209.390137 -0.020549
4210.359863 -0.020414
4211.330078 -0.020441
4212.299805 -0.020954
4213.270020 -0.021539
4214.240234 -0.021548
4215.209961 -0.020854
4216.180176 -0.019940
4217.149902 -0.019571
4218.120117 -0.019974
4219.089844 -0.020234
4220.060059 -0.020120
4221.040039 -0.020169
4222.009766 -0.020467
4222.979980 -0.020760
4223.950195 -0.020996
4224.930176 -0.021083
4225.899902 -0.020743
4226.870117 -0.020075
4227.850098 -0.020047
4228.819824 -0.021203
4229.790039 -0.022592
4230.770020 -0.022970
4231.740234 -0.022332
4232.720215 -0.020912
4233.689941 -0.019497
4234.669922 -0.018901
4235.640137 -0.019032
4236.620117 -0.019116
4237.589844 -0.019166
4238.569824 -0.019238
4239.540039 -0.019144
4240.520020 -0.018953
4241.500000 -0.018930
4242.470215 -0.018765
4243.450195 -0.018532
4244.430176 -0.018534
4245.399902 -0.018533
4246.379883 -0.018116
4247.359863 -0.017730
4248.339844 -0.017682
4249.319824 -0.018136
4250.299805 -0.018524
4251.270020 -0.018684
4252.250000 -0.019339
4253.229980 -0.019875
4254.209961 -0.019704
4255.189941 -0.019219
4256.169922 -0.019220
4257.149902 -0.019770
4258.129883 -0.019963
4259.109863 -0.019414
4260.089844 -0.018439
4261.069824 -0.017717
4262.060059 -0.017667
4263.040039 -0.018289
4264.020020 -0.018817
4265.000000 -0.018849
4265.979980 -0.018723
4266.970215 -0.018589
4267.950195 -0.018509
4268.930176 -0.018601
4269.910156 -0.019017
4270.899902 -0.019145
4271.879883 -0.018834
4272.859863 -0.018919
4273.850098 -0.019534
4274.830078 -0.019863
4275.819824 -0.019864
4276.799805 -0.019975
4277.790039 -0.020093
4278.770020 -0.019962
4279.759766 -0.019327
4280.740234 -0.018538
4281.729980 -0.018003
4282.709961 -0.017941
4283.700195 -0.018208
4284.689941 -0.018434
4285.669922 -0.018572
4286.660156 -0.018928
4287.649902 -0.019454
4288.640137 -0.019523
4289.620117 -0.018684
4290.609863 -0.017734
4291.600098 -0.017774
4292.589844 -0.018743
4293.580078 -0.019468
4294.560059 -0.019345
4295.549805 -0.019057
4296.540039 -0.019169
4297.529785 -0.019491
4298.520020 -0.019626
4299.509766 -0.019348
4300.500000 -0.019019
4301.490234 -0.019319
4302.479980 -0.019916
4303.470215 -0.020460
4304.459961 -0.021008
4305.459961 -0.021557
4306.450195 -0.021768
4307.439941 -0.021528
4308.430176 -0.020930
4309.419922 -0.020395
4310.419922 -0.020513
4311.410156 -0.020736
4312.399902 -0.020109
4313.390137 -0.018683
4314.390137 -0.016741
4315.379883 -0.015223
4316.370117 -0.014565
4317.370117 -0.014462
4318.359863 -0.014175
4319.359863 -0.013532
4320.350098 -0.013091
4321.350098 -0.013146
4322.339844 -0.013795
4323.339844 -0.014510
4324.330078 -0.014560
4325.330078 -0.013823
4326.319824 -0.012972
4327.319824 -0.012981
4328.319824 -0.013599
4329.310059 -0.013551
4330.310059 -0.012318
4331.310059 -0.010550
4332.310059 -0.009151
4333.299805 -0.008382
4334.299805 -0.007876
4335.299805 -0.007483
4336.299805 -0.006982
4337.299805 -0.006033
4338.290039 -0.006145
4339.290039 -0.013449
4340.290039 -0.031040
4341.290039 -0.044920
4342.290039 -0.039010
4343.290039 -0.021054
4344.290039 -0.009096
4345.290039 -0.006141
4346.290039 -0.006258
4347.290039 -0.006805
4348.299805 -0.007522
4349.299805 -0.008457
4350.299805 -0.009286
4351.299805 -0.009136
4352.299805 -0.008798
4353.310059 -0.009416
4354.310059 -0.010952
4355.310059 -0.012341
4356.310059 -0.012960
4357.319824 -0.013231
4358.319824 -0.013168
4359.319824 -0.012603
4360.330078 -0.012254
4361.330078 -0.012335
4362.339844 -0.012769
4363.339844 -0.013222
4364.350098 -0.013490
4365.350098 -0.013419
4366.359863 -0.012921
4367.359863 -0.012320
4368.370117 -0.011762
4369.370117 -0.011814
4370.379883 -0.012444
4371.390137 -0.013241
4372.390137 -0.013886
4373.399902 -0.014058
4374.410156 -0.013606
4375.410156 -0.012942
4376.419922 -0.013053
4377.430176 -0.014135
4378.439941 -0.015242
4379.450195 -0.015779
4380.450195 -0.016077
4381.459961 -0.016452
4382.470215 -0.016483
4383.479980 -0.015435
4384.490234 -0.014115
4385.500000 -0.013928
4386.509766 -0.014917
4387.520020 -0.015723
4388.529785 -0.015704
4389.540039 -0.015198
4390.549805 -0.014637
4391.560059 -0.014406
4392.569824 -0.014482
4393.589844 -0.014587
4394.600098 -0.013889
4395.609863 -0.012905
4396.620117 -0.012760
4397.629883 -0.013310
4398.649902 -0.013683
4399.660156 -0.013202
4400.669922 -0.012535
4401.689941 -0.012743
4402.700195 -0.013897
4403.709961 -0.014781
4404.729980 -0.014556
4405.740234 -0.014209
4406.759766 -0.014486
4407.770020 -0.014725
4408.790039 -0.014205
4409.799805 -0.013418
4410.819824 -0.013130
4411.830078 -0.013215
4412.850098 -0.013369
4413.870117 -0.013166
4414.879883 -0.012223
4415.899902 -0.010947
4416.919922 -0.010355
4417.930176 -0.010522
4418.950195 -0.011018
4419.970215 -0.011673
4420.990234 -0.011979
4422.000000 -0.011740
4423.020020 -0.011330
4424.040039 -0.011237
4425.060059 -0.011629
4426.080078 -0.011783
4427.100098 -0.011655
4428.120117 -0.011500
4429.140137 -0.011445
4430.160156 -0.011328
4431.180176 -0.011260
4432.200195 -0.011548
4433.220215 -0.011922
4434.240234 -0.011682
4435.259766 -0.010954
4436.279785 -0.010657
4437.299805 -0.011205
4438.319824 -0.012006
4439.350098 -0.012513
4440.370117 -0.012318
4441.390137 -0.011540
4442.410156 -0.010327
4443.439941 -0.009172
4444.459961 -0.008869
4445.479980 -0.009428
4446.509766 -0.010123
4447.529785 -0.010191
4448.560059 -0.009975
4449.580078 -0.009778
4450.609863 -0.009730
4451.629883 -0.010020
4452.660156 -0.010754
4453.680176 -0.011384
4454.709961 -0.011315
4455.729980 -0.011050
4456.759766 -0.011383
4457.779785 -0.012239
4458.810059 -0.012844
4459.839844 -0.012774
4460.870117 -0.012453
4461.890137 -0.011995
4462.919922 -0.011644
4463.950195 -0.011699
4464.979980 -0.011716
4466.000000 -0.011322
4467.029785 -0.010731
4468.060059 -0.010012
4469.089844 -0.009233
4470.120117 -0.008866
4471.149902 -0.009662
4472.180176 -0.010873
4473.209961 -0.011066
4474.240234 -0.010237
4475.270020 -0.009498
4476.299805 -0.009180
4477.330078 -0.009142
4478.359863 -0.009377
4479.390137 -0.009233
4480.419922 -0.008139
4481.459961 -0.006778
4482.490234 -0.006270
4483.520020 -0.007031
4484.549805 -0.008420
4485.580078 -0.009324
4486.620117 -0.009691
4487.649902 -0.009436
4488.680176 -0.008744
4489.720215 -0.008130
4490.750000 -0.008038
4491.790039 -0.008716
4492.819824 -0.009688
4493.859863 -0.010101
4494.890137 -0.009816
4495.930176 -0.009368
4496.959961 -0.009339
4498.000000 -0.009646
4499.029785 -0.009828
4500.069824 -0.009500
4501.100098 -0.008498
4502.140137 -0.007488
4503.180176 -0.007298
4504.209961 -0.007811
4505.250000 -0.008147
4506.290039 -0.007831
4507.330078 -0.007217
4508.370117 -0.006633
4509.399902 -0.006493
4510.439941 -0.007013
4511.479980 -0.007579
4512.520020 -0.007903
4513.560059 -0.007912
4514.600098 -0.007667
4515.640137 -0.007591
4516.680176 -0.007711
4517.720215 -0.007742
4518.759766 -0.007593
4519.799805 -0.007484
4520.839844 -0.007584
4521.879883 -0.007651
4522.919922 -0.007481
4523.959961 -0.007468
4525.009766 -0.007979
4526.049805 -0.008738
4527.089844 -0.009219
4528.129883 -0.009435
4529.169922 -0.009558
4530.220215 -0.009782
4531.259766 -0.010268
4532.299805 -0.010730
4533.350098 -0.010612
4534.390137 -0.009726
4535.439941 -0.008664
4536.479980 -0.008520
4537.529785 -0.009283
4538.569824 -0.009869
4539.620117 -0.009488
4540.660156 -0.008540
4541.709961 -0.007764
4542.750000 -0.007724
4543.799805 -0.008096
4544.850098 -0.008237
4545.890137 -0.008159
4546.939941 -0.008336
4547.990234 -0.008439
4549.029785 -0.007880
4550.080078 -0.007089
4551.129883 -0.006997
4552.180176 -0.007588
4553.220215 -0.007655
4554.270020 -0.006925
4555.319824 -0.006027
4556.370117 -0.005660
4557.419922 -0.005977
4558.470215 -0.006360
4559.520020 -0.006408
4560.569824 -0.006323
4561.620117 -0.006594
4562.669922 -0.006910
4563.720215 -0.006607
4564.770020 -0.005838
4565.819824 -0.005516
4566.870117 -0.005847
4567.930176 -0.006503
4568.979980 -0.006919
4570.029785 -0.007011
4571.080078 -0.006561
4572.140137 -0.005948
4573.189941 -0.005762
4574.240234 -0.006140
4575.290039 -0.006604
4576.350098 -0.006655
4577.399902 -0.006721
4578.459961 -0.006975
4579.509766 -0.007012
4580.569824 -0.006806
4581.620117 -0.006617
4582.680176 -0.006621
4583.729980 -0.006518
4584.790039 -0.006347
4585.839844 -0.006323
4586.899902 -0.006395
4587.950195 -0.006642
4589.009766 -0.006763
4590.069824 -0.006744
4591.120117 -0.006549
4592.180176 -0.006109
4593.240234 -0.005971
4594.299805 -0.006370
4595.359863 -0.006801
4596.410156 -0.006994
4597.470215 -0.007105
4598.529785 -0.007305
4599.589844 -0.007383
4600.649902 -0.007188
4601.709961 -0.006899
4602.770020 -0.006782
4603.830078 -0.006829
4604.890137 -0.006788
4605.950195 -0.006454
4607.009766 -0.006155
4608.069824 -0.006110
4609.129883 -0.006279
4610.189941 -0.006196
4611.250000 -0.005808
4612.319824 -0.005328
4613.379883 -0.004924
4614.439941 -0.004789
4615.500000 -0.004932
4616.569824 -0.004923
4617.629883 -0.004737
4618.689941 -0.004490
4619.759766 -0.004261
4620.819824 -0.004126
4621.879883 -0.004511
4622.950195 -0.005068
4624.009766 -0.005295
4625.080078 -0.005284
4626.140137 -0.005182
4627.209961 -0.005086
4628.270020 -0.005095
4629.339844 -0.004862
4630.410156 -0.004586
4631.470215 -0.004918
4632.540039 -0.005422
4633.609863 -0.005570
4634.669922 -0.005438
4635.740234 -0.005572
4636.810059 -0.006012
4637.879883 -0.006253
4638.939941 -0.006288
4640.009766 -0.006464
4641.080078 -0.006758
4642.149902 -0.007195
4643.220215 -0.007554
4644.290039 -0.007638
4645.359863 -0.007606
4646.430176 -0.007306
4647.500000 -0.006844
4648.569824 -0.006671
4649.640137 -0.006745
4650.709961 -0.007040
4651.779785 -0.007192
4652.850098 -0.007110
4653.919922 -0.006854
4654.990234 -0.006366
4656.069824 -0.005711
4657.140137 -0.005498
4658.209961 -0.005977
4659.279785 -0.006640
4660.359863 -0.006871
4661.430176 -0.006619
4662.500000 -0.006194
4663.580078 -0.006010
4664.649902 -0.006358
4665.720215 -0.007048
4666.799805 -0.007176
4667.870117 -0.006658
4668.950195 -0.006443
4670.020020 -0.006815
4671.100098 -0.007343
4672.169922 -0.007623
4673.250000 -0.007425
4674.330078 -0.006961
4675.399902 -0.006777
4676.479980 -0.006983
4677.560059 -0.007269
4678.629883 -0.007247
4679.709961 -0.006894
4680.790039 -0.006693
4681.870117 -0.006707
4682.950195 -0.006895
4684.020020 -0.007265
4685.100098 -0.007696
4686.180176 -0.007801
4687.259766 -0.007599
4688.339844 -0.007152
4689.419922 -0.006819
4690.500000 -0.006640
4691.580078 -0.006488
4692.660156 -0.006341
4693.740234 -0.006447
4694.819824 -0.006688
4695.899902 -0.007004
4696.979980 -0.007298
4698.069824 -0.007130
4699.149902 -0.006676
4700.229980 -0.006664
4701.310059 -0.007019
4702.399902 -0.007109
4703.479980 -0.006833
4704.560059 -0.006660
4705.640137 -0.006974
4706.729980 -0.007069
4707.810059 -0.006583
4708.899902 -0.005974
4709.979980 -0.005745
4711.060059 -0.006028
4712.149902 -0.006524
4713.229980 -0.006544
4714.319824 -0.005959
4715.410156 -0.005303
4716.490234 -0.004999
4717.580078 -0.005044
4718.660156 -0.004989
4719.750000 -0.004725
4720.839844 -0.004458
4721.930176 -0.004201
4723.009766 -0.004008
4724.100098 -0.004095
4725.189941 -0.004564
4726.279785 -0.004984
4727.359863 -0.004994
4728.450195 -0.004660
4729.540039 -0.004653
4730.629883 -0.005006
4731.720215 -0.005253
4732.810059 -0.005480
4733.899902 -0.005670
4734.990234 -0.005794
4736.080078 -0.005515
4737.169922 -0.004897
4738.259766 -0.004487
4739.350098 -0.004515
4740.439941 -0.004450
4741.540039 -0.004017
4742.629883 -0.003750
4743.720215 -0.003707
4744.810059 -0.003566
4745.910156 -0.003405
4747.000000 -0.003306
4748.089844 -0.003373
4749.189941 -0.003467
4750.279785 -0.003440
4751.370117 -0.003631
4752.470215 -0.003763
4753.560059 -0.003732
4754.660156 -0.003688
4755.750000 -0.003673
4756.850098 -0.003789
4757.939941 -0.003801
4759.040039 -0.003951
4760.129883 -0.004323
4761.229980 -0.004567
4762.330078 -0.004411
4763.419922 -0.004023
4764.520020 -0.003990
4765.620117 -0.004156
4766.709961 -0.004317
4767.810059 -0.004629
4768.910156 -0.004850
4770.009766 -0.004994
4771.109863 -0.004849
4772.209961 -0.004267
4773.299805 -0.003717
4774.399902 -0.003705
4775.500000 -0.003899
4776.600098 -0.003864
4777.700195 -0.003743
4778.799805 -0.003721
4779.899902 -0.003646
4781.000000 -0.003611
4782.100098 -0.003838
4783.209961 -0.003985
4784.310059 -0.004061
4785.410156 -0.004201
4786.509766 -0.004162
4787.609863 -0.003997
4788.720215 -0.003846
4789.819824 -0.003679
4790.919922 -0.003470
4792.029785 -0.003278
4793.129883 -0.003164
4794.229980 -0.003200
4795.339844 -0.003298
4796.439941 -0.003156
4797.549805 -0.002789
4798.649902 -0.002388
4799.759766 -0.002037
4800.859863 -0.001991
4801.970215 -0.002221
4803.069824 -0.002591
4804.180176 -0.002766
4805.279785 -0.002569
4806.390137 -0.002335
4807.500000 -0.002374
4808.600098 -0.002596
4809.709961 -0.002778
4810.819824 -0.002778
4811.930176 -0.002739
4813.040039 -0.002631
4814.140137 -0.002585
4815.250000 -0.002451
4816.359863 -0.002352
4817.470215 -0.002228
4818.580078 -0.002060
4819.689941 -0.002040
4820.799805 -0.002070
4821.910156 -0.002076
4823.020020 -0.001893
4824.129883 -0.001377
4825.240234 -0.001169
4826.350098 -0.001712
4827.459961 -0.002450
4828.580078 -0.002563
4829.689941 -0.002361
4830.799805 -0.002272
4831.910156 -0.002301
4833.029785 -0.002129
4834.140137 -0.002118
4835.250000 -0.002238
4836.370117 -0.002191
4837.479980 -0.002054
4838.589844 -0.002040
4839.709961 -0.001842
4840.819824 -0.001622
4841.939941 -0.001572
4843.049805 -0.001561
4844.169922 -0.001452
4845.279785 -0.001281
4846.399902 -0.001210
4847.509766 -0.000868
4848.629883 -0.000002
4849.750000 0.000662
4850.859863 0.000594
4851.979980 0.000278
4853.100098 0.000211
4854.220215 0.000465
4855.330078 0.001091
4856.450195 0.001755
4857.569824 0.001528
4858.689941 -0.000120
4859.810059 -0.010113
4860.930176 -0.043531
4862.049805 -0.083938
4863.169922 -0.082939
4864.290039 -0.042097
4865.410156 -0.009928
4866.529785 -0.000473
4867.649902 0.000608
4868.770020 0.000303
4869.890137 -0.000201
4871.009766 -0.000277
4872.129883 0.000126
4873.250000 0.000127
4874.379883 -0.000553
4875.500000 -0.000987
4876.620117 -0.000859
4877.750000 -0.000559
4878.870117 -0.000532
4879.990234 -0.000974
4881.120117 -0.001364
4882.240234 -0.001355
4883.359863 -0.001235
4884.490234 -0.001419
4885.609863 -0.001579
4886.740234 -0.001644
4887.859863 -0.001975
4888.990234 -0.002494
4890.120117 -0.002532
4891.240234 -0.001799
4892.370117 -0.001133
4893.490234 -0.001213
4894.620117 -0.001687
4895.750000 -0.001752
4896.879883 -0.001485
4898.000000 -0.001191
4899.129883 -0.000763
4900.259766 -0.000291
4901.390137 -0.000125
4902.520020 -0.000345
4903.649902 -0.000500
4904.770020 -0.000520
4905.899902 -0.000957
4907.029785 -0.001639
4908.160156 -0.001788
4909.290039 -0.001371
4910.430176 -0.000859
4911.560059 -0.000539
4912.689941 -0.000713
4913.819824 -0.001247
4914.950195 -0.001752
4916.080078 -0.002254
4917.209961 -0.002667
4918.350098 -0.002494
4919.479980 -0.001802
4920.609863 -0.001234
4921.740234 -0.001391
4922.879883 -0.002081
4924.009766 -0.002208
4925.149902 -0.001418
4926.279785 -0.000988
4927.410156 -0.001236
4928.549805 -0.001288
4929.680176 -0.001215
4930.819824 -0.001157
4931.950195 -0.001025
4933.089844 -0.000703
4934.229980 -0.000134
4935.359863 -0.000116
4936.500000 -0.000967
4937.640137 -0.001599
4938.770020 -0.001261
4939.910156 -0.000754
4941.049805 -0.000973
4942.189941 -0.001473
4943.319824 -0.001496
4944.459961 -0.001119
4945.600098 -0.000643
4946.740234 -0.000079
4947.879883 0.000268
4949.020020 0.000225
4950.160156 0.000058
4951.299805 -0.000104
4952.439941 -0.000338
4953.580078 -0.000601
4954.720215 -0.001077
4955.859863 -0.001778
4957.000000 -0.003165
4958.140137 -0.011729
4959.290039 -0.030147
4960.430176 -0.038895
4961.569824 -0.025648
4962.709961 -0.009366
4963.850098 -0.003429
4965.000000 -0.002335
4966.140137 -0.001771
4967.290039 -0.001446
4968.430176 -0.001376
4969.569824 -0.001394
4970.720215 -0.001304
4971.859863 -0.001215
4973.009766 -0.001296
4974.149902 -0.001409
4975.299805 -0.001546
4976.439941 -0.001781
4977.589844 -0.001897
4978.740234 -0.002107
4979.879883 -0.002413
4981.029785 -0.002764
4982.180176 -0.002809
4983.319824 -0.002323
4984.470215 -0.002200
4985.620117 -0.002729
4986.770020 -0.003442
4987.919922 -0.003715
4989.060059 -0.003293
4990.209961 -0.002437
4991.359863 -0.001682
4992.509766 -0.001389
4993.660156 -0.001426
4994.810059 -0.001488
4995.959961 -0.001692
4997.109863 -0.002183
4998.259766 -0.002561
4999.410156 -0.002550
5000.560059 -0.002427
5001.720215 -0.002422
5002.870117 -0.003111
5004.020020 -0.004621
5005.169922 -0.012000
5006.330078 -0.046157
5007.479980 -0.100769
5008.629883 -0.109322
5009.790039 -0.059743
5010.939941 -0.018192
5012.089844 -0.006255
5013.250000 -0.003909
5014.399902 -0.003168
5015.560059 -0.003731
5016.709961 -0.004620
5017.870117 -0.004393
5019.020020 -0.003159
5020.180176 -0.002443
5021.330078 -0.002612
5022.490234 -0.002753
5023.649902 -0.002643
5024.799805 -0.002769
5025.959961 -0.002836
5027.120117 -0.002566
5028.279785 -0.001985
5029.430176 -0.001676
5030.589844 -0.001834
5031.750000 -0.001853
5032.910156 -0.001840
5034.069824 -0.002199
5035.229980 -0.002201
5036.390137 -0.001880
5037.549805 -0.001943
5038.709961 -0.002518
5039.870117 -0.002813
5041.029785 -0.002253
5042.189941 -0.001682
5043.350098 -0.001863
5044.509766 -0.002590
5045.669922 -0.003041
5046.830078 -0.003017
5048.000000 -0.002576
5049.160156 -0.001844
5050.319824 -0.001194
5051.490234 -0.001011
5052.649902 -0.001070
5053.810059 -0.001242
5054.979980 -0.001540
5056.140137 -0.001608
5057.299805 -0.001309
5058.470215 -0.000970
5059.629883 -0.000850
5060.799805 -0.000792
5061.959961 -0.001022
5063.129883 -0.001370
5064.299805 -0.001298
5065.459961 -0.000917
5066.629883 -0.000860
5067.799805 -0.001380
5068.959961 -0.001781
5070.129883 -0.001976
5071.299805 -0.002145
5072.470215 -0.001945
5073.629883 -0.001706
5074.799805 -0.001722
5075.970215 -0.001877
5077.140137 -0.002143
5078.310059 -0.002471
5079.479980 -0.002348
5080.649902 -0.001810
5081.819824 -0.001799
5082.990234 -0.002374
5084.160156 -0.002743
5085.330078 -0.002771
5086.500000 -0.002701
5087.669922 -0.002471
5088.839844 -0.001946
5090.020020 -0.001587
5091.189941 -0.001375
5092.359863 -0.001265
5093.529785 -0.001437
5094.709961 -0.001725
5095.879883 -0.001937
5097.049805 -0.001820
5098.229980 -0.001550
5099.399902 -0.001137
5100.569824 -0.001159
5101.750000 -0.001882
5102.919922 -0.002598
5104.100098 -0.002709
5105.270020 -0.002559
5106.450195 -0.002480
5107.629883 -0.002241
5108.799805 -0.001903
5109.979980 -0.001753
5111.160156 -0.001652
5112.330078 -0.001776
5113.509766 -0.001902
5114.689941 -0.001688
5115.870117 -0.001402
5117.040039 -0.001259
5118.220215 -0.001351
5119.399902 -0.001528
5120.580078 -0.001562
5121.759766 -0.001585
5122.939941 -0.001684
5124.120117 -0.001580
5125.299805 -0.001628
5126.479980 -0.002059
5127.660156 -0.002471
5128.839844 -0.002448
5130.020020 -0.002178
5131.200195 -0.002020
5132.379883 -0.001968
5133.569824 -0.001792
5134.750000 -0.001653
5135.930176 -0.001758
5137.109863 -0.001743
5138.299805 -0.001461
5139.479980 -0.001132
5140.660156 -0.001085
5141.850098 -0.001463
5143.029785 -0.001590
5144.209961 -0.001559
5145.399902 -0.001954
5146.580078 -0.002302
5147.770020 -0.002231
5148.959961 -0.002220
5150.140137 -0.002513
5151.330078 -0.002524
5152.509766 -0.002158
5153.700195 -0.001735
5154.890137 -0.001636
5156.069824 -0.001608
5157.259766 -0.001745
5158.450195 -0.002012
5159.640137 -0.002147
5160.819824 -0.002213
5162.009766 -0.002371
5163.200195 -0.002703
5164.390137 -0.003592
5165.580078 -0.004510
5166.770020 -0.004472
5167.959961 -0.003875
5169.149902 -0.004012
5170.339844 -0.005350
5171.529785 -0.006566
5172.720215 -0.006031
5173.910156 -0.005016
5175.100098 -0.005313
5176.299805 -0.006208
5177.490234 -0.006300
5178.680176 -0.005942
5179.870117 -0.005866
5181.069824 -0.005936
5182.259766 -0.005685
5183.450195 -0.004586
5184.649902 -0.003302
5185.839844 -0.003332
5187.029785 -0.004344
5188.229980 -0.004449
5189.419922 -0.003535
5190.620117 -0.002659
5191.810059 -0.001797
5193.009766 -0.000725
5194.209961 -0.000219
5195.399902 -0.000377
5196.600098 -0.000665
5197.790039 -0.001195
5198.990234 -0.002077
5200.189941 -0.002663
5201.390137 -0.002595
5202.580078 -0.002051
5203.779785 -0.001443
5204.979980 -0.001003
5206.180176 -0.000818
5207.379883 -0.001014
5208.580078 -0.001354
5209.779785 -0.001351
5210.979980 -0.001307
5212.180176 -0.001403
5213.379883 -0.001305
5214.580078 -0.000777
5215.779785 0.000255
5216.979980 0.001338
5218.180176 0.001825
5219.379883 0.001541
5220.580078 0.001026
5221.790039 0.000743
5222.990234 0.000532
5224.189941 0.000347
5225.390137 0.000672
5226.600098 0.001489
5227.799805 0.002162
5229.009766 0.001768
5230.209961 0.000756
5231.410156 0.000111
5232.620117 0.000486
5233.819824 0.001568
5235.029785 0.002512
5236.229980 0.002781
5237.439941 0.002551
5238.649902 0.002362
5239.850098 0.002380
5241.060059 0.002508
5242.270020 0.002691
5243.470215 0.002703
5244.680176 0.002432
5245.890137 0.002037
5247.100098 0.002115
5248.310059 0.002271
5249.509766 0.002171
5250.720215 0.002117
5251.930176 0.002245
5253.140137 0.002080
5254.350098 0.001987
5255.560059 0.002347
5256.770020 0.002614
5257.979980 0.002215
5259.189941 0.001710
5260.399902 0.001348
5261.620117 0.001264
5262.830078 0.001236
5264.040039 0.001278
5265.250000 0.001270
5266.459961 0.000741
5267.680176 -0.000148
5268.890137 -0.000923
5270.100098 -0.000566
5271.319824 0.000243
5272.529785 -0.000011
5273.740234 -0.000103
5274.959961 0.000836
5276.169922 0.002150
5277.390137 0.002717
5278.600098 0.002314
5279.819824 0.002098
5281.040039 0.002488
5282.250000 0.003172
5283.470215 0.003700
5284.680176 0.004123
5285.899902 0.004014
5287.120117 0.003545
5288.339844 0.003542
5289.549805 0.003913
5290.770020 0.004164
5291.990234 0.004238
5293.209961 0.004235
5294.430176 0.004081
5295.649902 0.003706
5296.870117 0.003625
5298.089844 0.003950
5299.310059 0.003960
5300.529785 0.003506
5301.750000 0.003255
5302.970215 0.003643
5304.189941 0.003979
5305.410156 0.004154
5306.629883 0.004544
5307.859863 0.005089
5309.080078 0.005420
5310.299805 0.005370
5311.520020 0.005278
5312.750000 0.005305
5313.970215 0.005333
5315.189941 0.005315
5316.419922 0.005467
5317.640137 0.005735
5318.870117 0.005491
5320.089844 0.004866
5321.319824 0.004244
5322.540039 0.003868
5323.770020 0.003571
5324.990234 0.003367
5326.220215 0.002893
5327.450195 0.002623
5328.669922 0.003263
5329.899902 0.003818
5331.129883 0.003091
5332.359863 0.002364
5333.580078 0.002547
5334.810059 0.003135
5336.040039 0.003474
5337.270020 0.003841
5338.500000 0.004105
5339.729980 0.004269
5340.959961 0.004561
5342.189941 0.004554
5343.419922 0.003954
5344.649902 0.003303
5345.879883 0.003318
5347.109863 0.003657
5348.339844 0.003970
5349.569824 0.004321
5350.799805 0.004695
5352.040039 0.004702
5353.270020 0.004780
5354.500000 0.005117
5355.729980 0.005415
5356.970215 0.005501
5358.200195 0.005574
5359.439941 0.005674
5360.669922 0.005697
5361.899902 0.005749
5363.140137 0.005834
5364.370117 0.005789
5365.609863 0.005441
5366.850098 0.004948
5368.080078 0.004346
5369.319824 0.003918
5370.549805 0.004155
5371.790039 0.004765
5373.029785 0.004830
5374.270020 0.004240
5375.500000 0.003727
5376.740234 0.003907
5377.979980 0.004478
5379.220215 0.004759
5380.459961 0.005117
5381.700195 0.005474
5382.930176 0.005573
5384.169922 0.005664
5385.410156 0.005421
5386.649902 0.004974
5387.890137 0.004697
5389.140137 0.004529
5390.379883 0.004553
5391.620117 0.004450
5392.859863 0.004197
5394.100098 0.003948
5395.339844 0.003632
5396.589844 0.003634
5397.830078 0.004057
5399.069824 0.004140
5400.310059 0.003572
5401.560059 0.003111
5402.799805 0.003005
5404.049805 0.003048
5405.290039 0.003584
5406.540039 0.004012
5407.779785 0.003731
5409.029785 0.003188
5410.270020 0.003378
5411.520020 0.003915
5412.759766 0.004009
5414.009766 0.004017
5415.259766 0.004461
5416.500000 0.004977
5417.750000 0.005216
5419.000000 0.005186
5420.250000 0.005272
5421.500000 0.005407
5422.740234 0.005335
5423.990234 0.005345
5425.240234 0.005661
5426.490234 0.005533
5427.740234 0.004721
5428.990234 0.004466
5430.240234 0.004991
5431.490234 0.005090
5432.740234 0.004533
5433.990234 0.004319
5435.240234 0.004672
5436.500000 0.005103
5437.750000 0.005047
5439.000000 0.004793
5440.250000 0.004826
5441.509766 0.004945
5442.759766 0.005058
5444.009766 0.005105
5445.270020 0.005156
5446.520020 0.005634
5447.770020 0.006026
5449.029785 0.005482
5450.279785 0.004485
5451.540039 0.003839
5452.790039 0.003790
5454.049805 0.003954
5455.310059 0.004526
5456.560059 0.005150
5457.819824 0.005030
5459.080078 0.004156
5460.330078 0.003727
5461.589844 0.004010
5462.850098 0.004564
5464.109863 0.005098
5465.359863 0.005093
5466.620117 0.004726
5467.879883 0.004573
5469.140137 0.004382
5470.399902 0.004299
5471.660156 0.004253
5472.919922 0.004183
5474.180176 0.004198
5475.439941 0.004188
5476.700195 0.004281
5477.959961 0.004506
5479.220215 0.004312
5480.490234 0.003687
5481.750000 0.003757
5483.009766 0.004281
5484.270020 0.004409
5485.540039 0.004246
5486.799805 0.004196
5488.060059 0.004543
5489.330078 0.005003
5490.589844 0.005034
5491.859863 0.004808
5493.120117 0.004752
5494.379883 0.004881
5495.649902 0.004899
5496.919922 0.004857
5498.180176 0.005044
5499.450195 0.005036
5500.709961 0.004680
5501.979980 0.004754
5503.250000 0.005089
5504.520020 0.004966
5505.779785 0.004727
5507.049805 0.004820
5508.319824 0.004872
5509.589844 0.004645
5510.859863 0.004361
5512.129883 0.004391
5513.390137 0.004606
5514.660156 0.004698
5515.930176 0.004542
5517.200195 0.004418
5518.479980 0.004380
5519.750000 0.004538
5521.020020 0.004844
5522.290039 0.005172
5523.560059 0.005301
5524.830078 0.005274
5526.100098 0.005208
5527.379883 0.005313
5528.649902 0.005528
5529.919922 0.005523
5531.200195 0.005074
5532.470215 0.004728
5533.740234 0.004834
5535.020020 0.005380
5536.290039 0.005888
5537.569824 0.005898
5538.839844 0.005632
5540.120117 0.005505
5541.390137 0.005480
5542.669922 0.005548
5543.950195 0.005852
5545.220215 0.006264
5546.500000 0.006436
5547.779785 0.006526
5549.060059 0.006503
5550.330078 0.006209
5551.609863 0.006203
5552.890137 0.006251
5554.169922 0.006390
5555.450195 0.006520
5556.729980 0.006322
5558.009766 0.005994
5559.290039 0.005871
5560.569824 0.005834
5561.850098 0.005729
5563.129883 0.005722
5564.410156 0.005740
5565.689941 0.005701
5566.970215 0.005638
5568.250000 0.005610
5569.540039 0.005566
5570.819824 0.005546
5572.100098 0.005645
5573.390137 0.005766
5574.669922 0.005857
5575.950195 0.005850
5577.240234 0.005784
5578.520020 0.005771
5579.810059 0.005713
5581.089844 0.005628
5582.379883 0.005530
5583.660156 0.005307
5584.950195 0.004981
5586.229980 0.004751
5587.520020 0.004813
5588.810059 0.005136
5590.089844 0.005148
5591.379883 0.004751
5592.669922 0.004437
5593.959961 0.004518
5595.240234 0.004860
5596.529785 0.004917
5597.819824 0.004783
5599.109863 0.005000
5600.399902 0.005382
5601.689941 0.005533
5602.979980 0.005833
5604.270020 0.006064
5605.560059 0.005851
5606.850098 0.005645
5608.140137 0.005727
5609.430176 0.006010
5610.729980 0.006261
5612.020020 0.006221
5613.310059 0.005932
5614.600098 0.005970
5615.899902 0.006400
5617.189941 0.006543
5618.479980 0.005998
5619.779785 0.005388
5621.069824 0.005214
5622.370117 0.005181
5623.660156 0.005158
5624.959961 0.005567
5626.250000 0.005893
5627.549805 0.005833
5628.839844 0.005649
5630.140137 0.005536
5631.439941 0.005521
5632.729980 0.005562
5634.029785 0.005748
5635.330078 0.005873
5636.620117 0.005992
5637.919922 0.006094
5639.220215 0.006016
5640.520020 0.005971
5641.819824 0.006136
5643.120117 0.006155
5644.419922 0.006074
5645.720215 0.006049
5647.020020 0.006048
5648.319824 0.006131
5649.620117 0.006236
5650.919922 0.006361
5652.220215 0.006386
5653.520020 0.006215
5654.819824 0.006121
5656.129883 0.006156
5657.430176 0.006180
5658.729980 0.006433
5660.029785 0.006616
5661.339844 0.006280
5662.640137 0.006003
5663.950195 0.006040
5665.250000 0.006045
5666.549805 0.006021
5667.859863 0.006216
5669.169922 0.006539
5670.470215 0.006745
5671.779785 0.006833
5673.080078 0.006770
5674.390137 0.006720
5675.700195 0.006827
5677.000000 0.006976
5678.310059 0.007111
5679.620117 0.007105
5680.930176 0.006962
5682.229980 0.006920
5683.540039 0.006934
5684.850098 0.006715
5686.160156 0.006578
5687.470215 0.006547
5688.779785 0.006726
5690.089844 0.006831
5691.399902 0.006743
5692.709961 0.006778
5694.020020 0.006852
5695.330078 0.006997
5696.640137 0.007063
5697.959961 0.007056
5699.270020 0.006922
5700.580078 0.006835
5701.890137 0.006753
5703.209961 0.006586
5704.520020 0.006346
5705.830078 0.006021
5707.149902 0.005982
5708.459961 0.006156
5709.779785 0.006319
5711.089844 0.006440
5712.410156 0.006428
5713.720215 0.006322
5715.040039 0.006358
5716.350098 0.006534
5717.669922 0.006898
5718.990234 0.007291
5720.299805 0.007638
5721.620117 0.007848
5722.939941 0.007859
5724.259766 0.007888
5725.569824 0.007936
5726.890137 0.008028
5728.209961 0.008171
5729.529785 0.008103
5730.850098 0.007901
5732.169922 0.007950
5733.490234 0.008028
5734.810059 0.007872
5736.129883 0.007799
5737.450195 0.007913
5738.770020 0.008020
5740.100098 0.008148
5741.419922 0.008215
5742.740234 0.008301
5744.060059 0.008331
5745.379883 0.008207
5746.709961 0.008002
5748.029785 0.007964
5749.350098 0.008095
5750.680176 0.007970
5752.000000 0.007721
5753.330078 0.007731
5754.649902 0.007852
5755.979980 0.007663
5757.299805 0.007334
5758.629883 0.007229
5759.959961 0.007376
5761.279785 0.007743
5762.609863 0.008167
5763.939941 0.008341
5765.259766 0.008187
5766.589844 0.007927
5767.919922 0.007908
5769.250000 0.008077
5770.580078 0.008288
5771.899902 0.008404
5773.229980 0.008365
5774.560059 0.008355
5775.890137 0.008301
5777.220215 0.007974
5778.549805 0.007640
5779.879883 0.007579
5781.209961 0.007735
5782.549805 0.007704
5783.879883 0.007399
5785.209961 0.007165
5786.540039 0.007082
5787.870117 0.006968
5789.209961 0.006971
5790.540039 0.007176
5791.870117 0.007546
5793.209961 0.007979
5794.540039 0.008178
5795.879883 0.008254
5797.209961 0.008432
5798.549805 0.008814
5799.879883 0.008974
5801.220215 0.008789
5802.549805 0.008550
5803.890137 0.008667
5805.229980 0.008862
5806.560059 0.009018
5807.899902 0.009010
5809.240234 0.008858
5810.569824 0.008702
5811.910156 0.008616
5813.250000 0.008567
5814.589844 0.008582
5815.930176 0.008743
5817.270020 0.008923
5818.609863 0.008923
5819.950195 0.008721
5821.290039 0.008622
5822.629883 0.008697
5823.970215 0.008854
5825.310059 0.009063
5826.649902 0.009097
5827.990234 0.009028
5829.339844 0.008950
5830.680176 0.008923
5832.020020 0.008961
5833.359863 0.008940
5834.709961 0.008934
5836.049805 0.009025
5837.399902 0.009009
5838.740234 0.008983
5840.080078 0.009008
5841.430176 0.009007
5842.770020 0.008973
5844.120117 0.008886
5845.470215 0.008843
5846.810059 0.008874
5848.160156 0.008868
5849.500000 0.008631
5850.850098 0.008344
5852.200195 0.008202
5853.549805 0.008226
5854.890137 0.008181
5856.240234 0.007993
5857.589844 0.007921
5858.939941 0.007984
5860.290039 0.007943
5861.640137 0.007715
5862.990234 0.007570
5864.339844 0.007616
5865.689941 0.007717
5867.040039 0.007818
5868.390137 0.007986
5869.740234 0.007962
5871.089844 0.007884
5872.450195 0.007812
5873.799805 0.007043
5875.149902 0.004398
5876.500000 0.000901
5877.859863 0.000220
5879.209961 0.003177
5880.569824 0.006126
5881.919922 0.006894
5883.270020 0.006506
5884.629883 0.005869
5885.979980 0.004957
5887.339844 0.003882
5888.700195 0.003138
5890.049805 0.002700
5891.410156 0.002143
5892.759766 0.001155
5894.120117 0.000306
5895.479980 0.000445
5896.839844 0.001175
5898.189941 0.001761
5899.549805 0.002263
5900.910156 0.003029
5902.270020 0.004013
5903.629883 0.005037
5904.990234 0.005958
5906.350098 0.006684
5907.709961 0.007143
5909.069824 0.007325
5910.430176 0.007428
5911.790039 0.007421
5913.149902 0.007475
5914.509766 0.007733
5915.879883 0.007947
5917.240234 0.007990
5918.600098 0.007825
5919.959961 0.007677
5921.330078 0.007744
5922.689941 0.007920
5924.060059 0.008004
5925.419922 0.008059
5926.779785 0.008081
5928.149902 0.008137
5929.509766 0.008281
5930.879883 0.008408
5932.250000 0.008353
5933.609863 0.008166
5934.979980 0.008237
5936.339844 0.008380
5937.709961 0.008396
5939.080078 0.008273
5940.450195 0.008215
5941.810059 0.008392
5943.180176 0.008595
5944.549805 0.008539
5945.919922 0.008433
5947.290039 0.008312
5948.660156 0.008358
5950.029785 0.008561
5951.399902 0.008545
5952.770020 0.008343
5954.140137 0.008307
5955.509766 0.008291
5956.879883 0.008306
5958.250000 0.008416
5959.629883 0.008468
5961.000000 0.008426
5962.370117 0.008411
5963.750000 0.008491
5965.120117 0.008673
5966.490234 0.008905
5967.870117 0.009018
5969.240234 0.009057
5970.620117 0.008974
5971.990234 0.008858
5973.370117 0.008864
5974.740234 0.008843
5976.120117 0.008877
5977.490234 0.008937
5978.870117 0.008850
5980.250000 0.008519
5981.620117 0.008188
5983.000000 0.008194
5984.379883 0.008462
5985.759766 0.008663
5987.140137 0.008689
5988.509766 0.008598
5989.890137 0.008596
5991.270020 0.008750
5992.649902 0.008890
5994.029785 0.008892
5995.410156 0.008822
5996.790039 0.008783
5998.169922 0.008804
5999.560059 0.008819
6000.939941 0.008690
6002.319824 0.008572
6003.700195 0.008524
6005.080078 0.008510
6006.470215 0.008512
6007.850098 0.008609
6009.229980 0.008785
6010.620117 0.008719
6012.000000 0.008494
6013.390137 0.008490
6014.770020 0.008559
6016.160156 0.008520
6017.540039 0.008441
6018.930176 0.008456
6020.310059 0.008516
6021.700195 0.008685
6023.089844 0.008805
6024.470215 0.008887
6025.859863 0.009003
6027.250000 0.009062
6028.640137 0.009181
6030.020020 0.009276
6031.410156 0.009385
6032.799805 0.009612
6034.189941 0.009753
6035.580078 0.009818
6036.970215 0.009829
6038.359863 0.009781
6039.750000 0.009858
6041.140137 0.009994
6042.529785 0.010104
6043.930176 0.010146
6045.319824 0.010103
6046.709961 0.010105
6048.100098 0.010064
6049.490234 0.010100
6050.890137 0.010145
6052.279785 0.010112
6053.669922 0.010078
6055.069824 0.010081
6056.459961 0.010069
6057.859863 0.009983
6059.250000 0.009832
6060.649902 0.009654
6062.040039 0.009532
6063.439941 0.009611
6064.839844 0.009868
6066.229980 0.010146
6067.629883 0.010301
6069.029785 0.010155
6070.419922 0.010053
6071.819824 0.010115
6073.220215 0.010213
6074.620117 0.010305
6076.020020 0.010296
6077.419922 0.010245
6078.819824 0.010205
6080.220215 0.010112
6081.620117 0.009960
6083.020020 0.009745
6084.419922 0.009659
6085.819824 0.009620
6087.220215 0.009461
6088.620117 0.009412
6090.029785 0.009422
6091.430176 0.009496
6092.830078 0.009603
6094.229980 0.009613
6095.640137 0.009551
6097.040039 0.009543
6098.439941 0.009598
6099.850098 0.009501
6101.250000 0.009499
6102.660156 0.009801
6104.060059 0.010095
6105.470215 0.009940
6106.879883 0.009533
6108.279785 0.009430
6109.689941 0.009632
6111.100098 0.009820
6112.500000 0.009954
6113.910156 0.010016
6115.319824 0.010012
6116.729980 0.009910
6118.140137 0.009720
6119.540039 0.009557
6120.950195 0.009550
6122.359863 0.009733
6123.770020 0.009731
6125.180176 0.009505
6126.589844 0.009317
6128.000000 0.009469
6129.419922 0.009719
6130.830078 0.009727
6132.240234 0.009593
6133.649902 0.009283
6135.060059 0.009171
6136.479980 0.009547
6137.890137 0.010086
6139.299805 0.010185
6140.720215 0.009845
6142.129883 0.009790
6143.549805 0.010035
6144.959961 0.010102
6146.379883 0.009963
6147.790039 0.009967
6149.209961 0.010189
6150.620117 0.010299
6152.040039 0.010080
6153.459961 0.009680
6154.870117 0.009362
6156.290039 0.009231
6157.709961 0.008953
6159.129883 0.008531
6160.540039 0.008176
6161.959961 0.008162
6163.379883 0.008304
6164.799805 0.008172
6166.220215 0.007719
6167.640137 0.007405
6169.060059 0.007590
6170.479980 0.008180
6171.899902 0.008549
6173.319824 0.008503
6174.750000 0.008490
6176.169922 0.008711
6177.589844 0.008950
6179.009766 0.009139
6180.439941 0.009207
6181.859863 0.009202
6183.279785 0.009165
6184.709961 0.009071
6186.129883 0.008920
6187.560059 0.008818
6188.979980 0.008758
6190.410156 0.008707
6191.830078 0.008819
6193.259766 0.008892
6194.680176 0.008637
6196.109863 0.008352
6197.540039 0.008353
6198.959961 0.008626
6200.390137 0.009058
6201.819824 0.009393
6203.250000 0.009407
6204.680176 0.009315
6206.100098 0.009270
6207.529785 0.009283
6208.959961 0.009152
6210.390137 0.008912
6211.819824 0.008758
6213.250000 0.008660
6214.680176 0.008649
6216.120117 0.008539
6217.549805 0.008228
6218.979980 0.007949
6220.410156 0.007934
6221.839844 0.008018
6223.279785 0.008022
6224.709961 0.007914
6226.140137 0.007837
6227.580078 0.007839
6229.009766 0.007795
6230.450195 0.008057
6231.879883 0.008421
6233.310059 0.008459
6234.750000 0.008137
6236.189941 0.007759
6237.620117 0.007704
6239.060059 0.007965
6240.500000 0.008175
6241.930176 0.008146
6243.370117 0.008043
6244.810059 0.008018
6246.250000 0.008200
6247.680176 0.008242
6249.120117 0.008042
6250.560059 0.007826
6252.000000 0.007782
6253.439941 0.007960
6254.879883 0.008005
6256.319824 0.007875
6257.759766 0.007795
6259.200195 0.007960
6260.649902 0.007989
6262.089844 0.007945
6263.529785 0.007978
6264.970215 0.008188
6266.410156 0.008555
6267.859863 0.008813
6269.299805 0.008941
6270.740234 0.009085
6272.189941 0.009188
6273.629883 0.009156
6275.080078 0.009109
6276.520020 0.009152
6277.970215 0.009158
6279.410156 0.009281
6280.859863 0.009594
6282.310059 0.009930
6283.750000 0.010112
6285.200195 0.010179
6286.649902 0.010164
6288.089844 0.010062
6289.540039 0.009876
6290.990234 0.009767
6292.439941 0.009792
6293.890137 0.009755
6295.339844 0.009512
6296.790039 0.009288
6298.240234 0.008550
6299.689941 0.006007
6301.140137 0.002596
6302.589844 0.002043
6304.040039 0.005119
6305.490234 0.008223
6306.950195 0.009349
6308.399902 0.009440
6309.850098 0.009341
6311.299805 0.009266
6312.759766 0.009128
6314.209961 0.008999
6315.669922 0.009054
6317.120117 0.009335
6318.569824 0.009598
6320.029785 0.009645
6321.479980 0.009540
6322.939941 0.009492
6324.399902 0.009611
6325.850098 0.009701
6327.310059 0.009889
6328.770020 0.010094
6330.220215 0.010250
6331.680176 0.010271
6333.140137 0.010134
6334.600098 0.010042
6336.060059 0.010231
6337.520020 0.010485
6338.979980 0.010342
6340.439941 0.009958
6341.899902 0.009780
6343.359863 0.009772
6344.819824 0.009977
6346.279785 0.010294
6347.740234 0.010355
6349.200195 0.010254
6350.660156 0.010153
6352.129883 0.010071
6353.589844 0.010029
6355.049805 0.010065
6356.520020 0.009974
6357.979980 0.009711
6359.439941 0.009497
6360.910156 0.009313
6362.370117 0.008786
6363.839844 0.007688
6365.299805 0.006911
6366.770020 0.007414
6368.229980 0.008811
6369.700195 0.009879
6371.169922 0.010380
6372.640137 0.010654
6374.100098 0.010766
6375.569824 0.010785
6377.040039 0.010829
6378.509766 0.010879
6379.979980 0.010993
6381.450195 0.011018
6382.919922 0.010930
6384.390137 0.010918
6385.859863 0.010931
6387.330078 0.010910
6388.799805 0.010854
6390.270020 0.010788
6391.740234 0.010786
6393.209961 0.010976
6394.680176 0.011155
6396.160156 0.010949
6397.629883 0.010543
6399.100098 0.010451
6400.580078 0.010894
6402.049805 0.011207
6403.520020 0.010990
6405.000000 0.010614
6406.470215 0.010571
6407.950195 0.010791
6409.430176 0.010968
6410.899902 0.010962
6412.379883 0.010928
6413.850098 0.010890
6415.330078 0.010837
6416.810059 0.010723
6418.290039 0.010651
6419.759766 0.010805
6421.240234 0.011158
6422.720215 0.011248
6424.200195 0.011041
6425.680176 0.010803
6427.160156 0.010740
6428.640137 0.010818
6430.120117 0.011032
6431.600098 0.011412
6433.080078 0.011624
6434.560059 0.011328
6436.049805 0.010986
6437.529785 0.010976
6439.009766 0.011325
6440.490234 0.011662
6441.979980 0.011575
6443.459961 0.011346
6444.939941 0.011199
6446.430176 0.011056
6447.910156 0.010982
6449.399902 0.011151
6450.879883 0.011451
6452.370117 0.011387
6453.850098 0.011030
6455.339844 0.010963
6456.830078 0.011369
6458.310059 0.011661
6459.799805 0.011473
6461.290039 0.011348
6462.779785 0.011636
6464.259766 0.012046
6465.750000 0.012008
6467.240234 0.011615
6468.729980 0.011453
6470.220215 0.011616
6471.709961 0.011931
6473.200195 0.012084
6474.689941 0.012036
6476.180176 0.011958
6477.669922 0.011854
6479.169922 0.011721
6480.660156 0.011654
6482.149902 0.011744
6483.640137 0.011907
6485.140137 0.011798
6486.629883 0.011433
6488.120117 0.011045
6489.620117 0.010844
6491.109863 0.010725
6492.609863 0.010613
6494.100098 0.010710
6495.600098 0.010997
6497.089844 0.011237
6498.589844 0.011094
6500.089844 0.010745
6501.580078 0.010522
6503.080078 0.010519
6504.580078 0.010637
6506.080078 0.010876
6507.569824 0.011172
6509.069824 0.011460
6510.569824 0.011664
6512.069824 0.011719
6513.569824 0.011656
6515.069824 0.011772
6516.569824 0.012000
6518.069824 0.012143
6519.569824 0.012206
6521.069824 0.012086
6522.580078 0.011960
6524.080078 0.011866
6525.580078 0.011937
6527.080078 0.012168
6528.589844 0.012313
6530.089844 0.012261
6531.589844 0.012186
6533.100098 0.012294
6534.600098 0.012457
6536.109863 0.012445
6537.609863 0.012443
6539.120117 0.012487
6540.620117 0.012473
6542.129883 0.012377
6543.640137 0.012195
6545.140137 0.011509
6546.649902 0.007534
6548.160156 -0.001237
6549.669922 -0.007993
6551.169922 -0.004661
6552.680176 0.004569
6554.189941 0.010154
6555.700195 0.011420
6557.209961 0.011005
6558.720215 0.008558
6560.229980 -0.005859
6561.740234 -0.067421
6563.250000 -0.180548
6564.759766 -0.238492
6566.279785 -0.163167
6567.790039 -0.051888
6569.299805 -0.000376
6570.810059 0.009466
6572.330078 0.010965
6573.839844 0.011252
6575.350098 0.011538
6576.870117 0.011660
6578.379883 0.011329
6579.899902 0.010193
6581.410156 0.003142
6582.930176 -0.018611
6584.439941 -0.045442
6585.959961 -0.047436
6587.479980 -0.021442
6588.990234 0.002582
6590.509766 0.010770
6592.029785 0.011760
6593.549805 0.011997
6595.060059 0.012072
6596.580078 0.011774
6598.100098 0.011460
6599.620117 0.011421
6601.140137 0.011469
6602.660156 0.011390
6604.180176 0.011384
6605.700195 0.011565
6607.220215 0.011699
6608.750000 0.011806
6610.270020 0.011883
6611.790039 0.011804
6613.310059 0.011735
6614.839844 0.011758
6616.359863 0.011777
6617.879883 0.011846
6619.410156 0.011862
6620.930176 0.011873
6622.459961 0.011779
6623.979980 0.011753
6625.509766 0.011833
6627.029785 0.011739
6628.560059 0.011513
6630.080078 0.011261
6631.609863 0.011139
6633.140137 0.011200
6634.669922 0.011315
6636.189941 0.011324
6637.720215 0.011181
6639.250000 0.011082
6640.779785 0.011103
6642.310059 0.011203
6643.839844 0.011377
6645.370117 0.011566
6646.899902 0.011524
6648.430176 0.011407
6649.959961 0.011324
6651.490234 0.011291
6653.020020 0.011306
6654.560059 0.011303
6656.089844 0.011249
6657.620117 0.011138
6659.149902 0.010980
6660.689941 0.010898
6662.220215 0.010882
6663.759766 0.010965
6665.290039 0.011016
6666.830078 0.010892
6668.359863 0.010757
6669.899902 0.010761
6671.430176 0.010802
6672.970215 0.010833
6674.509766 0.010839
6676.040039 0.010658
6677.580078 0.010105
6679.120117 0.009388
6680.660156 0.009294
6682.189941 0.009919
6683.729980 0.010526
6685.270020 0.010730
6686.810059 0.010828
6688.350098 0.010925
6689.890137 0.010977
6691.430176 0.010972
6692.970215 0.010850
6694.509766 0.010777
6696.060059 0.010765
6697.600098 0.010781
6699.140137 0.010798
6700.680176 0.010691
6702.229980 0.010630
6703.770020 0.010746
6705.310059 0.010961
6706.859863 0.011036
6708.399902 0.010987
6709.950195 0.010924
6711.490234 0.010727
6713.040039 0.009957
6714.580078 0.004525
6716.129883 -0.012343
6717.680176 -0.031178
6719.220215 -0.029390
6720.770020 -0.009259
6722.319824 0.005975
6723.870117 0.010057
6725.419922 0.010520
6726.959961 0.010432
6728.509766 0.008274
6730.060059 -0.001236
6731.609863 -0.015990
6733.160156 -0.019984
6734.709961 -0.007675
6736.259766 0.005621
6737.810059 0.010320
6739.370117 0.010887
6740.919922 0.011022
6742.470215 0.010944
6744.020020 0.010875
6745.580078 0.010757
6747.129883 0.010632
6748.680176 0.010628
6750.240234 0.010669
6751.790039 0.010761
6753.350098 0.010834
6754.899902 0.010862
6756.459961 0.010918
6758.009766 0.010947
6759.569824 0.010999
6761.129883 0.011098
6762.680176 0.011085
6764.240234 0.011068
6765.799805 0.011086
6767.359863 0.011151
6768.919922 0.011241
6770.470215 0.011222
6772.029785 0.011199
6773.589844 0.011282
6775.149902 0.011358
6776.709961 0.011322
6778.270020 0.011282
6779.830078 0.011256
6781.399902 0.011227
6782.959961 0.011193
6784.520020 0.011217
6786.080078 0.011239
6787.640137 0.011096
6789.209961 0.010941
6790.770020 0.010924
6792.330078 0.010966
6793.899902 0.011078
6795.459961 0.011202
6797.029785 0.011210
6798.589844 0.011178
6800.160156 0.011095
6801.729980 0.011131
6803.290039 0.011177
6804.859863 0.011278
6806.430176 0.011401
6807.990234 0.011444
6809.560059 0.011449
6811.129883 0.011434
6812.700195 0.011359
6814.270020 0.011333
6815.839844 0.011399
6817.399902 0.011408
6818.970215 0.011412
6820.540039 0.011500
6822.120117 0.011570
6823.689941 0.011592
6825.259766 0.011500
6826.830078 0.011526
6828.399902 0.011692
6829.970215 0.011845
6831.549805 0.011800
6833.120117 0.011633
6834.689941 0.011542
6836.270020 0.011447
6837.839844 0.011336
6839.419922 0.011329
6840.990234 0.011467
6842.569824 0.011617
6844.140137 0.011595
6845.720215 0.011422
6847.299805 0.011303
6848.870117 0.011325
6850.450195 0.011395
6852.029785 0.011440
6853.600098 0.011477
6855.180176 0.011463
6856.759766 0.011544
6858.339844 0.011579
6859.919922 0.011462
6861.500000 0.011459
6863.080078 0.011598
6864.660156 0.011618
6866.240234 0.011549
6867.819824 0.011512
6869.399902 0.011607
6870.990234 0.011706
6872.569824 0.011809
6874.149902 0.011909
6875.729980 0.011936
6877.319824 0.011837
6878.899902 0.011778
6880.490234 0.011770
6882.069824 0.011850
6883.649902 0.011999
6885.240234 0.012049
6886.830078 0.012076
6888.410156 0.012092
6890.000000 0.012165
6891.580078 0.012192
6893.169922 0.012209
6894.759766 0.012328
6896.350098 0.012373
6897.930176 0.012448
6899.520020 0.012536
6901.109863 0.012559
6902.700195 0.012557
6904.290039 0.012518
6905.879883 0.012393
6907.470215 0.012385
6909.060059 0.012392
6910.649902 0.012343
6912.240234 0.012401
6913.839844 0.012497
6915.430176 0.012594
6917.020020 0.012594
6918.609863 0.012496
6920.209961 0.012324
6921.799805 0.012160
6923.390137 0.012147
6924.990234 0.012280
6926.580078 0.012445
6928.180176 0.012466
6929.770020 0.012280
6931.370117 0.012216
6932.970215 0.012374
6934.560059 0.012530
6936.160156 0.012548
6937.759766 0.012502
6939.350098 0.012532
6940.950195 0.012502
6942.549805 0.012456
6944.149902 0.012542
6945.750000 0.012802
6947.350098 0.012815
6948.950195 0.012590
6950.549805 0.012447
6952.149902 0.012550
6953.750000 0.012696
6955.350098 0.012780
6956.950195 0.012740
6958.560059 0.012633
6960.160156 0.012659
6961.759766 0.012741
6963.359863 0.012754
6964.970215 0.012805
6966.569824 0.012888
6968.180176 0.012901
6969.779785 0.012884
6971.390137 0.012852
6972.990234 0.012787
6974.600098 0.012606
6976.200195 0.012530
6977.810059 0.012728
6979.419922 0.012961
6981.020020 0.013001
6982.629883 0.012794
6984.240234 0.012572
6985.850098 0.012535
6987.459961 0.012727
6989.060059 0.013001
6990.669922 0.013179
6992.279785 0.013205
6993.890137 0.013139
6995.509766 0.013004
6997.120117 0.012960
6998.729980 0.012931
7000.339844 0.012978
7001.950195 0.013040
7003.560059 0.012928
7005.180176 0.012837
7006.790039 0.012886
7008.399902 0.012843
7010.020020 0.012691
7011.629883 0.012608
7013.250000 0.012628
7014.859863 0.012702
7016.479980 0.012905
7018.089844 0.013093
7019.709961 0.012964
7021.330078 0.012621
7022.939941 0.012600
7024.560059 0.012932
7026.180176 0.013101
7027.790039 0.013030
7029.410156 0.012931
7031.029785 0.012920
7032.649902 0.013044
7034.270020 0.013157
7035.890137 0.013196
7037.509766 0.013357
7039.129883 0.013613
7040.750000 0.013691
7042.370117 0.013608
7044.000000 0.013521
7045.620117 0.013667
7047.240234 0.013829
7048.859863 0.013689
7050.490234 0.013337
7052.109863 0.013136
7053.729980 0.013097
7055.359863 0.012893
7056.979980 0.012463
7058.609863 0.011931
7060.229980 0.011665
7061.859863 0.011613
7063.490234 0.011309
7065.109863 0.010700
7066.740234 0.010319
7068.370117 0.010731
7069.990234 0.011451
7071.620117 0.011684
7073.250000 0.011645
7074.879883 0.011721
7076.509766 0.011872
7078.140137 0.011967
7079.770020 0.011905
7081.399902 0.011711
7083.029785 0.011550
7084.660156 0.011518
7086.290039 0.011488
7087.919922 0.011252
7089.560059 0.010993
7091.189941 0.010879
7092.819824 0.010789
7094.459961 0.010694
7096.089844 0.010667
7097.720215 0.010701
7099.359863 0.010677
7100.990234 0.010706
7102.629883 0.010753
7104.259766 0.010819
7105.899902 0.010810
7107.540039 0.010733
7109.169922 0.010727
7110.810059 0.010829
7112.450195 0.010999
7114.089844 0.010986
7115.720215 0.010905
7117.359863 0.010807
7119.000000 0.010805
7120.640137 0.010848
7122.279785 0.010798
7123.919922 0.010668
7125.560059 0.010485
7127.200195 0.010344
7128.839844 0.010246
7130.490234 0.010180
7132.129883 0.010278
7133.770020 0.009904
7135.410156 0.008236
7137.060059 0.006240
7138.700195 0.006396
7140.339844 0.008478
7141.990234 0.009876
7143.629883 0.010143
7145.279785 0.010091
7146.919922 0.010185
7148.569824 0.010408
7150.209961 0.010598
7151.859863 0.010551
7153.509766 0.010355
7155.160156 0.010298
7156.799805 0.010328
7158.450195 0.010378
7160.100098 0.010489
7161.750000 0.010522
7163.399902 0.010524
7165.049805 0.010722
7166.700195 0.010962
7168.350098 0.010865
7170.000000 0.010707
7171.649902 0.010748
7173.299805 0.010804
7174.950195 0.010896
7176.609863 0.011021
7178.259766 0.011045
7179.910156 0.011031
7181.560059 0.011090
7183.220215 0.011075
7184.870117 0.010789
7186.529785 0.010569
7188.180176 0.010837
7189.839844 0.011072
7191.490234 0.010871
7193.149902 0.010666
7194.810059 0.010609
7196.459961 0.010627
7198.120117 0.010739
7199.779785 0.010806
7201.439941 0.010872
7203.089844 0.010926
7204.750000 0.010840
7206.410156 0.010784
7208.069824 0.011014
7209.729980 0.011244
7211.390137 0.011041
7213.049805 0.010815
7214.709961 0.010907
7216.379883 0.011155
7218.040039 0.011315
7219.700195 0.011260
7221.359863 0.011356
7223.020020 0.011666
7224.689941 0.011861
7226.350098 0.011862
7228.020020 0.011829
7229.680176 0.011814
7231.350098 0.011870
7233.009766 0.011805
7234.680176 0.011754
7236.339844 0.011873
7238.009766 0.012024
7239.680176 0.012067
7241.339844 0.012054
7243.009766 0.012064
7244.680176 0.012159
7246.350098 0.012311
7248.020020 0.012274
7249.680176 0.012031
7251.350098 0.012022
7253.020020 0.012275
7254.689941 0.012384
7256.359863 0.012234
7258.040039 0.012059
7259.709961 0.012045
7261.379883 0.012274
7263.049805 0.012589
7264.720215 0.012623
7266.399902 0.012407
7268.069824 0.012294
7269.740234 0.012293
7271.419922 0.012391
7273.089844 0.012524
7274.770020 0.012561
7276.439941 0.012451
7278.120117 0.012319
7279.790039 0.012237
7281.470215 0.012114
7283.149902 0.012095
7284.819824 0.012242
7286.500000 0.012167
7288.180176 0.012062
7289.859863 0.012057
7291.540039 0.012173
7293.220215 0.012342
7294.899902 0.012418
7296.580078 0.012323
7298.259766 0.012262
7299.939941 0.012496
7301.620117 0.012837
7303.299805 0.013020
7304.979980 0.012978
7306.660156 0.012967
7308.350098 0.013092
7310.029785 0.013305
7311.709961 0.013335
7313.399902 0.013283
7315.080078 0.013193
7316.759766 0.013073
7318.450195 0.012900
7320.129883 0.012222
7321.819824 0.011622
7323.509766 0.011939
7325.189941 0.012785
7326.879883 0.013324
7328.569824 0.013156
7330.250000 0.012448
7331.939941 0.012032
7333.629883 0.012507
7335.319824 0.013344
7337.009766 0.013714
7338.700195 0.013780
7340.390137 0.013831
7342.080078 0.013880
7343.770020 0.013978
7345.459961 0.014180
7347.149902 0.014214
7348.839844 0.013887
7350.540039 0.013707
7352.229980 0.013720
7353.919922 0.013727
7355.620117 0.013720
7357.310059 0.013859
7359.000000 0.013797
7360.700195 0.013423
7362.390137 0.013288
7364.089844 0.013541
7365.790039 0.013836
7367.479980 0.013953
7369.180176 0.014015
7370.879883 0.014228
7372.569824 0.014371
7374.270020 0.014468
7375.970215 0.014558
7377.669922 0.014496
7379.370117 0.014250
7381.069824 0.014128
7382.770020 0.014274
7384.470215 0.014410
7386.169922 0.014443
7387.870117 0.014383
7389.569824 0.014407
7391.270020 0.014365
7392.970215 0.014325
7394.669922 0.014291
7396.379883 0.014293
7398.080078 0.014365
7399.779785 0.014561
7401.490234 0.014870
7403.189941 0.014868
7404.899902 0.014690
7406.600098 0.014652
7408.310059 0.014713
7410.020020 0.014725
7411.720215 0.014683
7413.430176 0.014451
7415.140137 0.014345
7416.839844 0.014489
7418.549805 0.014512
7420.259766 0.014369
7421.970215 0.014406
7423.680176 0.014631
7425.390137 0.014889
7427.100098 0.014829
7428.810059 0.014669
7430.520020 0.014909
7432.229980 0.015236
7433.939941 0.015328
7435.649902 0.015215
7437.359863 0.015027
7439.080078 0.014968
7440.790039 0.015100
7442.500000 0.015099
7444.220215 0.015011
7445.930176 0.015076
7447.649902 0.015248
7449.359863 0.015306
7451.080078 0.015213
7452.790039 0.015179
7454.509766 0.015170
7456.229980 0.015114
7457.939941 0.015094
7459.660156 0.015096
7461.379883 0.015215
7463.100098 0.015463
7464.819824 0.015518
7466.529785 0.015205
7468.250000 0.014896
7469.970215 0.014859
7471.689941 0.015036
7473.410156 0.015298
7475.140137 0.015402
7476.859863 0.015347
7478.580078 0.015317
7480.299805 0.015357
7482.020020 0.015481
7483.750000 0.015648
7485.470215 0.015695
7487.189941 0.015469
7488.919922 0.015240
7490.640137 0.015244
7492.370117 0.015276
7494.089844 0.015407
7495.819824 0.015564
7497.540039 0.015498
7499.270020 0.015276
7501.000000 0.015077
7502.729980 0.015132
7504.450195 0.015249
7506.180176 0.015405
7507.910156 0.015520
7509.640137 0.015645
7511.370117 0.015818
7513.100098 0.015898
7514.830078 0.015841
7516.560059 0.015790
7518.290039 0.015733
7520.020020 0.015675
7521.750000 0.015716
7523.490234 0.015893
7525.220215 0.016054
7526.950195 0.016013
7528.680176 0.015827
7530.419922 0.015756
7532.149902 0.015975
7533.890137 0.016120
7535.620117 0.016095
7537.359863 0.015986
7539.089844 0.016050
7540.830078 0.016231
7542.569824 0.016301
7544.299805 0.016206
7546.040039 0.016204
7547.779785 0.016347
7549.520020 0.016306
7551.250000 0.016121
7552.990234 0.016015
7554.729980 0.016104
7556.470215 0.016221
7558.209961 0.016213
7559.950195 0.016152
7561.689941 0.016154
7563.439941 0.016184
7565.180176 0.016167
7566.919922 0.016134
7568.660156 0.016214
7570.399902 0.016295
7572.149902 0.016313
7573.890137 0.016295
7575.640137 0.016290
7577.379883 0.016262
7579.120117 0.016134
7580.870117 0.015997
7582.620117 0.015879
7584.359863 0.015879
7586.109863 0.015832
7587.859863 0.015636
7589.600098 0.015305
7591.350098 0.015060
7593.100098 0.014882
7594.850098 0.014668
7596.600098 0.014528
7598.350098 0.014487
7600.100098 0.014513
7601.850098 0.014532
7603.600098 0.014532
7605.350098 0.014452
7607.100098 0.014465
7608.850098 0.014483
7610.600098 0.014459
7612.359863 0.014452
7614.109863 0.014425
7615.859863 0.014382
7617.620117 0.014475
7619.370117 0.014782
7621.120117 0.014844
7622.879883 0.014653
7624.640137 0.014469
7626.390137 0.014457
7628.149902 0.014539
7629.899902 0.014729
7631.660156 0.014713
7633.419922 0.014521
7635.180176 0.014505
7636.930176 0.014512
7638.689941 0.014581
7640.450195 0.014614
7642.209961 0.014647
7643.970215 0.014591
7645.729980 0.014570
7647.490234 0.014608
7649.250000 0.014608
7651.020020 0.014519
7652.779785 0.014350
7654.540039 0.014186
7656.299805 0.013971
7658.069824 0.013729
7659.830078 0.013534
7661.589844 0.013278
7663.359863 0.013085
7665.120117 0.013180
7666.890137 0.013291
7668.649902 0.012994
7670.419922 0.012817
7672.189941 0.013020
7673.950195 0.013289
7675.720215 0.013555
7677.490234 0.013667
7679.250000 0.013693
7681.020020 0.013835
7682.790039 0.013945
7684.560059 0.013897
7686.330078 0.013821
7688.100098 0.013743
7689.870117 0.013756
7691.640137 0.013832
7693.410156 0.013738
7695.189941 0.013558
7696.959961 0.013509
7698.729980 0.013655
7700.500000 0.013822
7702.279785 0.013673
7704.049805 0.013512
7705.819824 0.013466
7707.600098 0.013472
7709.370117 0.013476
7711.149902 0.013528
7712.919922 0.013622
7714.700195 0.013723
7716.479980 0.013741
7718.250000 0.013588
7720.029785 0.013338
7721.810059 0.013332
7723.589844 0.013586
7725.370117 0.013788
7727.149902 0.013853
7728.919922 0.013955
7730.700195 0.014069
7732.479980 0.014129
7734.270020 0.014175
7736.049805 0.014193
7737.830078 0.014243
7739.609863 0.014236
7741.390137 0.014125
7743.180176 0.014098
7744.959961 0.014005
7746.740234 0.013879
7748.529785 0.013850
7750.310059 0.013695
7752.089844 0.013120
7753.879883 0.012762
7755.669922 0.013071
7757.450195 0.013484
7759.240234 0.013715
7761.020020 0.013936
7762.810059 0.014016
7764.600098 0.014049
7766.390137 0.014125
7768.180176 0.014162
7769.970215 0.014259
7771.750000 0.014359
7773.540039 0.014650
7775.330078 0.014939
7777.120117 0.014830
7778.919922 0.014521
7780.709961 0.014360
7782.500000 0.014335
7784.290039 0.014217
7786.080078 0.014019
7787.879883 0.013965
7789.669922 0.014120
7791.459961 0.014218
7793.259766 0.014043
7795.049805 0.013984
7796.850098 0.014015
7798.640137 0.014107
7800.439941 0.014198
7802.240234 0.014163
7804.029785 0.014046
7805.830078 0.014045
7807.629883 0.014157
7809.430176 0.014342
7811.220215 0.014435
7813.020020 0.014497
7814.819824 0.014454
7816.620117 0.014477
7818.419922 0.014515
7820.220215 0.014609
7822.020020 0.014714
7823.819824 0.014775
7825.629883 0.014646
7827.430176 0.014487
7829.229980 0.014423
7831.029785 0.014213
7832.839844 0.014141
7834.640137 0.014127
7836.439941 0.014022
7838.250000 0.013890
7840.049805 0.013791
7841.859863 0.013905
7843.669922 0.014128
7845.470215 0.014243
7847.279785 0.014220
7849.089844 0.014209
7850.890137 0.014363
7852.700195 0.014500
7854.509766 0.014375
7856.319824 0.014324
7858.129883 0.014334
7859.939941 0.014362
7861.750000 0.014438
7863.560059 0.014534
7865.370117 0.014543
7867.180176 0.014437
7868.990234 0.014328
7870.799805 0.014352
7872.620117 0.014341
7874.430176 0.014232
7876.240234 0.014175
7878.060059 0.014152
7879.870117 0.014116
7881.689941 0.014149
7883.500000 0.014162
7885.319824 0.014165
7887.129883 0.014197
7888.950195 0.014131
7890.759766 0.014041
7892.580078 0.014030
7894.399902 0.014079
7896.220215 0.014231
7898.040039 0.014238
7899.850098 0.014162
7901.669922 0.014032
7903.490234 0.013916
7905.310059 0.013817
7907.129883 0.013706
7908.950195 0.013763
7910.779785 0.013791
7912.600098 0.013709
7914.419922 0.013609
7916.240234 0.013562
7918.069824 0.013496
7919.890137 0.013543
7921.709961 0.013541
7923.540039 0.013545
7925.359863 0.013535
7927.189941 0.013597
7929.009766 0.013602
7930.839844 0.013559
7932.660156 0.013643
7934.490234 0.013598
7936.319824 0.013453
7938.149902 0.013457
7939.970215 0.013492
7941.799805 0.013369
7943.629883 0.013269
7945.459961 0.013454
7947.290039 0.013661
7949.120117 0.013589
7950.950195 0.013519
7952.779785 0.013510
7954.609863 0.013652
7956.450195 0.013860
7958.279785 0.014046
7960.109863 0.014129
7961.939941 0.014087
7963.779785 0.014188
7965.609863 0.014330
7967.450195 0.014392
7969.279785 0.014370
7971.120117 0.014376
7972.950195 0.014444
7974.790039 0.014381
7976.620117 0.014310
7978.459961 0.014347
7980.299805 0.014486
7982.140137 0.014488
7983.970215 0.014348
7985.810059 0.014240
7987.649902 0.014358
7989.490234 0.014425
7991.330078 0.014182
7993.169922 0.014038
7995.009766 0.014151
7996.850098 0.014221
7998.689941 0.014163
8000.540039 0.014247
8002.379883 0.014235
8004.220215 0.014157
8006.060059 0.014197
8007.910156 0.014324
8009.750000 0.014457
8011.600098 0.014677
8013.439941 0.014787
8015.290039 0.014799
8017.129883 0.014846
8018.979980 0.014816
8020.830078 0.014747
8022.669922 0.014649
8024.520020 0.014518
8026.370117 0.014583
8028.220215 0.014810
8030.069824 0.014847
8031.910156 0.014634
8033.759766 0.014541
8035.609863 0.014717
8037.459961 0.014968
8039.319824 0.015026
8041.169922 0.014847
8043.020020 0.014807
8044.870117 0.014771
8046.720215 0.014836
8048.580078 0.014883
8050.430176 0.014746
8052.279785 0.014641
8054.140137 0.014675
8055.990234 0.014847
8057.850098 0.014966
8059.700195 0.015012
8061.560059 0.015156
8063.419922 0.015195
8065.270020 0.015077
8067.129883 0.014813
8068.990234 0.014766
8070.850098 0.014912
8072.709961 0.014897
8074.560059 0.014711
8076.419922 0.014663
8078.279785 0.014651
8080.140137 0.014605
8082.000000 0.014718
8083.870117 0.014829
8085.729980 0.014800
8087.589844 0.014824
8089.450195 0.014647
8091.310059 0.014411
8093.180176 0.014563
8095.040039 0.014629
8096.910156 0.014471
8098.770020 0.014270
8100.640137 0.014324
8102.500000 0.014488
8104.370117 0.014591
8106.229980 0.014699
8108.100098 0.014836
8109.970215 0.014892
8111.830078 0.014843
8113.700195 0.014661
8115.569824 0.014710
8117.439941 0.014915
8119.310059 0.014998
8121.180176 0.014913
8123.049805 0.014889
8124.919922 0.015060
8126.790039 0.015158
8128.660156 0.015181
8130.529785 0.015337
8132.410156 0.015460
8134.279785 0.015546
8136.149902 0.015446
8138.029785 0.015355
8139.899902 0.015401
8141.770020 0.015409
8143.649902 0.015492
8145.520020 0.015525
8147.399902 0.015483
8149.279785 0.015521
8151.149902 0.015535
8153.029785 0.015473
8154.910156 0.015484
8156.790039 0.015513
8158.660156 0.015404
8160.540039 0.015437
8162.419922 0.015682
8164.299805 0.015711
8166.180176 0.015579
8168.060059 0.015571
8169.939941 0.015652
8171.830078 0.015757
8173.709961 0.015808
8175.589844 0.015800
8177.470215 0.015676
8179.359863 0.015427
8181.240234 0.015184
8183.120117 0.015034
8185.009766 0.015001
8186.890137 0.014866
8188.779785 0.014622
8190.660156 0.014320
8192.549805 0.014107
8194.440430 0.014274
8196.320312 0.014705
8198.209961 0.014584
8200.099609 0.014245
8201.990234 0.014186
8203.879883 0.014338
8205.759766 0.014553
8207.660156 0.014618
8209.540039 0.014418
8211.440430 0.014273
8213.330078 0.014338
8215.219727 0.014554
8217.110352 0.014327
8219.000000 0.014168
8220.889648 0.014481
8222.790039 0.014841
8224.679688 0.014804
8226.580078 0.014708
8228.469727 0.014934
8230.360352 0.015135
8232.259766 0.015237
8234.160156 0.015356
8236.049805 0.015331
8237.950195 0.015201
8239.849609 0.015255
8241.740234 0.015245
8243.639648 0.015221
8245.540039 0.015064
8247.440430 0.015225
8249.339844 0.015356
8251.240234 0.015343
8253.139648 0.015147
8255.040039 0.015032
8256.940430 0.015068
8258.839844 0.015037
8260.740234 0.014916
8262.639648 0.014966
8264.549805 0.015157
8266.450195 0.015273
8268.349609 0.015258
8270.259766 0.015103
8272.160156 0.014986
8274.070312 0.014937
8275.969727 0.014939
8277.879883 0.014913
8279.790039 0.014855
8281.690430 0.014824
8283.599609 0.014788
8285.509766 0.014620
8287.419922 0.014374
8289.320312 0.014349
8291.230469 0.014374
8293.139648 0.014170
8295.049805 0.014228
8296.959961 0.014355
8298.870117 0.014265
8300.780273 0.014056
8302.700195 0.013865
8304.610352 0.013739
8306.519531 0.013668
8308.429688 0.013612
8310.349609 0.013678
8312.259766 0.013697
8314.169922 0.013796
8316.089844 0.013809
8318.000000 0.013979
8319.919922 0.014093
8321.830078 0.013952
8323.750000 0.013930
8325.669922 0.013925
8327.580078 0.014047
8329.500000 0.014007
8331.419922 0.013789
8333.339844 0.013745
8335.259766 0.013753
8337.179688 0.013742
8339.099609 0.013682
8341.019531 0.013622
8342.940430 0.013618
8344.860352 0.013545
8346.780273 0.013581
8348.700195 0.013669
