3450.000000 -0.017422
3450.790039 -0.019136
3451.590088 -0.018691
3452.379883 -0.019374
3453.179932 -0.019151
3453.969971 -0.018646
3454.770020 -0.019726
3455.570068 -0.018423
3456.360107 -0.019253
3457.159912 -0.021510
3457.949951 -0.020151
3458.750000 -0.019872
3459.550049 -0.019508
3460.340088 -0.018046
3461.139893 -0.018593
3461.939941 -0.018110
3462.729980 -0.016775
3463.530029 -0.018664
3464.330078 -0.020321
3465.129883 -0.022312
3465.919922 -0.020183
3466.719971 -0.019764
3467.520020 -0.022773
3468.320068 -0.023487
3469.120117 -0.023005
3469.919922 -0.021998
3470.719971 -0.020871
3471.520020 -0.021032
3472.310059 -0.021165
3473.110107 -0.021589
3473.909912 -0.021475
3474.709961 -0.020022
3475.510010 -0.020846
3476.310059 -0.021099
3477.120117 -0.019732
3477.919922 -0.020022
3478.719971 -0.021532
3479.520020 -0.021991
3480.320068 -0.020236
3481.120117 -0.020224
3481.919922 -0.022227
3482.719971 -0.022098
3483.530029 -0.021232
3484.330078 -0.021148
3485.129883 -0.021858
3485.929932 -0.023545
3486.739990 -0.021716
3487.540039 -0.021122
3488.340088 -0.022494
3489.149902 -0.021920
3489.949951 -0.022188
3490.750000 -0.019962
3491.560059 -0.021796
3492.360107 -0.023377
3493.169922 -0.018557
3493.969971 -0.019877
3494.770020 -0.024300
3495.580078 -0.022415
3496.379883 -0.021549
3497.189941 -0.020914
3497.989990 -0.020081
3498.800049 -0.022210
3499.610107 -0.022302
3500.409912 -0.022104
3501.219971 -0.022773
3502.020020 -0.022118
3502.830078 -0.024148
3503.639893 -0.025577
3504.439941 -0.023080
3505.250000 -0.022807
3506.060059 -0.024156
3506.870117 -0.026388
3507.669922 -0.026623
3508.479980 -0.025335
3509.290039 -0.023407
3510.100098 -0.022379
3510.909912 -0.021703
3511.709961 -0.020962
3512.520020 -0.021115
3513.330078 -0.019575
3514.139893 -0.019450
3514.949951 -0.020072
3515.760010 -0.020603
3516.570068 -0.019037
3517.379883 -0.019317
3518.189941 -0.019146
3519.000000 -0.020993
3519.810059 -0.022343
3520.620117 -0.018998
3521.429932 -0.018580
3522.239990 -0.019157
3523.050049 -0.017245
3523.860107 -0.015328
3524.679932 -0.015300
3525.489990 -0.015229
3526.300049 -0.014829
3527.110107 -0.014055
3527.919922 -0.015149
3528.739990 -0.016089
3529.550049 -0.015950
3530.360107 -0.016432
3531.169922 -0.018941
3531.989990 -0.020081
3532.800049 -0.018961
3533.610107 -0.020150
3534.429932 -0.019887
3535.239990 -0.019379
3536.060059 -0.021163
3536.870117 -0.021878
3537.679932 -0.021129
3538.500000 -0.020543
3539.310059 -0.021372
3540.129883 -0.022517
3540.939941 -0.020382
3541.760010 -0.018015
3542.580078 -0.018636
3543.389893 -0.019511
3544.209961 -0.019514
3545.020020 -0.017574
3545.840088 -0.017869
3546.659912 -0.020597
3547.469971 -0.018640
3548.290039 -0.016369
3549.110107 -0.018000
3549.919922 -0.018240
3550.739990 -0.015969
3551.560059 -0.015716
3552.379883 -0.016721
3553.199951 -0.014946
3554.010010 -0.014853
3554.830078 -0.015438
3555.649902 -0.014403
3556.469971 -0.016078
3557.290039 -0.014910
3558.110107 -0.012269
3558.929932 -0.013167
3559.750000 -0.013635
3560.570068 -0.014411
3561.389893 -0.010448
3562.209961 -0.009664
3563.030029 -0.011118
3563.850098 -0.011915
3564.669922 -0.012069
3565.489990 -0.011454
3566.310059 -0.010264
3567.129883 -0.009131
3567.949951 -0.009193
3568.770020 -0.008300
3569.600098 -0.007871
3570.419922 -0.007703
3571.239990 -0.006739
3572.060059 -0.009761
3572.889893 -0.010276
3573.709961 -0.010820
3574.530029 -0.009586
3575.350098 -0.008245
3576.179932 -0.006753
3577.000000 -0.007122
3577.820068 -0.007747
3578.649902 -0.006647
3579.469971 -0.005674
3580.300049 -0.005426
3581.120117 -0.005061
3581.949951 -0.003089
3582.770020 -0.002079
3583.600098 -0.002533
3584.419922 -0.003002
3585.250000 -0.002712
3586.070068 -0.001761
3586.899902 -0.001872
3587.719971 -0.003354
3588.550049 -0.004436
3589.379883 -0.004454
3590.199951 -0.003536
3591.030029 -0.005748
3591.860107 -0.007746
3592.679932 -0.008236
3593.510010 -0.010135
3594.340088 -0.010817
3595.169922 -0.010646
3596.000000 -0.010721
3596.820068 -0.011374
3597.649902 -0.011648
3598.479980 -0.012157
3599.310059 -0.013361
3600.139893 -0.012376
3600.969971 -0.012399
3601.800049 -0.012662
3602.629883 -0.012478
3603.449951 -0.012066
3604.280029 -0.012100
3605.110107 -0.010473
3605.949951 -0.009230
3606.780029 -0.009551
3607.610107 -0.009045
3608.439941 -0.007769
3609.270020 -0.007114
3610.100098 -0.006159
3610.929932 -0.008205
3611.760010 -0.009535
3612.590088 -0.008015
3613.429932 -0.007984
3614.260010 -0.009212
3615.090088 -0.008286
3615.919922 -0.008021
3616.760010 -0.007142
3617.590088 -0.007494
3618.419922 -0.009099
3619.250000 -0.008032
3620.090088 -0.007063
3620.919922 -0.007446
3621.760010 -0.008315
3622.590088 -0.009646
3623.419922 -0.010093
3624.260010 -0.009625
3625.090088 -0.010892
3625.929932 -0.009609
3626.760010 -0.008545
3627.600098 -0.008379
3628.429932 -0.009511
3629.270020 -0.010663
3630.100098 -0.009273
3630.939941 -0.009434
3631.780029 -0.007700
3632.610107 -0.006908
3633.449951 -0.007403
3634.290039 -0.007907
3635.120117 -0.007354
3635.959961 -0.006116
3636.800049 -0.006974
3637.629883 -0.007624
3638.469971 -0.007545
3639.310059 -0.007278
3640.149902 -0.008323
3640.989990 -0.008839
3641.830078 -0.008552
3642.659912 -0.008415
3643.500000 -0.007871
3644.340088 -0.008150
3645.179932 -0.006882
3646.020020 -0.006170
3646.860107 -0.005633
3647.699951 -0.005394
3648.540039 -0.005843
3649.379883 -0.005986
3650.219971 -0.005751
3651.060059 -0.005689
3651.899902 -0.007810
3652.739990 -0.008362
3653.580078 -0.008909
3654.429932 -0.010045
3655.270020 -0.010378
3656.110107 -0.011194
3656.949951 -0.012005
3657.790039 -0.010930
3658.639893 -0.010956
3659.479980 -0.010807
3660.320068 -0.010141
3661.159912 -0.011468
3662.010010 -0.011674
3662.850098 -0.010270
3663.689941 -0.010369
3664.540039 -0.010037
3665.379883 -0.010453
3666.219971 -0.010749
3667.070068 -0.009587
3667.909912 -0.010379
3668.760010 -0.010859
3669.600098 -0.009633
3670.449951 -0.009012
3671.290039 -0.008784
3672.139893 -0.009318
3672.979980 -0.008498
3673.830078 -0.008536
3674.679932 -0.006892
3675.520020 -0.005697
3676.370117 -0.007190
3677.219971 -0.008244
3678.060059 -0.008002
3678.909912 -0.007407
3679.760010 -0.006687
3680.600098 -0.007117
3681.449951 -0.007181
3682.300049 -0.004451
3683.149902 -0.003738
3684.000000 -0.005490
3684.840088 -0.004464
3685.689941 -0.003673
3686.540039 -0.005340
3687.389893 -0.005879
3688.239990 -0.005658
3689.090088 -0.005238
3689.939941 -0.004070
3690.790039 -0.004360
3691.639893 -0.006595
3692.489990 -0.007157
3693.340088 -0.006417
3694.189941 -0.005832
3695.040039 -0.005946
3695.889893 -0.006831
3696.739990 -0.007695
3697.590088 -0.007450
3698.439941 -0.007902
3699.300049 -0.007300
3700.149902 -0.006927
3701.000000 -0.005982
3701.850098 -0.005971
3702.699951 -0.007632
3703.560059 -0.006280
3704.409912 -0.005663
3705.260010 -0.004544
3706.120117 -0.002398
3706.969971 -0.000149
3707.820068 -0.000104
3708.679932 -0.000371
3709.530029 -0.000220
3710.389893 -0.001091
3711.239990 -0.002349
3712.100098 -0.004866
3712.949951 -0.004799
3713.800049 -0.003523
3714.659912 -0.002194
3715.520020 -0.001948
3716.370117 0.000466
3717.229980 0.003948
3718.080078 0.005801
3718.939941 0.008257
3719.800049 0.011006
3720.649902 0.014016
3721.510010 0.018268
3722.370117 0.026840
3723.219971 0.042221
3724.080078 0.066951
3724.939941 0.085418
3725.800049 0.081669
3726.649902 0.085990
3727.510010 0.113956
3728.370117 0.123749
3729.229980 0.094912
3730.090088 0.080744
3730.949951 0.099697
3731.810059 0.101873
3732.669922 0.073824
3733.530029 0.044049
3734.389893 0.024464
3735.250000 0.014970
3736.110107 0.012038
3736.969971 0.011883
3737.830078 0.011440
3738.689941 0.011684
3739.550049 0.012197
3740.409912 0.012786
3741.270020 0.012204
3742.129883 0.010915
3742.989990 0.010185
3743.860107 0.011216
3744.719971 0.010629
3745.580078 0.009490
3746.439941 0.008629
3747.310059 0.008302
3748.169922 0.006832
3749.030029 0.004425
3749.889893 0.002639
3750.760010 0.002051
3751.620117 0.001941
3752.489990 0.001937
3753.350098 0.004757
3754.209961 0.006829
3755.080078 0.007356
3755.939941 0.007028
3756.810059 0.007514
3757.669922 0.008306
3758.540039 0.008249
3759.399902 0.009587
3760.270020 0.010876
3761.139893 0.011840
3762.000000 0.012033
3762.870117 0.011733
3763.739990 0.011586
3764.600098 0.010668
3765.469971 0.009315
3766.340088 0.007506
3767.199951 0.006549
3768.070068 0.005353
3768.939941 0.002931
3769.810059 -0.000216
3770.679932 -0.004029
3771.540039 -0.006533
3772.409912 -0.003607
3773.280029 0.000230
3774.149902 0.000294
3775.020020 0.000849
3775.889893 0.001902
3776.760010 0.004227
3777.629883 0.005140
3778.500000 0.005776
3779.370117 0.006551
3780.239990 0.007870
3781.110107 0.008957
3781.979980 0.009805
3782.850098 0.010372
3783.719971 0.010573
3784.590088 0.010559
3785.459961 0.010924
3786.340088 0.011994
3787.209961 0.011629
3788.080078 0.011631
3788.949951 0.011775
3789.820068 0.011702
3790.699951 0.012626
3791.570068 0.012732
3792.439941 0.012429
3793.320068 0.009204
3794.189941 0.007753
3795.060059 0.007553
3795.939941 0.005377
3796.810059 0.002872
3797.689941 -0.001187
3798.560059 -0.003914
3799.439941 -0.002394
3800.310059 0.002404
3801.189941 0.005965
3802.060059 0.007422
3802.939941 0.007036
3803.810059 0.009370
3804.689941 0.011270
3805.560059 0.009671
3806.439941 0.011257
3807.320068 0.012384
3808.189941 0.013873
3809.070068 0.014937
3809.949951 0.016534
3810.830078 0.017685
3811.699951 0.017992
3812.580078 0.018132
3813.459961 0.017897
3814.340088 0.017573
3815.219971 0.019764
3816.090088 0.020328
3816.969971 0.020628
3817.850098 0.023117
3818.729980 0.024048
3819.610107 0.024331
3820.489990 0.023240
3821.370117 0.023087
3822.250000 0.023606
3823.129883 0.023049
3824.010010 0.023365
3824.889893 0.022052
3825.770020 0.020537
3826.649902 0.019980
3827.530029 0.019477
3828.419922 0.019091
3829.300049 0.018595
3830.179932 0.017101
3831.060059 0.016299
3831.939941 0.014170
3832.830078 0.013519
3833.709961 0.012350
3834.590088 0.007752
3835.469971 0.002516
3836.360107 -0.000882
3837.239990 0.003973
3838.120117 0.010318
3839.010010 0.013852
3839.889893 0.012221
3840.780029 0.011864
3841.659912 0.014381
3842.550049 0.015747
3843.429932 0.017010
3844.320068 0.017739
3845.199951 0.017727
3846.090088 0.018507
3846.969971 0.019442
3847.860107 0.020561
3848.739990 0.020970
3849.629883 0.021692
3850.520020 0.023665
3851.399902 0.024183
3852.290039 0.024247
3853.179932 0.024814
3854.070068 0.025656
3854.949951 0.025916
3855.840088 0.026473
3856.729980 0.026370
3857.620117 0.026992
3858.510010 0.027620
3859.389893 0.028062
3860.280029 0.028442
3861.169922 0.028346
3862.060059 0.029926
3862.949951 0.030677
3863.840088 0.031327
3864.729980 0.033089
3865.620117 0.036336
3866.510010 0.041412
3867.399902 0.046009
3868.290039 0.044207
3869.179932 0.040362
3870.070068 0.041543
3870.959961 0.046490
3871.850098 0.047640
3872.750000 0.041306
3873.639893 0.033131
3874.530029 0.028224
3875.419922 0.024207
3876.320068 0.022785
3877.209961 0.021667
3878.100098 0.019886
3878.989990 0.018930
3879.889893 0.018627
3880.780029 0.017403
3881.669922 0.016745
3882.570068 0.016298
3883.459961 0.013248
3884.360107 0.010975
3885.250000 0.010396
3886.149902 0.009160
3887.040039 0.008109
3887.939941 0.001082
3888.830078 -0.012628
3889.729980 -0.022458
3890.620117 -0.016105
3891.520020 -0.002314
3892.409912 0.003001
3893.310059 0.001575
3894.209961 0.000416
3895.100098 0.000580
3896.000000 0.002047
3896.899902 0.003717
3897.800049 0.004155
3898.689941 0.004666
3899.590088 0.004719
3900.489990 0.007376
3901.389893 0.008349
3902.290039 0.008119
3903.179932 0.010155
3904.080078 0.010935
3904.979980 0.010593
3905.879883 0.010724
3906.780029 0.012136
3907.679932 0.011681
3908.580078 0.011139
3909.479980 0.010736
3910.379883 0.010331
3911.280029 0.010864
3912.179932 0.010063
3913.080078 0.009206
3913.979980 0.008666
3914.889893 0.008543
3915.790039 0.008596
3916.689941 0.008863
3917.590088 0.009766
3918.489990 0.010339
3919.399902 0.011279
3920.300049 0.012527
3921.199951 0.013804
3922.100098 0.014969
3923.010010 0.016169
3923.909912 0.015949
3924.810059 0.017100
3925.719971 0.018215
3926.620117 0.018231
3927.530029 0.018100
3928.429932 0.017810
3929.340088 0.017501
3930.239990 0.016496
3931.149902 0.015631
3932.050049 0.014405
3932.959961 0.013167
3933.860107 0.011793
3934.770020 0.010632
3935.669922 0.010793
3936.580078 0.012092
3937.489990 0.015011
3938.389893 0.017612
3939.300049 0.019008
3940.209961 0.019241
3941.110107 0.019251
3942.020020 0.018700
3942.929932 0.017739
3943.840088 0.018878
3944.750000 0.018621
3945.649902 0.017263
3946.560059 0.015265
3947.469971 0.013539
3948.379883 0.012192
3949.290039 0.011278
3950.199951 0.009137
3951.110107 0.007712
3952.020020 0.007279
3952.929932 0.006306
3953.840088 0.005712
3954.750000 0.005671
3955.659912 0.005602
3956.570068 0.005650
3957.479980 0.005956
3958.389893 0.006497
3959.310059 0.007390
3960.219971 0.007989
3961.129883 0.009687
3962.040039 0.011301
3962.949951 0.012556
3963.870117 0.013057
3964.780029 0.012348
3965.689941 0.012767
3966.610107 0.013428
3967.520020 0.012523
3968.429932 0.011178
3969.350098 0.004446
3970.260010 -0.007354
3971.179932 -0.011028
3972.090088 -0.002642
3973.000000 0.007695
3973.919922 0.009466
3974.830078 0.005999
3975.750000 0.002961
3976.669922 0.001425
3977.580078 0.000526
3978.500000 -0.000687
3979.409912 -0.001082
3980.330078 -0.001712
3981.250000 -0.001994
3982.159912 -0.001541
3983.080078 -0.001760
3984.000000 -0.002476
3984.919922 -0.001528
3985.830078 -0.000590
3986.750000 -0.001164
3987.669922 -0.001979
3988.590088 -0.001400
3989.510010 -0.001263
3990.419922 -0.000724
3991.340088 -0.000102
3992.260010 -0.000739
3993.179932 -0.000846
3994.100098 -0.001032
3995.020020 -0.001084
3995.939941 -0.000432
3996.860107 -0.000213
3997.780029 -0.000655
3998.699951 -0.000638
3999.620117 -0.000900
4000.540039 -0.001339
4001.469971 -0.001748
4002.389893 -0.000927
4003.310059 -0.001050
4004.229980 -0.001536
4005.149902 -0.001570
4006.080078 -0.000865
4007.000000 -0.000696
4007.919922 -0.001899
4008.840088 -0.001265
4009.770020 -0.000636
4010.689941 -0.000920
4011.610107 -0.002169
4012.540039 -0.002471
4013.459961 -0.002942
4014.389893 -0.003624
4015.310059 -0.003694
4016.229980 -0.003228
4017.159912 -0.003359
4018.080078 -0.002613
4019.010010 -0.001716
4019.939941 -0.001875
4020.860107 -0.001815
4021.790039 -0.002015
4022.709961 -0.002586
4023.639893 -0.001689
4024.570068 -0.001221
4025.489990 -0.001601
4026.419922 -0.002124
4027.350098 -0.001300
4028.270020 -0.000917
4029.199951 -0.000816
4030.129883 -0.000760
4031.060059 -0.000116
4031.989990 0.000786
4032.919922 0.001469
4033.840088 0.002893
4034.770020 0.003681
4035.699951 0.003154
4036.629883 0.002636
4037.560059 0.001447
4038.489990 0.000727
4039.419922 0.000545
4040.350098 -0.000356
4041.280029 -0.000420
4042.209961 -0.000316
4043.139893 0.000310
4044.070068 0.001564
4045.010010 0.002917
4045.939941 0.005026
4046.870117 0.005713
4047.800049 0.004973
4048.729980 0.004369
4049.669922 0.003869
4050.600098 0.002847
4051.530029 0.000729
4052.459961 -0.000328
4053.399902 -0.000450
4054.330078 -0.000885
4055.260010 0.000203
4056.199951 0.001081
4057.129883 0.001341
4058.070068 0.002433
4059.000000 0.003736
4059.939941 0.004554
4060.870117 0.005374
4061.810059 0.004863
4062.739990 0.004650
4063.679932 0.005837
4064.610107 0.005957
4065.550049 0.006460
4066.479980 0.007696
4067.419922 0.008226
4068.360107 0.009028
4069.290039 0.007739
4070.229980 0.006871
4071.169922 0.006887
4072.110107 0.006614
4073.040039 0.006472
4073.979980 0.005199
4074.919922 0.004088
4075.860107 0.004380
4076.800049 0.003201
4077.739990 0.002315
4078.669922 0.002389
4079.610107 0.001855
4080.550049 0.000935
4081.489990 -0.000630
4082.429932 -0.001864
4083.370117 -0.002400
4084.310059 -0.003131
4085.250000 -0.004086
4086.199951 -0.005228
4087.139893 -0.006804
4088.080078 -0.007455
4089.020020 -0.007661
4089.959961 -0.009474
4090.899902 -0.009403
4091.840088 -0.008558
4092.790039 -0.009922
4093.729980 -0.009604
4094.669922 -0.009222
4095.610107 -0.009891
4096.560059 -0.009211
4097.500000 -0.008703
4098.439941 -0.007947
4099.390137 -0.005240
4100.330078 -0.006378
4101.279785 -0.022908
4102.220215 -0.043710
4103.169922 -0.043241
4104.109863 -0.021963
4105.060059 -0.004969
4106.000000 -0.003376
4106.950195 -0.007555
4107.890137 -0.009393
4108.839844 -0.008773
4109.779785 -0.007947
4110.729980 -0.007381
4111.680176 -0.005927
4112.620117 -0.004705
4113.569824 -0.003113
4114.520020 -0.001374
4115.470215 -0.000731
4116.410156 -0.000860
4117.359863 -0.000380
4118.310059 0.000287
4119.259766 0.000919
4120.209961 0.000590
4121.160156 0.000528
4122.109863 0.001552
4123.049805 0.001785
4124.000000 0.001026
4124.950195 0.001375
4125.899902 0.001660
4126.850098 0.001852
4127.799805 0.002377
4128.750000 0.002536
4129.709961 0.003022
4130.660156 0.003698
4131.609863 0.004084
4132.560059 0.005974
4133.509766 0.006317
4134.459961 0.006212
4135.419922 0.007232
4136.370117 0.007840
4137.319824 0.008102
4138.270020 0.008290
4139.229980 0.008529
4140.180176 0.008744
4141.129883 0.008492
4142.089844 0.009200
4143.040039 0.009821
4143.990234 0.010513
4144.950195 0.011352
4145.899902 0.012247
4146.859863 0.010803
4147.810059 0.010505
4148.770020 0.011482
4149.720215 0.011269
4150.680176 0.011615
4151.629883 0.011866
4152.589844 0.012207
4153.549805 0.011221
4154.500000 0.011485
4155.459961 0.011313
4156.419922 0.011042
4157.370117 0.010644
4158.330078 0.010104
4159.290039 0.010648
4160.250000 0.009274
4161.200195 0.008953
4162.160156 0.008728
4163.120117 0.009282
4164.080078 0.009536
4165.040039 0.009352
4166.000000 0.009271
4166.959961 0.010034
4167.919922 0.011258
4168.879883 0.011411
4169.839844 0.011047
4170.799805 0.009778
4171.759766 0.008721
4172.720215 0.008713
4173.680176 0.008560
4174.640137 0.008520
4175.600098 0.009138
4176.560059 0.009114
4177.529785 0.009806
4178.490234 0.010370
4179.450195 0.010589
4180.410156 0.010826
4181.370117 0.010188
4182.339844 0.009696
4183.299805 0.009324
4184.259766 0.009024
4185.229980 0.008371
4186.189941 0.007808
4187.160156 0.007410
4188.120117 0.008437
4189.080078 0.009073
4190.049805 0.009106
4191.009766 0.009344
4191.979980 0.008944
4192.939941 0.010138
4193.910156 0.009696
4194.879883 0.008989
4195.839844 0.009504
4196.810059 0.011167
4197.770020 0.011212
4198.740234 0.010404
4199.709961 0.010100
4200.680176 0.010296
4201.640137 0.009793
4202.609863 0.009588
4203.580078 0.009001
4204.549805 0.008627
4205.509766 0.007730
4206.479980 0.006690
4207.450195 0.006950
4208.419922 0.006100
4209.390137 0.006098
4210.359863 0.006862
4211.330078 0.007474
4212.299805 0.008350
4213.270020 0.008831
4214.240234 0.008602
4215.209961 0.009092
4216.180176 0.008747
4217.149902 0.008106
4218.120117 0.006656
4219.089844 0.005606
4220.060059 0.006193
4221.040039 0.006512
4222.009766 0.005725
4222.979980 0.006873
4223.950195 0.008424
4224.930176 0.009050
4225.899902 0.010706
4226.870117 0.011756
4227.850098 0.013052
4228.819824 0.014064
4229.790039 0.013599
4230.770020 0.013215
4231.740234 0.011123
4232.720215 0.009118
4233.689941 0.007696
4234.669922 0.006778
4235.640137 0.005757
4236.620117 0.005520
4237.589844 0.005072
4238.569824 0.005695
4239.540039 0.005754
4240.520020 0.005173
4241.500000 0.004847
4242.470215 0.005144
4243.450195 0.003550
4244.430176 0.002720
4245.399902 0.002100
4246.379883 0.001314
4247.359863 0.002638
4248.339844 0.003470
4249.319824 0.003660
4250.299805 0.005065
4251.270020 0.005464
4252.250000 0.007080
4253.229980 0.007948
4254.209961 0.008412
4255.189941 0.008699
4256.169922 0.007983
4257.149902 0.007354
4258.129883 0.006236
4259.109863 0.005388
4260.089844 0.005429
4261.069824 0.005876
4262.060059 0.005591
4263.040039 0.004531
4264.020020 0.004658
4265.000000 0.004471
4265.979980 0.004044
4266.970215 0.003942
4267.950195 0.004925
4268.930176 0.005198
4269.910156 0.006485
4270.899902 0.007254
4271.879883 0.007728
4272.859863 0.009478
4273.850098 0.010398
4274.830078 0.010491
4275.819824 0.010557
4276.799805 0.010689
4277.790039 0.009698
4278.770020 0.008094
4279.759766 0.007450
4280.740234 0.006598
4281.729980 0.005865
4282.709961 0.005720
4283.700195 0.005512
4284.689941 0.005336
4285.669922 0.006129
4286.660156 0.006438
4287.649902 0.006446
4288.640137 0.006364
4289.620117 0.006318
4290.609863 0.006752
4291.600098 0.007424
4292.589844 0.007684
4293.580078 0.007649
4294.560059 0.007894
4295.549805 0.008486
4296.540039 0.008605
4297.529785 0.008158
4298.520020 0.008728
4299.509766 0.009103
4300.500000 0.010180
4301.490234 0.011421
4302.479980 0.012277
4303.470215 0.013171
4304.459961 0.013732
4305.459961 0.014420
4306.450195 0.014541
4307.439941 0.014201
4308.430176 0.014345
4309.419922 0.015448
4310.419922 0.014710
4311.410156 0.013348
4312.399902 0.010777
4313.390137 0.008664
4314.390137 0.005820
4315.379883 0.003042
4316.370117 0.000919
4317.370117 -0.003227
4318.359863 -0.004923
4319.359863 -0.004483
4320.350098 -0.004580
4321.350098 -0.004289
4322.339844 -0.004390
4323.339844 -0.003710
4324.330078 -0.002142
4325.330078 -0.001404
4326.319824 -0.000997
4327.319824 -0.001064
4328.319824 -0.002385
4329.310059 -0.004787
4330.310059 -0.006669
4331.310059 -0.009004
4332.310059 -0.010543
4333.299805 -0.011443
4334.299805 -0.012320
4335.299805 -0.013401
4336.299805 -0.013518
4337.299805 -0.009964
4338.290039 -0.002548
4339.290039 -0.008532
4340.290039 -0.046154
4341.290039 -0.082482
4342.290039 -0.065294
4343.290039 -0.019194
4344.290039 0.000643
4345.290039 -0.003186
4346.290039 -0.009013
4347.290039 -0.011968
4348.299805 -0.012559
4349.299805 -0.012527
4350.299805 -0.012592
4351.299805 -0.011309
4352.299805 -0.008982
4353.310059 -0.006520
4354.310059 -0.005734
4355.310059 -0.005218
4356.310059 -0.003813
4357.319824 -0.003234
4358.319824 -0.003241
4359.319824 -0.003515
4360.330078 -0.003396
4361.330078 -0.002718
4362.339844 -0.002679
4363.339844 -0.003160
4364.350098 -0.003997
4365.350098 -0.003661
4366.359863 -0.002863
4367.359863 -0.003035
4368.370117 -0.003952
4369.370117 -0.004678
4370.379883 -0.003904
4371.390137 -0.002815
4372.390137 -0.002873
4373.399902 -0.002351
4374.410156 -0.001113
4375.410156 -0.000584
4376.419922 -0.000322
4377.430176 -0.000065
4378.439941 0.000919
4379.450195 0.001667
4380.450195 0.002955
4381.459961 0.004054
4382.470215 0.002914
4383.479980 0.002772
4384.490234 0.004138
4385.500000 0.004188
4386.509766 0.004154
4387.520020 0.004208
4388.529785 0.003057
4389.540039 0.002119
4390.549805 0.001972
4391.560059 0.001475
4392.569824 0.000721
4393.589844 -0.000762
4394.600098 -0.001759
4395.609863 -0.002383
4396.620117 -0.002737
4397.629883 -0.002542
4398.649902 -0.002388
4399.660156 -0.003293
4400.669922 -0.002513
4401.689941 -0.001796
4402.700195 -0.001813
4403.709961 -0.000484
4404.729980 0.000608
4405.740234 0.001400
4406.759766 0.002056
4407.770020 0.001117
4408.790039 -0.000133
4409.799805 -0.000529
4410.819824 -0.001325
4411.830078 -0.002418
4412.850098 -0.003470
4413.870117 -0.004433
4414.879883 -0.005450
4415.899902 -0.005849
4416.919922 -0.004890
4417.930176 -0.005499
4418.950195 -0.006817
4419.970215 -0.006715
4420.990234 -0.006965
4422.000000 -0.007133
4423.020020 -0.006214
4424.040039 -0.005825
4425.060059 -0.006091
4426.080078 -0.006828
4427.100098 -0.006848
4428.120117 -0.006432
4429.140137 -0.007011
4430.160156 -0.007194
4431.180176 -0.006081
4432.200195 -0.006916
4433.220215 -0.007489
4434.240234 -0.006295
4435.259766 -0.006266
4436.279785 -0.005260
4437.299805 -0.004655
4438.319824 -0.005298
4439.350098 -0.006098
4440.370117 -0.007062
4441.390137 -0.007076
4442.410156 -0.008155
4443.439941 -0.008644
4444.459961 -0.008761
4445.479980 -0.010335
4446.509766 -0.010584
4447.529785 -0.010425
4448.560059 -0.010545
4449.580078 -0.010835
4450.609863 -0.009746
4451.629883 -0.009084
4452.660156 -0.008165
4453.680176 -0.007342
4454.709961 -0.006303
4455.729980 -0.004905
4456.759766 -0.004077
4457.779785 -0.003570
4458.810059 -0.002821
4459.839844 -0.003612
4460.870117 -0.004494
4461.890137 -0.003111
4462.919922 -0.003747
4463.950195 -0.004729
4464.979980 -0.004962
4466.000000 -0.005868
4467.029785 -0.006698
4468.060059 -0.007427
4469.089844 -0.007572
4470.120117 -0.007991
4471.149902 -0.009875
4472.180176 -0.012524
4473.209961 -0.012375
4474.240234 -0.010261
4475.270020 -0.009351
4476.299805 -0.010019
4477.330078 -0.011267
4478.359863 -0.011796
4479.390137 -0.012377
4480.419922 -0.013045
4481.459961 -0.012454
4482.490234 -0.012181
4483.520020 -0.012476
4484.549805 -0.012613
4485.580078 -0.012719
4486.620117 -0.012371
4487.649902 -0.012377
4488.680176 -0.012172
4489.720215 -0.011652
4490.750000 -0.010874
4491.790039 -0.010134
4492.819824 -0.010061
4493.859863 -0.009115
4494.890137 -0.008228
4495.930176 -0.007723
4496.959961 -0.007457
4498.000000 -0.008210
4499.029785 -0.009238
4500.069824 -0.010160
4501.100098 -0.011388
4502.140137 -0.012021
4503.180176 -0.012940
4504.209961 -0.014102
4505.250000 -0.014788
4506.290039 -0.015129
4507.330078 -0.014990
4508.370117 -0.014974
4509.399902 -0.014736
4510.439941 -0.013991
4511.479980 -0.013999
4512.520020 -0.013652
4513.560059 -0.012674
4514.600098 -0.012553
4515.640137 -0.012427
4516.680176 -0.012669
4517.720215 -0.012283
4518.759766 -0.012996
4519.799805 -0.013672
4520.839844 -0.013377
4521.879883 -0.013814
4522.919922 -0.013916
4523.959961 -0.012991
4525.009766 -0.012397
4526.049805 -0.010192
4527.089844 -0.009111
4528.129883 -0.007622
4529.169922 -0.006388
4530.220215 -0.006091
4531.259766 -0.006082
4532.299805 -0.005936
4533.350098 -0.005820
4534.390137 -0.006261
4535.439941 -0.007073
4536.479980 -0.007225
4537.529785 -0.007986
4538.569824 -0.008882
4539.620117 -0.009274
4540.660156 -0.009473
4541.709961 -0.009743
4542.750000 -0.010400
4543.799805 -0.011260
4544.850098 -0.011153
4545.890137 -0.010993
4546.939941 -0.011350
4547.990234 -0.011649
4549.029785 -0.011841
4550.080078 -0.011344
4551.129883 -0.011666
4552.180176 -0.012032
4553.220215 -0.011899
4554.270020 -0.012493
4555.319824 -0.013678
4556.370117 -0.013684
4557.419922 -0.014354
4558.470215 -0.015525
4559.520020 -0.015447
4560.569824 -0.015397
4561.620117 -0.015281
4562.669922 -0.015378
4563.720215 -0.015453
4564.770020 -0.015319
4565.819824 -0.014636
4566.870117 -0.015187
4567.930176 -0.015353
4568.979980 -0.014241
4570.029785 -0.015019
4571.080078 -0.015373
4572.140137 -0.014271
4573.189941 -0.014569
4574.240234 -0.014561
4575.290039 -0.013448
4576.350098 -0.013213
4577.399902 -0.013256
4578.459961 -0.013674
4579.509766 -0.013744
4580.569824 -0.013518
4581.620117 -0.012943
4582.680176 -0.013131
4583.729980 -0.013694
4584.790039 -0.013664
4585.839844 -0.013340
4586.899902 -0.013920
4587.950195 -0.014144
4589.009766 -0.014009
4590.069824 -0.013750
4591.120117 -0.014095
4592.180176 -0.014838
4593.240234 -0.014674
4594.299805 -0.013579
4595.359863 -0.013043
4596.410156 -0.012912
4597.470215 -0.012154
4598.529785 -0.011426
4599.589844 -0.011902
4600.649902 -0.012630
4601.709961 -0.012191
4602.770020 -0.012425
4603.830078 -0.012769
4604.890137 -0.012419
4605.950195 -0.012518
4607.009766 -0.012359
4608.069824 -0.013364
4609.129883 -0.014157
4610.189941 -0.014942
4611.250000 -0.014623
4612.319824 -0.014997
4613.379883 -0.015667
4614.439941 -0.015725
4615.500000 -0.016894
4616.569824 -0.017706
4617.629883 -0.017960
4618.689941 -0.017808
4619.759766 -0.016946
4620.819824 -0.017230
4621.879883 -0.016764
4622.950195 -0.016181
4624.009766 -0.016355
4625.080078 -0.017136
4626.140137 -0.016078
4627.209961 -0.016101
4628.270020 -0.015704
4629.339844 -0.015520
4630.410156 -0.015648
4631.470215 -0.015629
4632.540039 -0.015978
4633.609863 -0.015723
4634.669922 -0.014840
4635.740234 -0.014290
4636.810059 -0.013959
4637.879883 -0.013660
4638.939941 -0.012903
4640.009766 -0.010966
4641.080078 -0.010535
4642.149902 -0.009800
4643.220215 -0.010030
4644.290039 -0.010859
4645.359863 -0.010428
4646.430176 -0.010176
4647.500000 -0.009880
4648.569824 -0.009644
4649.640137 -0.009704
4650.709961 -0.009118
4651.779785 -0.009908
4652.850098 -0.011031
4653.919922 -0.011911
4654.990234 -0.011916
4656.069824 -0.010997
4657.140137 -0.010764
4658.209961 -0.011263
4659.279785 -0.012194
4660.359863 -0.012362
4661.430176 -0.012405
4662.500000 -0.012474
4663.580078 -0.012153
4664.649902 -0.011106
4665.720215 -0.010784
4666.799805 -0.011274
4667.870117 -0.010563
4668.950195 -0.009336
4670.020020 -0.008585
4671.100098 -0.008843
4672.169922 -0.009206
4673.250000 -0.009234
4674.330078 -0.008492
4675.399902 -0.008589
4676.479980 -0.008999
4677.560059 -0.008015
4678.629883 -0.008419
4679.709961 -0.007978
4680.790039 -0.007478
4681.870117 -0.007184
4682.950195 -0.005980
4684.020020 -0.004304
4685.100098 -0.002035
4686.180176 -0.001883
4687.259766 -0.001979
4688.339844 -0.002408
4689.419922 -0.004230
4690.500000 -0.006899
4691.580078 -0.007905
4692.660156 -0.008154
4693.740234 -0.008692
4694.819824 -0.008991
4695.899902 -0.008876
4696.979980 -0.008900
4698.069824 -0.010169
4699.149902 -0.009391
4700.229980 -0.008330
4701.310059 -0.008284
4702.399902 -0.007940
4703.479980 -0.008349
4704.560059 -0.008252
4705.640137 -0.007990
4706.729980 -0.008250
4707.810059 -0.009208
4708.899902 -0.008797
4709.979980 -0.008697
4711.060059 -0.008981
4712.149902 -0.008691
4713.229980 -0.009229
4714.319824 -0.009661
4715.410156 -0.009538
4716.490234 -0.010845
4717.580078 -0.011975
4718.660156 -0.012496
4719.750000 -0.012876
4720.839844 -0.013623
4721.930176 -0.014678
4723.009766 -0.013743
4724.100098 -0.013863
4725.189941 -0.013731
4726.279785 -0.013957
4727.359863 -0.014427
4728.450195 -0.013529
4729.540039 -0.012642
4730.629883 -0.011636
4731.720215 -0.010985
4732.810059 -0.010633
4733.899902 -0.010614
4734.990234 -0.010910
4736.080078 -0.010785
4737.169922 -0.010659
4738.259766 -0.011381
4739.350098 -0.012148
4740.439941 -0.013066
4741.540039 -0.013279
4742.629883 -0.013477
4743.720215 -0.013868
4744.810059 -0.014589
4745.910156 -0.015297
4747.000000 -0.015271
4748.089844 -0.015583
4749.189941 -0.015190
4750.279785 -0.015130
4751.370117 -0.015332
4752.470215 -0.014910
4753.560059 -0.014555
4754.660156 -0.014592
4755.750000 -0.014401
4756.850098 -0.014428
4757.939941 -0.013768
4759.040039 -0.013376
4760.129883 -0.013338
4761.229980 -0.013166
4762.330078 -0.013627
4763.419922 -0.013627
4764.520020 -0.013288
4765.620117 -0.012758
4766.709961 -0.011890
4767.810059 -0.011259
4768.910156 -0.011328
4770.009766 -0.011550
4771.109863 -0.012288
4772.209961 -0.011417
4773.299805 -0.011727
4774.399902 -0.012791
4775.500000 -0.012506
4776.600098 -0.012545
4777.700195 -0.013180
4778.799805 -0.012712
4779.899902 -0.012709
4781.000000 -0.012687
4782.100098 -0.012147
4783.209961 -0.011379
4784.310059 -0.011576
4785.410156 -0.011455
4786.509766 -0.011452
4787.609863 -0.011361
4788.720215 -0.011768
4789.819824 -0.012708
4790.919922 -0.012503
4792.029785 -0.012168
4793.129883 -0.012854
4794.229980 -0.013479
4795.339844 -0.013918
4796.439941 -0.014049
4797.549805 -0.014716
4798.649902 -0.014972
4799.759766 -0.014801
4800.859863 -0.014551
4801.970215 -0.013993
4803.069824 -0.014322
4804.180176 -0.015390
4805.279785 -0.014908
4806.390137 -0.014607
4807.500000 -0.014095
4808.600098 -0.013645
4809.709961 -0.013481
4810.819824 -0.013639
4811.930176 -0.013438
4813.040039 -0.013680
4814.140137 -0.013362
4815.250000 -0.013442
4816.359863 -0.014176
4817.470215 -0.014249
4818.580078 -0.014716
4819.689941 -0.014363
4820.799805 -0.014655
4821.910156 -0.015228
4823.020020 -0.014993
4824.129883 -0.014484
4825.240234 -0.014180
4826.350098 -0.013879
4827.459961 -0.013690
4828.580078 -0.013628
4829.689941 -0.013436
4830.799805 -0.013389
4831.910156 -0.013317
4833.029785 -0.012674
4834.140137 -0.012550
4835.250000 -0.013069
4836.370117 -0.013683
4837.479980 -0.013877
4838.589844 -0.014035
4839.709961 -0.013953
4840.819824 -0.013871
4841.939941 -0.013772
4843.049805 -0.013654
4844.169922 -0.014248
4845.279785 -0.014601
4846.399902 -0.015869
4847.509766 -0.015787
4848.629883 -0.015659
4849.750000 -0.015878
4850.859863 -0.015812
4851.979980 -0.015831
4853.100098 -0.016222
4854.220215 -0.015344
4855.330078 -0.014167
4856.450195 -0.010364
4857.569824 -0.002554
4858.689941 0.012926
4859.810059 0.020114
4860.930176 -0.043243
4862.049805 -0.151190
4863.169922 -0.148061
4864.290039 -0.036865
4865.410156 0.026245
4866.529785 0.016445
4867.649902 -0.001511
4868.770020 -0.009513
4869.890137 -0.012332
4871.009766 -0.012500
4872.129883 -0.013187
4873.250000 -0.013476
4874.379883 -0.014099
4875.500000 -0.014140
4876.620117 -0.014004
4877.750000 -0.014197
4878.870117 -0.013968
4879.990234 -0.013860
4881.120117 -0.014001
4882.240234 -0.013286
4883.359863 -0.013249
4884.490234 -0.012950
4885.609863 -0.012082
4886.740234 -0.011985
4887.859863 -0.011032
4888.990234 -0.010303
4890.120117 -0.011290
4891.240234 -0.011441
4892.370117 -0.011148
4893.490234 -0.010648
4894.620117 -0.010885
4895.750000 -0.012128
4896.879883 -0.013030
4898.000000 -0.013677
4899.129883 -0.013981
4900.259766 -0.014439
4901.390137 -0.014118
4902.520020 -0.014376
4903.649902 -0.013751
4904.770020 -0.012792
4905.899902 -0.012602
4907.029785 -0.012362
4908.160156 -0.012839
4909.290039 -0.012948
4910.430176 -0.012378
4911.560059 -0.012131
4912.689941 -0.011520
4913.819824 -0.011929
4914.950195 -0.012189
4916.080078 -0.011065
4917.209961 -0.010543
4918.350098 -0.010603
4919.479980 -0.009715
4920.609863 -0.008971
4921.740234 -0.008351
4922.879883 -0.009493
4924.009766 -0.009796
4925.149902 -0.009678
4926.279785 -0.009888
4927.410156 -0.010847
4928.549805 -0.012004
4929.680176 -0.012060
4930.819824 -0.012753
4931.950195 -0.012845
4933.089844 -0.011961
4934.229980 -0.011924
4935.359863 -0.011298
4936.500000 -0.010976
4937.640137 -0.011015
4938.770020 -0.010349
4939.910156 -0.008999
4941.049805 -0.008517
4942.189941 -0.008042
4943.319824 -0.009091
4944.459961 -0.009555
4945.600098 -0.009492
4946.740234 -0.009066
4947.879883 -0.009113
4949.020020 -0.008527
4950.160156 -0.007524
4951.299805 -0.005008
4952.439941 -0.002275
4953.580078 0.002079
4954.720215 0.009290
4955.859863 0.020198
4957.000000 0.036541
4958.140137 0.031573
4959.290039 -0.016556
4960.430176 -0.038296
4961.569824 0.008724
4962.709961 0.046293
4963.850098 0.038209
4965.000000 0.020827
4966.140137 0.009862
4967.290039 0.003878
4968.430176 0.000383
4969.569824 -0.002255
4970.720215 -0.003716
4971.859863 -0.004424
4973.009766 -0.004633
4974.149902 -0.005484
4975.299805 -0.005519
4976.439941 -0.005616
4977.589844 -0.005364
4978.740234 -0.003951
4979.879883 -0.003307
4981.029785 -0.003336
4982.180176 -0.003795
4983.319824 -0.002504
4984.470215 -0.001327
4985.620117 -0.002117
4986.770020 -0.002323
4987.919922 -0.001730
4989.060059 -0.000479
4990.209961 0.000121
4991.359863 -0.000371
4992.509766 -0.000320
4993.660156 0.000123
4994.810059 0.002514
4995.959961 0.004760
4997.109863 0.007459
4998.259766 0.011942
4999.410156 0.018520
5000.560059 0.027374
5001.720215 0.040923
5002.870117 0.062550
5004.020020 0.099895
5005.169922 0.142506
5006.330078 0.099709
5007.479980 -0.056889
5008.629883 -0.076251
5009.790039 0.084378
5010.939941 0.160744
5012.089844 0.120571
5013.250000 0.072805
5014.399902 0.043656
5015.560059 0.026178
5016.709961 0.015079
5017.870117 0.009910
5019.020020 0.007619
5020.180176 0.005321
5021.330078 0.003317
5022.490234 0.001954
5023.649902 0.001478
5024.799805 0.000329
5025.959961 -0.000498
5027.120117 -0.000801
5028.279785 -0.001531
5029.430176 -0.001774
5030.589844 -0.001873
5031.750000 -0.002595
5032.910156 -0.002308
5034.069824 -0.002367
5035.229980 -0.002277
5036.390137 -0.002564
5037.549805 -0.001906
5038.709961 -0.001225
5039.870117 -0.001458
5041.029785 -0.002455
5042.189941 -0.002110
5043.350098 -0.001160
5044.509766 -0.000773
5045.669922 -0.000613
5046.830078 -0.001221
5048.000000 -0.001997
5049.160156 -0.002346
5050.319824 -0.002937
5051.490234 -0.003420
5052.649902 -0.002982
5053.810059 -0.003111
5054.979980 -0.002297
5056.140137 -0.001519
5057.299805 -0.002941
5058.470215 -0.003896
5059.629883 -0.002922
5060.799805 -0.002569
5061.959961 -0.002918
5063.129883 -0.003263
5064.299805 -0.003021
5065.459961 -0.002658
5066.629883 -0.001848
5067.799805 -0.001679
5068.959961 -0.001398
5070.129883 -0.000266
5071.299805 -0.000026
5072.470215 -0.000173
5073.629883 -0.000278
5074.799805 -0.001129
5075.970215 -0.000487
5077.140137 -0.000055
5078.310059 -0.000674
5079.479980 -0.000432
5080.649902 0.000502
5081.819824 0.001141
5082.990234 0.001325
5084.160156 0.001413
5085.330078 0.001819
5086.500000 0.001634
5087.669922 0.001210
5088.839844 0.000565
5090.020020 0.000511
5091.189941 -0.000634
5092.359863 -0.001056
5093.529785 -0.000218
5094.709961 -0.000094
5095.879883 -0.000693
5097.049805 -0.001196
5098.229980 -0.000780
5099.399902 0.000051
5100.569824 0.000723
5101.750000 0.000858
5102.919922 0.001113
5104.100098 0.001680
5105.270020 0.001992
5106.450195 0.002470
5107.629883 0.002019
5108.799805 0.001087
5109.979980 0.001301
5111.160156 0.001700
5112.330078 0.001668
5113.509766 0.001182
5114.689941 0.000774
5115.870117 0.000664
5117.040039 0.000781
5118.220215 0.000781
5119.399902 0.000488
5120.580078 0.000839
5121.759766 0.001115
5122.939941 0.000941
5124.120117 0.001091
5125.299805 0.001606
5126.479980 0.002404
5127.660156 0.003013
5128.839844 0.003171
5130.020020 0.003184
5131.200195 0.002828
5132.379883 0.001888
5133.569824 0.001455
5134.750000 0.001538
5135.930176 0.001348
5137.109863 0.000952
5138.299805 0.000103
5139.479980 -0.000404
5140.660156 0.001150
5141.850098 0.000812
5143.029785 0.000891
5144.209961 0.001828
5145.399902 0.002653
5146.580078 0.002984
5147.770020 0.002698
5148.959961 0.002954
5150.140137 0.003322
5151.330078 0.003220
5152.509766 0.003562
5153.700195 0.003487
5154.890137 0.003706
5156.069824 0.003265
5157.259766 0.002937
5158.450195 0.003457
5159.640137 0.003186
5160.819824 0.004395
5162.009766 0.005638
5163.200195 0.005082
5164.390137 0.005477
5165.580078 0.006411
5166.770020 0.007404
5167.959961 0.008332
5169.149902 0.009856
5170.339844 0.010831
5171.529785 0.010428
5172.720215 0.011544
5173.910156 0.012953
5175.100098 0.013530
5176.299805 0.013779
5177.490234 0.013507
5178.680176 0.012988
5179.870117 0.012736
5181.069824 0.012063
5182.259766 0.011010
5183.450195 0.010579
5184.649902 0.010428
5185.839844 0.011111
5187.029785 0.010328
5188.229980 0.008422
5189.419922 0.006629
5190.620117 0.005343
5191.810059 0.003760
5193.009766 0.002662
5194.209961 0.003216
5195.399902 0.004000
5196.600098 0.004884
5197.790039 0.005527
5198.990234 0.005944
5200.189941 0.006202
5201.390137 0.007262
5202.580078 0.007067
5203.779785 0.007175
5204.979980 0.006056
5206.180176 0.004991
5207.379883 0.004557
5208.580078 0.003824
5209.779785 0.004331
5210.979980 0.004907
5212.180176 0.004152
5213.379883 0.002624
5214.580078 0.000969
5215.779785 -0.000639
5216.979980 -0.001534
5218.180176 -0.002048
5219.379883 -0.002214
5220.580078 -0.002901
5221.790039 -0.002602
5222.990234 -0.002297
5224.189941 -0.002794
5225.390137 -0.002898
5226.600098 -0.002677
5227.799805 -0.002555
5229.009766 -0.002818
5230.209961 -0.002847
5231.410156 -0.002573
5232.620117 -0.003044
5233.819824 -0.003115
5235.029785 -0.003314
5236.229980 -0.004453
5237.439941 -0.005037
5238.649902 -0.004565
5239.850098 -0.004604
5241.060059 -0.004487
5242.270020 -0.004905
5243.470215 -0.005335
5244.680176 -0.004789
5245.890137 -0.004189
5247.100098 -0.004241
5248.310059 -0.003657
5249.509766 -0.003227
5250.720215 -0.002963
5251.930176 -0.002746
5253.140137 -0.003131
5254.350098 -0.003154
5255.560059 -0.002857
5256.770020 -0.002675
5257.979980 -0.002573
5259.189941 -0.002637
5260.399902 -0.002526
5261.620117 -0.002462
5262.830078 -0.001939
5264.040039 -0.000751
5265.250000 -0.000531
5266.459961 0.000608
5267.680176 0.001349
5268.890137 0.001415
5270.100098 0.001197
5271.319824 0.001476
5272.529785 0.001279
5273.740234 0.000408
5274.959961 -0.000642
5276.169922 -0.001170
5277.390137 -0.001709
5278.600098 -0.002839
5279.819824 -0.003742
5281.040039 -0.004588
5282.250000 -0.004421
5283.470215 -0.004414
5284.680176 -0.004771
5285.899902 -0.005291
5287.120117 -0.004817
5288.339844 -0.005282
5289.549805 -0.005633
5290.770020 -0.005170
5291.990234 -0.005251
5293.209961 -0.006020
5294.430176 -0.006195
5295.649902 -0.005454
5296.870117 -0.004773
5298.089844 -0.004865
5299.310059 -0.004124
5300.529785 -0.003731
5301.750000 -0.003989
5302.970215 -0.004632
5304.189941 -0.004987
5305.410156 -0.005477
5306.629883 -0.006303
5307.859863 -0.005965
5309.080078 -0.006127
5310.299805 -0.006662
5311.520020 -0.006782
5312.750000 -0.006947
5313.970215 -0.007426
5315.189941 -0.007415
5316.419922 -0.007006
5317.640137 -0.007030
5318.870117 -0.006940
5320.089844 -0.006105
5321.319824 -0.005585
5322.540039 -0.005619
5323.770020 -0.004900
5324.990234 -0.003961
5326.220215 -0.002926
5327.450195 -0.002916
5328.669922 -0.002710
5329.899902 -0.001912
5331.129883 -0.000558
5332.359863 -0.001480
5333.580078 -0.002150
5334.810059 -0.002108
5336.040039 -0.002521
5337.270020 -0.003324
5338.500000 -0.003936
5339.729980 -0.003995
5340.959961 -0.004281
5342.189941 -0.003558
5343.419922 -0.002846
5344.649902 -0.002513
5345.879883 -0.002549
5347.109863 -0.003156
5348.339844 -0.002997
5349.569824 -0.003314
5350.799805 -0.003499
5352.040039 -0.004315
5353.270020 -0.004904
5354.500000 -0.005505
5355.729980 -0.005968
5356.970215 -0.005793
5358.200195 -0.006296
5359.439941 -0.006738
5360.669922 -0.005955
5361.899902 -0.005135
5363.140137 -0.005804
5364.370117 -0.005713
5365.609863 -0.005204
5366.850098 -0.004955
5368.080078 -0.004518
5369.319824 -0.004382
5370.549805 -0.003535
5371.790039 -0.003199
5373.029785 -0.002333
5374.270020 -0.002098
5375.500000 -0.003031
5376.740234 -0.003530
5377.979980 -0.003642
5379.220215 -0.003141
5380.459961 -0.004267
5381.700195 -0.005042
5382.930176 -0.004957
5384.169922 -0.005231
5385.410156 -0.004427
5386.649902 -0.004206
5387.890137 -0.003889
5389.140137 -0.002804
5390.379883 -0.002845
5391.620117 -0.002310
5392.859863 -0.001756
5394.100098 -0.002400
5395.339844 -0.001576
5396.589844 -0.000857
5397.830078 -0.001402
5399.069824 -0.001432
5400.310059 -0.000465
5401.560059 0.000195
5402.799805 -0.000901
5404.049805 -0.001097
5405.290039 -0.001020
5406.540039 -0.000954
5407.779785 -0.000480
5409.029785 0.000326
5410.270020 -0.000867
5411.520020 -0.001309
5412.759766 0.000063
5414.009766 0.000069
5415.259766 -0.001834
5416.500000 -0.002578
5417.750000 -0.003200
5419.000000 -0.003990
5420.250000 -0.004104
5421.500000 -0.004546
5422.740234 -0.003892
5423.990234 -0.002749
5425.240234 -0.003401
5426.490234 -0.002802
5427.740234 -0.002588
5428.990234 -0.002764
5430.240234 -0.001765
5431.490234 -0.001648
5432.740234 -0.002958
5433.990234 -0.002307
5435.240234 -0.001182
5436.500000 -0.001638
5437.750000 -0.001232
5439.000000 -0.001643
5440.250000 -0.002046
5441.509766 -0.002232
5442.759766 -0.002942
5444.009766 -0.003083
5445.270020 -0.002799
5446.520020 -0.003180
5447.770020 -0.002511
5449.029785 -0.001372
5450.279785 -0.001097
5451.540039 -0.001010
5452.790039 -0.000193
5454.049805 0.000042
5455.310059 0.000200
5456.560059 -0.000464
5457.819824 -0.001040
5459.080078 0.000285
5460.330078 0.000193
5461.589844 -0.000384
5462.850098 -0.000323
5464.109863 -0.000523
5465.359863 0.000263
5466.620117 0.000438
5467.879883 0.000290
5469.140137 0.000221
5470.399902 0.000167
5471.660156 0.000606
5472.919922 0.000471
5474.180176 0.000111
5475.439941 -0.000190
5476.700195 0.000094
5477.959961 0.001114
5479.220215 0.001668
5480.490234 0.000826
5481.750000 -0.000435
5483.009766 0.000187
5484.270020 0.001137
5485.540039 0.000770
5486.799805 -0.000182
5488.060059 0.000269
5489.330078 -0.000154
5490.589844 -0.000628
5491.859863 -0.000620
5493.120117 -0.000023
5494.379883 -0.000347
5495.649902 0.000231
5496.919922 0.000805
5498.180176 0.000200
5499.450195 -0.000174
5500.709961 -0.000013
5501.979980 0.000323
5503.250000 -0.000211
5504.520020 -0.000012
5505.779785 0.000396
5507.049805 0.000384
5508.319824 0.000570
5509.589844 0.000683
5510.859863 0.000194
5512.129883 0.000607
5513.390137 0.001361
5514.660156 0.001371
5515.930176 0.001377
5517.200195 0.001525
5518.479980 0.001147
5519.750000 0.000796
5521.020020 0.000141
5522.290039 0.000246
5523.560059 0.000785
5524.830078 -0.000102
5526.100098 -0.000172
5527.379883 -0.000256
5528.649902 -0.000203
5529.919922 0.000696
5531.200195 0.001052
5532.470215 0.000199
5533.740234 0.000518
5535.020020 0.000569
5536.290039 -0.000041
5537.569824 -0.000482
5538.839844 -0.000573
5540.120117 -0.000702
5541.390137 -0.000317
5542.669922 -0.000298
5543.950195 -0.000911
5545.220215 -0.001987
5546.500000 -0.001530
5547.779785 -0.001184
5549.060059 -0.001244
5550.330078 -0.000090
5551.609863 -0.000878
5552.890137 -0.002145
5554.169922 -0.001905
5555.450195 -0.001355
5556.729980 -0.001194
5558.009766 -0.000956
5559.290039 -0.000837
5560.569824 0.000060
5561.850098 -0.000304
5563.129883 -0.000584
5564.410156 -0.000309
5565.689941 0.000355
5566.970215 0.001323
5568.250000 0.000233
5569.540039 -0.000307
5570.819824 0.000633
5572.100098 0.000292
5573.390137 0.000085
5574.669922 0.000709
5575.950195 0.000722
5577.240234 0.000751
5578.520020 0.000530
5579.810059 0.000844
5581.089844 0.001641
5582.379883 0.001467
5583.660156 0.000988
5584.950195 0.001039
5586.229980 0.001782
5587.520020 0.002227
5588.810059 0.001644
5590.089844 0.001865
5591.379883 0.002357
5592.669922 0.002005
5593.959961 0.001996
5595.240234 0.001964
5596.529785 0.001662
5597.819824 0.001711
5599.109863 0.001462
5600.399902 0.000823
5601.689941 0.000870
5602.979980 0.001238
5604.270020 0.001721
5605.560059 0.001239
5606.850098 0.000383
5608.140137 0.000923
5609.430176 0.001004
5610.729980 0.000486
5612.020020 0.000718
5613.310059 0.000410
5614.600098 -0.000442
5615.899902 -0.000550
5617.189941 -0.000044
5618.479980 0.001583
5619.779785 0.002145
5621.069824 0.001747
5622.370117 0.001788
5623.660156 0.002073
5624.959961 0.002114
5626.250000 0.002306
5627.549805 0.001783
5628.839844 0.002089
5630.140137 0.002551
5631.439941 0.002521
5632.729980 0.003087
5634.029785 0.002724
5635.330078 0.001469
5636.620117 0.001272
5637.919922 0.000727
5639.220215 0.001078
5640.520020 0.001750
5641.819824 0.001117
5643.120117 0.000681
5644.419922 0.000979
5645.720215 0.001189
5647.020020 0.001203
5648.319824 0.000489
5649.620117 0.000956
5650.919922 0.000561
5652.220215 0.000137
5653.520020 0.000358
5654.819824 -0.000028
5656.129883 -0.000160
5657.430176 -0.000160
5658.729980 -0.000102
5660.029785 -0.000560
5661.339844 0.000098
5662.640137 0.000536
5663.950195 0.000239
5665.250000 0.000507
5666.549805 0.000377
5667.859863 0.000657
5669.169922 0.000700
5670.470215 0.000715
5671.779785 0.000494
5673.080078 -0.000056
5674.390137 -0.000370
5675.700195 0.000091
5677.000000 0.000930
5678.310059 0.000604
5679.620117 -0.000342
5680.930176 0.000109
5682.229980 0.000295
5683.540039 -0.000462
5684.850098 -0.000347
5686.160156 0.000429
5687.470215 0.000961
5688.779785 0.000565
5690.089844 0.000701
5691.399902 0.001265
5692.709961 0.000550
5694.020020 0.000305
5695.330078 0.000303
5696.640137 -0.000113
5697.959961 0.000116
5699.270020 0.000278
5700.580078 0.000466
5701.890137 0.000751
5703.209961 0.000664
5704.520020 0.000621
5705.830078 0.000078
5707.149902 0.000265
5708.459961 0.001186
5709.779785 0.000665
5711.089844 0.000584
5712.410156 0.001481
5713.720215 0.001721
5715.040039 0.001601
5716.350098 0.001438
5717.669922 0.001275
5718.990234 0.001027
5720.299805 0.001251
5721.620117 0.000651
5722.939941 0.000708
5724.259766 0.000950
5725.569824 0.000344
5726.890137 0.000453
5728.209961 0.000413
5729.529785 0.000146
5730.850098 0.000152
5732.169922 -0.000369
5733.490234 -0.000023
5734.810059 0.000400
5736.129883 0.000104
5737.450195 -0.000218
5738.770020 -0.000299
5740.100098 -0.000140
5741.419922 0.000426
5742.740234 0.000197
5744.060059 -0.000026
5745.379883 -0.000219
5746.709961 -0.000914
5748.029785 -0.000551
5749.350098 0.000445
5750.680176 0.000623
5752.000000 0.000803
5753.330078 0.000977
5754.649902 0.001699
5755.979980 0.001619
5757.299805 0.001595
5758.629883 0.001930
5759.959961 0.001664
5761.279785 0.000998
5762.609863 0.000171
5763.939941 0.000259
5765.259766 0.000093
5766.589844 -0.000023
5767.919922 0.000593
5769.250000 0.000211
5770.580078 -0.000643
5771.899902 -0.000813
5773.229980 -0.000229
5774.560059 0.000390
5775.890137 -0.000160
5777.220215 -0.000511
5778.549805 -0.000449
5779.879883 -0.001261
5781.209961 -0.000968
5782.549805 -0.000212
5783.879883 -0.000214
5785.209961 0.000782
5786.540039 0.001020
5787.870117 0.000779
5789.209961 0.000531
5790.540039 0.000979
5791.870117 0.001240
5793.209961 0.000275
5794.540039 -0.000368
5795.879883 -0.001159
5797.209961 -0.002003
5798.549805 -0.001465
5799.879883 -0.001092
5801.220215 -0.001320
5802.549805 -0.001348
5803.890137 -0.001323
5805.229980 -0.001031
5806.560059 -0.000791
5807.899902 -0.000813
5809.240234 -0.001267
5810.569824 -0.000855
5811.910156 -0.000222
5813.250000 -0.000170
5814.589844 0.000010
5815.930176 0.000771
5817.270020 0.000181
5818.609863 -0.000271
5819.950195 0.000003
5821.290039 0.000066
5822.629883 0.001163
5823.970215 0.000794
5825.310059 -0.000499
5826.649902 -0.000415
5827.990234 0.000252
5829.339844 0.001004
5830.680176 0.000396
5832.020020 -0.000097
5833.359863 0.000034
5834.709961 0.000675
5836.049805 0.000623
5837.399902 0.000401
5838.740234 -0.000203
5840.080078 -0.000261
5841.430176 0.000314
5842.770020 -0.000214
5844.120117 0.000066
5845.470215 0.000071
5846.810059 0.000038
5848.160156 -0.000106
5849.500000 0.000543
5850.850098 0.001620
5852.200195 0.001447
5853.549805 0.001548
5854.890137 0.001848
5856.240234 0.002351
5857.589844 0.002506
5858.939941 0.002614
5860.290039 0.002417
5861.640137 0.002843
5862.990234 0.002974
5864.339844 0.002925
5865.689941 0.003281
5867.040039 0.003918
5868.390137 0.004190
5869.740234 0.004375
5871.089844 0.004246
5872.450195 0.006441
5873.799805 0.008232
5875.149902 0.004133
5876.500000 -0.004087
5877.859863 -0.005040
5879.209961 0.002552
5880.569824 0.008585
5881.919922 0.009333
5883.270020 0.008521
5884.629883 0.007465
5885.979980 0.007321
5887.339844 0.007409
5888.700195 0.006333
5890.049805 0.004830
5891.410156 0.003400
5892.759766 0.003947
5894.120117 0.007425
5895.479980 0.009181
5896.839844 0.007776
5898.189941 0.006916
5899.549805 0.008074
5900.910156 0.009681
5902.270020 0.010630
5903.629883 0.010811
5904.990234 0.009451
5906.350098 0.007564
5907.709961 0.006646
5909.069824 0.006284
5910.430176 0.005179
5911.790039 0.004827
5913.149902 0.004814
5914.509766 0.004244
5915.879883 0.004663
5917.240234 0.004849
5918.600098 0.004313
5919.959961 0.004375
5921.330078 0.004362
5922.689941 0.004317
5924.060059 0.004282
5925.419922 0.003694
5926.779785 0.003344
5928.149902 0.003482
5929.509766 0.003796
5930.879883 0.004134
5932.250000 0.004125
5933.609863 0.004046
5934.979980 0.003559
5936.339844 0.003497
5937.709961 0.003716
5939.080078 0.003760
5940.450195 0.004048
5941.810059 0.004332
5943.180176 0.003969
5944.549805 0.003579
5945.919922 0.003390
5947.290039 0.003628
5948.660156 0.003769
5950.029785 0.003415
5951.399902 0.003180
5952.770020 0.003301
5954.140137 0.003478
5955.509766 0.004161
5956.879883 0.004266
5958.250000 0.003887
5959.629883 0.003812
5961.000000 0.003541
5962.370117 0.003562
5963.750000 0.003933
5965.120117 0.003551
5966.490234 0.003489
5967.870117 0.003275
5969.240234 0.003100
5970.620117 0.003238
5971.990234 0.003486
5973.370117 0.003215
5974.740234 0.002988
5976.120117 0.002687
5977.490234 0.003244
5978.870117 0.003270
5980.250000 0.002745
5981.620117 0.002848
5983.000000 0.003616
5984.379883 0.003645
5985.759766 0.003767
5987.140137 0.003459
5988.509766 0.002952
5989.890137 0.003100
5991.270020 0.003298
5992.649902 0.003735
5994.029785 0.003600
5995.410156 0.002931
5996.790039 0.002999
5998.169922 0.002984
5999.560059 0.003181
6000.939941 0.003442
6002.319824 0.003234
6003.700195 0.003492
6005.080078 0.003610
6006.470215 0.003247
6007.850098 0.003772
6009.229980 0.003464
6010.620117 0.002999
6012.000000 0.003171
6013.390137 0.003037
6014.770020 0.003350
6016.160156 0.003770
6017.540039 0.003706
6018.930176 0.003566
6020.310059 0.003392
6021.700195 0.003556
6023.089844 0.003393
6024.470215 0.003052
6025.859863 0.002960
6027.250000 0.002958
6028.640137 0.002898
6030.020020 0.003367
6031.410156 0.003067
6032.799805 0.002563
6034.189941 0.002375
6035.580078 0.002682
6036.970215 0.002471
6038.359863 0.002501
6039.750000 0.001955
6041.140137 0.001853
6042.529785 0.002215
6043.930176 0.002322
6045.319824 0.002537
6046.709961 0.001820
6048.100098 0.001578
6049.490234 0.001874
6050.890137 0.001701
6052.279785 0.001565
6053.669922 0.001897
6055.069824 0.002293
6056.459961 0.002312
6057.859863 0.002336
6059.250000 0.002663
6060.649902 0.002522
6062.040039 0.002189
6063.439941 0.002614
6064.839844 0.002868
6066.229980 0.002740
6067.629883 0.002569
6069.029785 0.002469
6070.419922 0.002648
6071.819824 0.003088
6073.220215 0.002845
6074.620117 0.002364
6076.020020 0.002105
6077.419922 0.002074
6078.819824 0.002858
6080.220215 0.003228
6081.620117 0.002847
6083.020020 0.003266
6084.419922 0.003996
6085.819824 0.004435
6087.220215 0.004943
6088.620117 0.005359
6090.029785 0.005395
6091.430176 0.004960
6092.830078 0.004392
6094.229980 0.005093
6095.640137 0.004481
6097.040039 0.003560
6098.439941 0.003401
6099.850098 0.003395
6101.250000 0.003207
6102.660156 0.003108
6104.060059 0.003392
6105.470215 0.004050
6106.879883 0.003990
6108.279785 0.003716
6109.689941 0.003488
6111.100098 0.003171
6112.500000 0.003373
6113.910156 0.003099
6115.319824 0.002993
6116.729980 0.003479
6118.140137 0.003473
6119.540039 0.003737
6120.950195 0.003596
6122.359863 0.003589
6123.770020 0.004268
6125.180176 0.004025
6126.589844 0.003780
6128.000000 0.004113
6129.419922 0.003995
6130.830078 0.004074
6132.240234 0.003566
6133.649902 0.003325
6135.060059 0.002923
6136.479980 0.002842
6137.890137 0.003196
6139.299805 0.003262
6140.720215 0.002652
6142.129883 0.002620
6143.549805 0.003273
6144.959961 0.003041
6146.379883 0.003021
6147.790039 0.003161
6149.209961 0.002603
6150.620117 0.003507
6152.040039 0.003573
6153.459961 0.003675
6154.870117 0.003959
6156.290039 0.004360
6157.709961 0.005032
6159.129883 0.005179
6160.540039 0.005344
6161.959961 0.006282
6163.379883 0.006745
6164.799805 0.007059
6166.220215 0.006224
6167.640137 0.006023
6169.060059 0.007089
6170.479980 0.007130
6171.899902 0.006060
6173.319824 0.006448
6174.750000 0.006299
6176.169922 0.005800
6177.589844 0.005797
6179.009766 0.004922
6180.439941 0.005075
6181.859863 0.005091
6183.279785 0.005037
6184.709961 0.005259
6186.129883 0.005672
6187.560059 0.005562
6188.979980 0.005959
6190.410156 0.005962
6191.830078 0.005756
6193.259766 0.006789
6194.680176 0.007457
6196.109863 0.006963
6197.540039 0.006717
6198.959961 0.006475
6200.390137 0.006202
6201.819824 0.005735
6203.250000 0.005510
6204.680176 0.005207
6206.100098 0.005406
6207.529785 0.005894
6208.959961 0.006702
6210.390137 0.006699
6211.819824 0.006887
6213.250000 0.006107
6214.680176 0.006634
6216.120117 0.007183
6217.549805 0.007854
6218.979980 0.008489
6220.410156 0.008124
6221.839844 0.008326
6223.279785 0.007981
6224.709961 0.008975
6226.140137 0.009467
6227.580078 0.008140
6229.009766 0.007907
6230.450195 0.008441
6231.879883 0.008924
6233.310059 0.008413
6234.750000 0.008469
6236.189941 0.008443
6237.620117 0.008314
6239.060059 0.008582
6240.500000 0.008397
6241.930176 0.007626
6243.370117 0.007761
6244.810059 0.007969
6246.250000 0.008130
6247.680176 0.008289
6249.120117 0.008157
6250.560059 0.008146
6252.000000 0.008144
6253.439941 0.008406
6254.879883 0.007395
6256.319824 0.007588
6257.759766 0.008815
6259.200195 0.009077
6260.649902 0.008873
6262.089844 0.008366
6263.529785 0.008126
6264.970215 0.008284
6266.410156 0.007251
6267.859863 0.006534
6269.299805 0.006975
6270.740234 0.006266
6272.189941 0.006449
6273.629883 0.006896
6275.080078 0.007263
6276.520020 0.006841
6277.970215 0.005944
6279.410156 0.005619
6280.859863 0.005527
6282.310059 0.004983
6283.750000 0.004285
6285.200195 0.003802
6286.649902 0.004078
6288.089844 0.004686
6289.540039 0.005307
6290.990234 0.006495
6292.439941 0.007821
6293.890137 0.009622
6295.339844 0.012043
6296.790039 0.015972
6298.240234 0.021849
6299.689941 0.025673
6301.140137 0.027165
6302.589844 0.027708
6304.040039 0.026706
6305.490234 0.023819
6306.950195 0.019033
6308.399902 0.014026
6309.850098 0.010807
6311.299805 0.008795
6312.759766 0.007225
6314.209961 0.006345
6315.669922 0.006733
6317.120117 0.006650
6318.569824 0.005998
6320.029785 0.006254
6321.479980 0.006423
6322.939941 0.006512
6324.399902 0.006037
6325.850098 0.005800
6327.310059 0.005942
6328.770020 0.005679
6330.220215 0.005720
6331.680176 0.005628
6333.140137 0.005121
6334.600098 0.005388
6336.060059 0.005353
6337.520020 0.005323
6338.979980 0.005350
6340.439941 0.005324
6341.899902 0.005006
6343.359863 0.005381
6344.819824 0.005453
6346.279785 0.005181
6347.740234 0.004815
6349.200195 0.005228
6350.660156 0.005492
6352.129883 0.005427
6353.589844 0.006107
6355.049805 0.006419
6356.520020 0.006461
6357.979980 0.007267
6359.439941 0.008156
6360.910156 0.010482
6362.370117 0.012684
6363.839844 0.013667
6365.299805 0.014113
6366.770020 0.013469
6368.229980 0.011865
6369.700195 0.010547
6371.169922 0.008822
6372.640137 0.007203
6374.100098 0.006257
6375.569824 0.005259
6377.040039 0.004832
6378.509766 0.004964
6379.979980 0.004592
6381.450195 0.004360
6382.919922 0.004901
6384.390137 0.004808
6385.859863 0.005051
6387.330078 0.005004
6388.799805 0.005420
6390.270020 0.004943
6391.740234 0.004396
6393.209961 0.004411
6394.680176 0.004578
6396.160156 0.004892
6397.629883 0.004278
6399.100098 0.004985
6400.580078 0.004962
6402.049805 0.004895
6403.520020 0.005103
6405.000000 0.005142
6406.470215 0.004600
6407.950195 0.004439
6409.430176 0.004777
6410.899902 0.004447
6412.379883 0.004160
6413.850098 0.004217
6415.330078 0.003926
6416.810059 0.004313
6418.290039 0.004585
6419.759766 0.004135
6421.240234 0.004162
6422.720215 0.004408
6424.200195 0.004695
6425.680176 0.005203
6427.160156 0.005063
6428.640137 0.004591
6430.120117 0.004325
6431.600098 0.004443
6433.080078 0.004139
6434.560059 0.004397
6436.049805 0.004760
6437.529785 0.004268
6439.009766 0.003919
6440.490234 0.003786
6441.979980 0.004345
6443.459961 0.003766
6444.939941 0.003665
6446.430176 0.004376
6447.910156 0.003996
6449.399902 0.003373
6450.879883 0.003801
6452.370117 0.004029
6453.850098 0.003661
6455.339844 0.003339
6456.830078 0.003456
6458.310059 0.003988
6459.799805 0.003646
6461.290039 0.002690
6462.779785 0.002737
6464.259766 0.003237
6465.750000 0.003268
6467.240234 0.003382
6468.729980 0.003407
6470.220215 0.003330
6471.709961 0.003551
6473.200195 0.003345
6474.689941 0.003709
6476.180176 0.003463
6477.669922 0.003706
6479.169922 0.004166
6480.660156 0.003661
6482.149902 0.003993
6483.640137 0.004749
6485.140137 0.004903
6486.629883 0.004943
6488.120117 0.005328
6489.620117 0.005030
6491.109863 0.004783
6492.609863 0.004536
6494.100098 0.004267
6495.600098 0.004212
6497.089844 0.004750
6498.589844 0.004652
6500.089844 0.004988
6501.580078 0.006074
6503.080078 0.006335
6504.580078 0.006299
6506.080078 0.005967
6507.569824 0.006081
6509.069824 0.005878
6510.569824 0.005395
6512.069824 0.005377
6513.569824 0.005079
6515.069824 0.004276
6516.569824 0.003911
6518.069824 0.004623
6519.569824 0.005281
6521.069824 0.005392
6522.580078 0.005010
6524.080078 0.005158
6525.580078 0.005538
6527.080078 0.005142
6528.589844 0.004840
6530.089844 0.004926
6531.589844 0.006006
6533.100098 0.006499
6534.600098 0.006164
6536.109863 0.007014
6537.609863 0.007656
6539.120117 0.009196
6540.620117 0.011342
6542.129883 0.015807
6543.640137 0.024400
6545.140137 0.038073
6546.649902 0.048143
6548.160156 0.039411
6549.669922 0.027367
6551.169922 0.036952
6552.680176 0.054095
6554.189941 0.054202
6555.700195 0.047790
6557.209961 0.056005
6558.720215 0.097225
6560.229980 0.160984
6561.740234 0.111020
6563.250000 -0.159432
6564.759766 -0.335890
6566.279785 -0.124108
6567.790039 0.132759
6569.299805 0.155238
6570.810059 0.085321
6572.330078 0.045979
6573.839844 0.033117
6575.350098 0.032501
6576.870117 0.038152
6578.379883 0.052904
6579.899902 0.087158
6581.410156 0.128016
6582.930176 0.122845
6584.439941 0.071547
6585.959961 0.064870
6587.479980 0.114818
6588.990234 0.126601
6590.509766 0.085360
6592.029785 0.046807
6593.549805 0.027744
6595.060059 0.018852
6596.580078 0.014550
6598.100098 0.011778
6599.620117 0.010252
6601.140137 0.009438
6602.660156 0.008666
6604.180176 0.007916
6605.700195 0.006887
6607.220215 0.006499
6608.750000 0.005439
6610.270020 0.005516
6611.790039 0.006349
6613.310059 0.005754
6614.839844 0.005212
6616.359863 0.005071
6617.879883 0.004919
6619.410156 0.005827
6620.930176 0.005591
6622.459961 0.005384
6623.979980 0.005578
6625.509766 0.005174
6627.029785 0.005645
6628.560059 0.005577
6630.080078 0.005572
6631.609863 0.005779
6633.140137 0.005069
6634.669922 0.005029
6636.189941 0.005628
6637.720215 0.006023
6639.250000 0.006738
6640.779785 0.006757
6642.310059 0.006288
6643.839844 0.005765
6645.370117 0.005177
6646.899902 0.005366
6648.430176 0.005375
6649.959961 0.005478
6651.490234 0.005196
6653.020020 0.005804
6654.560059 0.006845
6656.089844 0.006503
6657.620117 0.006045
6659.149902 0.006069
6660.689941 0.005592
6662.220215 0.005988
6663.759766 0.006313
6665.290039 0.006298
6666.830078 0.006716
6668.359863 0.006824
6669.899902 0.006217
6671.430176 0.006287
6672.970215 0.006983
6674.509766 0.007265
6676.040039 0.007223
6677.580078 0.005996
6679.120117 0.003640
6680.660156 0.002873
6682.189941 0.005224
6683.729980 0.007110
6685.270020 0.007551
6686.810059 0.006715
6688.350098 0.006786
6689.890137 0.006837
6691.430176 0.006007
6692.970215 0.006522
6694.509766 0.006674
6696.060059 0.006156
6697.600098 0.007485
6699.140137 0.007760
6700.680176 0.007773
6702.229980 0.007774
6703.770020 0.007747
6705.310059 0.008965
6706.859863 0.009465
6708.399902 0.011193
6709.950195 0.014992
6711.490234 0.021804
6713.040039 0.035991
6714.580078 0.050113
6716.129883 0.043670
6717.680176 0.021098
6719.220215 0.022589
6720.770020 0.047134
6722.319824 0.052726
6723.870117 0.039672
6725.419922 0.031323
6726.959961 0.033672
6728.509766 0.042681
6730.060059 0.042591
6731.609863 0.026097
6733.160156 0.019507
6734.709961 0.034614
6736.259766 0.042051
6737.810059 0.031499
6739.370117 0.019593
6740.919922 0.012714
6742.470215 0.010181
6744.020020 0.008653
6745.580078 0.007809
6747.129883 0.007337
6748.680176 0.006609
6750.240234 0.006358
6751.790039 0.006133
6753.350098 0.006093
6754.899902 0.006213
6756.459961 0.006483
6758.009766 0.006482
6759.569824 0.006116
6761.129883 0.005872
6762.680176 0.005915
6764.240234 0.005530
6765.799805 0.005632
6767.359863 0.005741
6768.919922 0.005535
6770.470215 0.005645
6772.029785 0.005974
6773.589844 0.005798
6775.149902 0.005053
6776.709961 0.004723
6778.270020 0.005130
6779.830078 0.005594
6781.399902 0.005442
6782.959961 0.005718
6784.520020 0.005681
6786.080078 0.005671
6787.640137 0.005688
6789.209961 0.004984
6790.770020 0.004400
6792.330078 0.005242
6793.899902 0.005902
6795.459961 0.006339
6797.029785 0.006034
6798.589844 0.005576
6800.160156 0.006281
6801.729980 0.006391
6803.290039 0.005901
6804.859863 0.005289
6806.430176 0.004903
6807.990234 0.004745
6809.560059 0.004840
6811.129883 0.005063
6812.700195 0.005093
6814.270020 0.005271
6815.839844 0.004868
6817.399902 0.004560
6818.970215 0.004224
6820.540039 0.004382
6822.120117 0.004830
6823.689941 0.004843
6825.259766 0.004963
6826.830078 0.004842
6828.399902 0.004327
6829.970215 0.004290
6831.549805 0.004463
6833.120117 0.004632
6834.689941 0.004603
6836.270020 0.004347
6837.839844 0.004650
6839.419922 0.004457
6840.990234 0.004006
6842.569824 0.003694
6844.140137 0.003963
6845.720215 0.004445
6847.299805 0.004262
6848.870117 0.004332
6850.450195 0.004358
6852.029785 0.003723
6853.600098 0.003692
6855.180176 0.004252
6856.759766 0.004130
6858.339844 0.004097
6859.919922 0.003346
6861.500000 0.003787
6863.080078 0.004380
6864.660156 0.004175
6866.240234 0.003608
6867.819824 0.003965
6869.399902 0.004264
6870.990234 0.003960
6872.569824 0.003653
6874.149902 0.003795
6875.729980 0.004103
6877.319824 0.004126
6878.899902 0.003657
6880.490234 0.003275
6882.069824 0.003550
6883.649902 0.004173
6885.240234 0.003554
6886.830078 0.003396
6888.410156 0.003960
6890.000000 0.003473
6891.580078 0.003239
6893.169922 0.003920
6894.759766 0.003546
6896.350098 0.003383
6897.930176 0.003233
6899.520020 0.003466
6901.109863 0.003566
6902.700195 0.003297
6904.290039 0.003165
6905.879883 0.003548
6907.470215 0.003443
6909.060059 0.003152
6910.649902 0.002695
6912.240234 0.002761
6913.839844 0.003136
6915.430176 0.003329
6917.020020 0.003114
6918.609863 0.002460
6920.209961 0.002598
6921.799805 0.002793
6923.390137 0.002810
6924.990234 0.002591
6926.580078 0.003349
6928.180176 0.003636
6929.770020 0.003103
6931.370117 0.002955
6932.970215 0.003105
6934.560059 0.002830
6936.160156 0.003105
6937.759766 0.002874
6939.350098 0.002674
6940.950195 0.002728
6942.549805 0.002447
6944.149902 0.002042
6945.750000 0.002131
6947.350098 0.002629
6948.950195 0.002570
6950.549805 0.002344
6952.149902 0.001769
6953.750000 0.002345
6955.350098 0.003091
6956.950195 0.002534
6958.560059 0.002297
6960.160156 0.002714
6961.759766 0.003103
6963.359863 0.002699
6964.970215 0.002306
6966.569824 0.002137
6968.180176 0.002023
6969.779785 0.002035
6971.390137 0.002270
6972.990234 0.002186
6974.600098 0.002183
6976.200195 0.001514
6977.810059 0.000933
6979.419922 0.001770
6981.020020 0.001949
6982.629883 0.001804
6984.240234 0.002337
6985.850098 0.002730
6987.459961 0.003072
6989.060059 0.002531
6990.669922 0.002028
6992.279785 0.001609
6993.890137 0.001850
6995.509766 0.001947
6997.120117 0.001483
6998.729980 0.002041
7000.339844 0.002507
7001.950195 0.002073
7003.560059 0.001390
7005.180176 0.001600
7006.790039 0.002377
7008.399902 0.002299
7010.020020 0.002354
7011.629883 0.002553
7013.250000 0.002187
7014.859863 0.001778
7016.479980 0.001485
7018.089844 0.002045
7019.709961 0.001448
7021.330078 0.000831
7022.939941 0.000951
7024.560059 0.001853
7026.180176 0.002332
7027.790039 0.001616
7029.410156 0.001317
7031.029785 0.001142
7032.649902 0.001048
7034.270020 0.001375
7035.890137 0.001141
7037.509766 0.000605
7039.129883 0.001009
7040.750000 0.001263
7042.370117 0.000853
7044.000000 0.000969
7045.620117 0.001033
7047.240234 0.001103
7048.859863 0.000927
7050.490234 0.000506
7052.109863 0.000694
7053.729980 0.001397
7055.359863 0.002284
7056.979980 0.003570
7058.609863 0.003792
7060.229980 0.004328
7061.859863 0.005128
7063.490234 0.005461
7065.109863 0.004384
7066.740234 0.002128
7068.370117 0.002641
7069.990234 0.004601
7071.620117 0.004604
7073.250000 0.004390
7074.879883 0.004190
7076.509766 0.004275
7078.140137 0.004182
7079.770020 0.003838
7081.399902 0.003898
7083.029785 0.004118
7084.660156 0.004486
7086.290039 0.004632
7087.919922 0.004964
7089.560059 0.005205
7091.189941 0.005410
7092.819824 0.005543
7094.459961 0.005589
7096.089844 0.005726
7097.720215 0.006311
7099.359863 0.006019
7100.990234 0.005736
7102.629883 0.006228
7104.259766 0.005860
7105.899902 0.005791
7107.540039 0.006295
7109.169922 0.006230
7110.810059 0.005487
7112.450195 0.005291
7114.089844 0.005281
7115.720215 0.005304
7117.359863 0.005354
7119.000000 0.005367
7120.640137 0.005227
7122.279785 0.005273
7123.919922 0.005968
7125.560059 0.006201
7127.200195 0.006415
7128.839844 0.007466
7130.490234 0.008487
7132.129883 0.009628
7133.770020 0.010939
7135.410156 0.009474
7137.060059 0.005512
7138.700195 0.005423
7140.339844 0.009590
7141.990234 0.011307
7143.629883 0.009452
7145.279785 0.008541
7146.919922 0.007789
7148.569824 0.007211
7150.209961 0.007281
7151.859863 0.007130
7153.509766 0.006778
7155.160156 0.006773
7156.799805 0.007576
7158.450195 0.007396
7160.100098 0.006755
7161.750000 0.006959
7163.399902 0.006864
7165.049805 0.006305
7166.700195 0.006260
7168.350098 0.006112
7170.000000 0.006149
7171.649902 0.006198
7173.299805 0.005600
7174.950195 0.005661
7176.609863 0.006042
7178.259766 0.005851
7179.910156 0.005568
7181.560059 0.005484
7183.220215 0.005287
7184.870117 0.005032
7186.529785 0.005162
7188.180176 0.005084
7189.839844 0.005469
7191.490234 0.005464
7193.149902 0.005561
7194.810059 0.005753
7196.459961 0.005309
7198.120117 0.005586
7199.779785 0.005498
7201.439941 0.005609
7203.089844 0.005893
7204.750000 0.006093
7206.410156 0.005574
7208.069824 0.004970
7209.729980 0.005230
7211.390137 0.005602
7213.049805 0.005317
7214.709961 0.005112
7216.379883 0.005397
7218.040039 0.005685
7219.700195 0.005028
7221.359863 0.004373
7223.020020 0.003772
7224.689941 0.003509
7226.350098 0.003557
7228.020020 0.003289
7229.680176 0.003739
7231.350098 0.003739
7233.009766 0.003674
7234.680176 0.004055
7236.339844 0.004091
7238.009766 0.004363
7239.680176 0.003738
7241.339844 0.003121
7243.009766 0.003634
7244.680176 0.004034
7246.350098 0.004164
7248.020020 0.003922
7249.680176 0.003609
7251.350098 0.004391
7253.020020 0.004293
7254.689941 0.003534
7256.359863 0.003675
7258.040039 0.003493
7259.709961 0.003466
7261.379883 0.003331
7263.049805 0.003230
7264.720215 0.003143
7266.399902 0.003327
7268.069824 0.003655
7269.740234 0.003105
7271.419922 0.003087
7273.089844 0.003455
7274.770020 0.003723
7276.439941 0.003669
7278.120117 0.003218
7279.790039 0.002909
7281.470215 0.003057
7283.149902 0.003090
7284.819824 0.003614
7286.500000 0.003725
7288.180176 0.003531
7289.859863 0.003592
7291.540039 0.003684
7293.220215 0.003874
7294.899902 0.003900
7296.580078 0.003911
7298.259766 0.003914
7299.939941 0.003788
7301.620117 0.003633
7303.299805 0.003202
7304.979980 0.002646
7306.660156 0.002546
7308.350098 0.002272
7310.029785 0.002602
7311.709961 0.002727
7313.399902 0.002974
7315.080078 0.003534
7316.759766 0.004559
7318.450195 0.004708
7320.129883 0.003828
7321.819824 0.003409
7323.509766 0.003768
7325.189941 0.005006
7326.879883 0.006179
7328.569824 0.005844
7330.250000 0.003959
7331.939941 0.002891
7333.629883 0.003122
7335.319824 0.003657
7337.009766 0.003599
7338.700195 0.002669
7340.390137 0.002169
7342.080078 0.001445
7343.770020 0.000860
7345.459961 0.001010
7347.149902 0.000984
7348.839844 0.000991
7350.540039 0.001076
7352.229980 0.001120
7353.919922 0.000625
7355.620117 0.000295
7357.310059 0.000775
7359.000000 0.001314
7360.700195 0.001589
7362.390137 0.001509
7364.089844 0.001093
7365.790039 0.001194
7367.479980 0.001219
7369.180176 0.001212
7370.879883 0.000584
7372.569824 0.000518
7374.270020 0.000423
7375.970215 0.000926
7377.669922 0.001056
7379.370117 0.000749
7381.069824 0.000291
7382.770020 0.000680
7384.470215 0.000475
7386.169922 0.000132
7387.870117 -0.000055
7389.569824 -0.000188
7391.270020 0.000243
7392.970215 0.000485
7394.669922 0.000850
7396.379883 0.000670
7398.080078 -0.000192
7399.779785 -0.000429
7401.490234 0.000208
7403.189941 0.000179
7404.899902 -0.000580
7406.600098 -0.000925
7408.310059 -0.000806
7410.020020 -0.000607
7411.720215 -0.000640
7413.430176 -0.001060
7415.140137 -0.001013
7416.839844 -0.000438
7418.549805 0.000020
7420.259766 -0.000692
7421.970215 -0.001044
7423.680176 -0.000735
7425.390137 -0.000764
7427.100098 -0.000614
7428.810059 -0.000761
7430.520020 -0.001421
7432.229980 -0.000914
7433.939941 -0.000465
7435.649902 -0.000875
7437.359863 -0.000997
7439.080078 -0.000543
7440.790039 -0.000725
7442.500000 -0.000985
7444.220215 -0.001005
7445.930176 -0.001261
7447.649902 -0.001428
7449.359863 -0.001242
7451.080078 -0.000661
7452.790039 -0.000984
7454.509766 -0.001234
7456.229980 -0.000927
7457.939941 -0.000434
7459.660156 -0.000780
7461.379883 -0.001334
7463.100098 -0.001529
7464.819824 -0.000857
7466.529785 -0.000423
7468.250000 -0.001259
7469.970215 -0.001418
7471.689941 -0.000892
7473.410156 -0.000611
7475.140137 -0.000993
7476.859863 -0.000849
7478.580078 -0.001102
7480.299805 -0.001596
7482.020020 -0.002008
7483.750000 -0.001842
7485.470215 -0.001223
7487.189941 -0.001010
7488.919922 -0.001329
7490.640137 -0.001795
7492.370117 -0.001166
7494.089844 -0.001264
7495.819824 -0.001213
7497.540039 -0.000566
7499.270020 -0.000713
7501.000000 -0.001199
7502.729980 -0.001244
7504.450195 -0.001187
7506.180176 -0.000906
7507.910156 -0.001479
7509.640137 -0.002663
7511.370117 -0.002467
7513.100098 -0.002291
7514.830078 -0.002114
7516.560059 -0.001876
7518.290039 -0.001751
7520.020020 -0.001590
7521.750000 -0.002060
7523.490234 -0.002151
7525.220215 -0.001927
7526.950195 -0.002459
7528.680176 -0.001725
7530.419922 -0.002249
7532.149902 -0.002196
7533.890137 -0.002087
7535.620117 -0.002641
7537.359863 -0.002380
7539.089844 -0.002572
7540.830078 -0.003147
7542.569824 -0.002885
7544.299805 -0.002689
7546.040039 -0.002659
7547.779785 -0.002494
7549.520020 -0.002728
7551.250000 -0.002731
7552.990234 -0.003137
7554.729980 -0.003376
7556.470215 -0.002869
7558.209961 -0.003437
7559.950195 -0.003779
7561.689941 -0.003611
7563.439941 -0.003249
7565.180176 -0.002525
7566.919922 -0.003243
7568.660156 -0.003921
7570.399902 -0.003431
7572.149902 -0.003535
7573.890137 -0.003707
7575.640137 -0.002693
7577.379883 -0.002182
7579.120117 -0.002753
7580.870117 -0.002961
7582.620117 -0.002839
7584.359863 -0.002813
7586.109863 -0.002837
7587.859863 -0.002456
7589.600098 -0.001950
7591.350098 -0.001759
7593.100098 -0.001030
7594.850098 -0.000356
7596.600098 -0.000256
7598.350098 -0.000346
7600.100098 -0.000270
7601.850098 -0.000296
7603.600098 -0.000848
7605.350098 -0.000682
7607.100098 -0.001102
7608.850098 -0.000792
7610.600098 -0.000168
7612.359863 0.000022
7614.109863 -0.000846
7615.859863 -0.001040
7617.620117 -0.000892
7619.370117 -0.000856
7621.120117 -0.001242
7622.879883 -0.001834
7624.640137 -0.000859
7626.390137 -0.000207
7628.149902 -0.000129
7629.899902 -0.000570
7631.660156 -0.000644
7633.419922 -0.000301
7635.180176 -0.000053
7636.930176 -0.000123
7638.689941 -0.000385
7640.450195 -0.001017
7642.209961 -0.000772
7643.970215 -0.000663
7645.729980 -0.000580
7647.490234 -0.001155
7649.250000 -0.001113
7651.020020 -0.000755
7652.779785 -0.001253
7654.540039 -0.001144
7656.299805 -0.000560
7658.069824 -0.000380
7659.830078 -0.000644
7661.589844 -0.000846
7663.359863 -0.001013
7665.120117 -0.000657
7666.890137 -0.001051
7668.649902 -0.000634
7670.419922 0.000008
7672.189941 0.000987
7673.950195 0.001258
7675.720215 0.000850
7677.490234 0.000544
7679.250000 -0.000314
7681.020020 -0.000728
7682.790039 -0.000129
7684.560059 0.000218
7686.330078 0.000072
7688.100098 0.000034
7689.870117 -0.000562
7691.640137 -0.000468
7693.410156 -0.000401
7695.189941 -0.001049
7696.959961 -0.001019
7698.729980 -0.001301
7700.500000 -0.000655
7702.279785 -0.001014
7704.049805 -0.001033
7705.819824 -0.000406
7707.600098 -0.000228
7709.370117 -0.000619
7711.149902 -0.001135
7712.919922 -0.001259
7714.700195 -0.000640
7716.479980 -0.000898
7718.250000 -0.000920
7720.029785 -0.000662
7721.810059 -0.000789
7723.589844 -0.000921
7725.370117 -0.001150
7727.149902 -0.000996
7728.919922 -0.001207
7730.700195 -0.001957
7732.479980 -0.001932
7734.270020 -0.001706
7736.049805 -0.001326
7737.830078 -0.001693
7739.609863 -0.002321
7741.390137 -0.002000
7743.180176 -0.001561
7744.959961 -0.001747
7746.740234 -0.001954
7748.529785 -0.001358
7750.310059 -0.000630
7752.089844 -0.001906
7753.879883 -0.002457
7755.669922 -0.001028
7757.450195 -0.000174
7759.240234 -0.000885
7761.020020 -0.001072
7762.810059 -0.000748
7764.600098 -0.001132
7766.390137 -0.001911
7768.180176 -0.002219
7769.970215 -0.002567
7771.750000 -0.003497
7773.540039 -0.003771
7775.330078 -0.003555
7777.120117 -0.003513
7778.919922 -0.002907
7780.709961 -0.002943
7782.500000 -0.002813
7784.290039 -0.002749
7786.080078 -0.002831
7787.879883 -0.002840
7789.669922 -0.002560
7791.459961 -0.002192
7793.259766 -0.002006
7795.049805 -0.002341
7796.850098 -0.002642
7798.640137 -0.002888
7800.439941 -0.003510
7802.240234 -0.003180
7804.029785 -0.002729
7805.830078 -0.002623
7807.629883 -0.002982
7809.430176 -0.003507
7811.220215 -0.003334
7813.020020 -0.002979
7814.819824 -0.003612
7816.620117 -0.003545
7818.419922 -0.003597
7820.220215 -0.004115
7822.020020 -0.003357
7823.819824 -0.002998
7825.629883 -0.003684
7827.430176 -0.003943
7829.229980 -0.003870
7831.029785 -0.003858
7832.839844 -0.003982
7834.640137 -0.004132
7836.439941 -0.003471
7838.250000 -0.003097
7840.049805 -0.002819
7841.859863 -0.003273
7843.669922 -0.003450
7845.470215 -0.003838
7847.279785 -0.004188
7849.089844 -0.004284
7850.890137 -0.003960
7852.700195 -0.003813
7854.509766 -0.004239
7856.319824 -0.004625
7858.129883 -0.004267
7859.939941 -0.004185
7861.750000 -0.004505
7863.560059 -0.004576
7865.370117 -0.004453
7867.180176 -0.004234
7868.990234 -0.004393
7870.799805 -0.004680
7872.620117 -0.004707
7874.430176 -0.004722
7876.240234 -0.004630
7878.060059 -0.004707
7879.870117 -0.004936
7881.689941 -0.005019
7883.500000 -0.004293
7885.319824 -0.004318
7887.129883 -0.004677
7888.950195 -0.004530
7890.759766 -0.004747
7892.580078 -0.004429
7894.399902 -0.004214
7896.220215 -0.004753
7898.040039 -0.004657
7899.850098 -0.004678
7901.669922 -0.004781
7903.490234 -0.005528
7905.310059 -0.005460
7907.129883 -0.005307
7908.950195 -0.005207
7910.779785 -0.005279
7912.600098 -0.005486
7914.419922 -0.005575
7916.240234 -0.005215
7918.069824 -0.005398
7919.890137 -0.004678
7921.709961 -0.004884
7923.540039 -0.005538
7925.359863 -0.005520
7927.189941 -0.005733
7929.009766 -0.005789
7930.839844 -0.006039
7932.660156 -0.006502
7934.490234 -0.006049
7936.319824 -0.006160
7938.149902 -0.006272
7939.970215 -0.005758
7941.799805 -0.006357
7943.629883 -0.006958
7945.459961 -0.007242
7947.290039 -0.007381
7949.120117 -0.006580
7950.950195 -0.006202
7952.779785 -0.006067
7954.609863 -0.006650
7956.450195 -0.007175
7958.279785 -0.006925
7960.109863 -0.007406
7961.939941 -0.007617
7963.779785 -0.007706
7965.609863 -0.008128
7967.450195 -0.007624
7969.279785 -0.006990
7971.120117 -0.008070
7972.950195 -0.008723
7974.790039 -0.008192
7976.620117 -0.008223
7978.459961 -0.008533
7980.299805 -0.008927
7982.140137 -0.008597
7983.970215 -0.008536
7985.810059 -0.008567
7987.649902 -0.008533
7989.490234 -0.009100
7991.330078 -0.009278
7993.169922 -0.008901
7995.009766 -0.008951
7996.850098 -0.008348
7998.689941 -0.008584
8000.540039 -0.009447
8002.379883 -0.008932
8004.220215 -0.008586
8006.060059 -0.009592
8007.910156 -0.009847
8009.750000 -0.010099
8011.600098 -0.010162
8013.439941 -0.009554
8015.290039 -0.010684
8017.129883 -0.011549
8018.979980 -0.010918
8020.830078 -0.010576
8022.669922 -0.010198
8024.520020 -0.010450
8026.370117 -0.011382
8028.220215 -0.011463
8030.069824 -0.011940
8031.910156 -0.011870
8033.759766 -0.011724
8035.609863 -0.011217
8037.459961 -0.011133
8039.319824 -0.011550
8041.169922 -0.011447
8043.020020 -0.011763
8044.870117 -0.012171
8046.720215 -0.012809
8048.580078 -0.012290
8050.430176 -0.011002
8052.279785 -0.010753
8054.140137 -0.011966
8055.990234 -0.012889
8057.850098 -0.012750
8059.700195 -0.012976
8061.560059 -0.013049
8063.419922 -0.013108
8065.270020 -0.012856
8067.129883 -0.012388
8068.990234 -0.012326
8070.850098 -0.012805
8072.709961 -0.013394
8074.560059 -0.014496
8076.419922 -0.014367
8078.279785 -0.013255
8080.140137 -0.014064
8082.000000 -0.015143
8083.870117 -0.014067
8085.729980 -0.014418
8087.589844 -0.014805
8089.450195 -0.014660
8091.310059 -0.014780
8093.180176 -0.014318
8095.040039 -0.012943
8096.910156 -0.013330
8098.770020 -0.013465
8100.640137 -0.012969
8102.500000 -0.013208
8104.370117 -0.013821
8106.229980 -0.013563
8108.100098 -0.014414
8109.970215 -0.015310
8111.830078 -0.014680
8113.700195 -0.014151
8115.569824 -0.014181
8117.439941 -0.014798
8119.310059 -0.015468
8121.180176 -0.016310
8123.049805 -0.016674
8124.919922 -0.015502
8126.790039 -0.015962
8128.660156 -0.016899
8130.529785 -0.016450
8132.410156 -0.016515
8134.279785 -0.017421
8136.149902 -0.018163
8138.029785 -0.017722
8139.899902 -0.016846
8141.770020 -0.016848
8143.649902 -0.017386
8145.520020 -0.017095
8147.399902 -0.017206
8149.279785 -0.017137
8151.149902 -0.016958
8153.029785 -0.017745
8154.910156 -0.017198
8156.790039 -0.017686
8158.660156 -0.018330
8160.540039 -0.017762
8162.419922 -0.017746
8164.299805 -0.017633
8166.180176 -0.017903
8168.060059 -0.018124
8169.939941 -0.018630
8171.830078 -0.018800
8173.709961 -0.019531
8175.589844 -0.019705
8177.470215 -0.018689
8179.359863 -0.018445
8181.240234 -0.018692
8183.120117 -0.018272
8185.009766 -0.017145
8186.890137 -0.016297
8188.779785 -0.017926
8190.660156 -0.018814
8192.549805 -0.017495
8194.440430 -0.017337
8196.320312 -0.016964
8198.209961 -0.015504
8200.099609 -0.015952
8201.990234 -0.017354
8203.879883 -0.016693
8205.759766 -0.016094
8207.660156 -0.017190
8209.540039 -0.017038
8211.440430 -0.016469
8213.330078 -0.016009
8215.219727 -0.015898
8217.110352 -0.016374
8219.000000 -0.019138
8220.889648 -0.017955
8222.790039 -0.016945
8224.679688 -0.018052
8226.580078 -0.018045
8228.469727 -0.018269
8230.360352 -0.018759
8232.259766 -0.017636
8234.160156 -0.018642
8236.049805 -0.020526
8237.950195 -0.019518
8239.849609 -0.019068
8241.740234 -0.019294
8243.639648 -0.020392
8245.540039 -0.020085
8247.440430 -0.019623
8249.339844 -0.019360
8251.240234 -0.018477
8253.139648 -0.018695
8255.040039 -0.019527
8256.940430 -0.020300
8258.839844 -0.019708
8260.740234 -0.019047
8262.639648 -0.019657
8264.549805 -0.020116
8266.450195 -0.020303
8268.349609 -0.019115
8270.259766 -0.019285
8272.160156 -0.020109
8274.070312 -0.019495
8275.969727 -0.018921
8277.879883 -0.019340
8279.790039 -0.018221
8281.690430 -0.018611
8283.599609 -0.017514
8285.509766 -0.018330
8287.419922 -0.019253
8289.320312 -0.018686
8291.230469 -0.018006
8293.139648 -0.018186
8295.049805 -0.018289
8296.959961 -0.017381
8298.870117 -0.016750
8300.780273 -0.017799
8302.700195 -0.017283
8304.610352 -0.015868
8306.519531 -0.014689
8308.429688 -0.015163
8310.349609 -0.016060
8312.259766 -0.015252
8314.169922 -0.015147
8316.089844 -0.016273
8318.000000 -0.015783
8319.919922 -0.015616
8321.830078 -0.015481
8323.750000 -0.016783
8325.669922 -0.017923
8327.580078 -0.016750
8329.500000 -0.015312
8331.419922 -0.016267
8333.339844 -0.016658
8335.259766 -0.015659
8337.179688 -0.015491
8339.099609 -0.015608
8341.019531 -0.016224
8342.940430 -0.014709
8344.860352 -0.013840
8346.780273 -0.016471
8348.700195 -0.016471
