3450.000000 0.021786
3450.790039 0.021907
3451.590088 0.022426
3452.379883 0.023863
3453.179932 0.023449
3453.969971 0.023427
3454.770020 0.022042
3455.570068 0.020744
3456.360107 0.022243
3457.159912 0.024398
3457.949951 0.023996
3458.750000 0.024126
3459.550049 0.025993
3460.340088 0.025087
3461.139893 0.024948
3461.939941 0.025765
3462.729980 0.022096
3463.530029 0.024718
3464.330078 0.024883
3465.129883 0.023637
3465.919922 0.022430
3466.719971 0.021859
3467.520020 0.023454
3468.320068 0.023936
3469.120117 0.023672
3469.919922 0.022392
3470.719971 0.021055
3471.520020 0.021586
3472.310059 0.023610
3473.110107 0.024306
3473.909912 0.024880
3474.709961 0.024568
3475.510010 0.025547
3476.310059 0.026894
3477.120117 0.026604
3477.919922 0.024904
3478.719971 0.022940
3479.520020 0.021598
3480.320068 0.021701
3481.120117 0.022078
3481.919922 0.022021
3482.719971 0.021504
3483.530029 0.022075
3484.330078 0.022681
3485.129883 0.021968
3485.929932 0.023226
3486.739990 0.021848
3487.540039 0.021275
3488.340088 0.020982
3489.149902 0.022414
3489.949951 0.023083
3490.750000 0.022143
3491.560059 0.021916
3492.360107 0.022811
3493.169922 0.022567
3493.969971 0.022616
3494.770020 0.023451
3495.580078 0.021158
3496.379883 0.020949
3497.189941 0.022723
3497.989990 0.022600
3498.800049 0.022526
3499.610107 0.019464
3500.409912 0.016517
3501.219971 0.016887
3502.020020 0.019789
3502.830078 0.020384
3503.639893 0.018323
3504.439941 0.016981
3505.250000 0.019183
3506.060059 0.020050
3506.870117 0.019736
3507.669922 0.017222
3508.479980 0.018407
3509.290039 0.019825
3510.100098 0.019235
3510.909912 0.019072
3511.709961 0.018908
3512.520020 0.019764
3513.330078 0.020506
3514.139893 0.020503
3514.949951 0.020083
3515.760010 0.020112
3516.570068 0.018113
3517.379883 0.016284
3518.189941 0.016233
3519.000000 0.013828
3519.810059 0.014688
3520.620117 0.016047
3521.429932 0.016750
3522.239990 0.016481
3523.050049 0.016334
3523.860107 0.016960
3524.679932 0.019014
3525.489990 0.018946
3526.300049 0.017552
3527.110107 0.017344
3527.919922 0.015674
3528.739990 0.012158
3529.550049 0.011643
3530.360107 0.012615
3531.169922 0.012651
3531.989990 0.014100
3532.800049 0.015865
3533.610107 0.014371
3534.429932 0.012499
3535.239990 0.012600
3536.060059 0.013718
3536.870117 0.012259
3537.679932 0.011177
3538.500000 0.011474
3539.310059 0.010945
3540.129883 0.010108
3540.939941 0.010161
3541.760010 0.009781
3542.580078 0.011237
3543.389893 0.011022
3544.209961 0.009193
3545.020020 0.009576
3545.840088 0.008129
3546.659912 0.009494
3547.469971 0.010437
3548.290039 0.009367
3549.110107 0.008919
3549.919922 0.007942
3550.739990 0.007182
3551.560059 0.007793
3552.379883 0.008860
3553.199951 0.008513
3554.010010 0.008747
3554.830078 0.009283
3555.649902 0.007641
3556.469971 0.006101
3557.290039 0.005983
3558.110107 0.006998
3558.929932 0.006187
3559.750000 0.006426
3560.570068 0.007933
3561.389893 0.005700
3562.209961 0.005627
3563.030029 0.005221
3563.850098 0.004656
3564.669922 0.005968
3565.489990 0.007270
3566.310059 0.008804
3567.129883 0.008541
3567.949951 0.006820
3568.770020 0.007082
3569.600098 0.007767
3570.419922 0.007962
3571.239990 0.006569
3572.060059 0.005979
3572.889893 0.005651
3573.709961 0.006092
3574.530029 0.004314
3575.350098 0.004576
3576.179932 0.004726
3577.000000 0.003910
3577.820068 0.002268
3578.649902 0.003118
3579.469971 0.003395
3580.300049 0.004702
3581.120117 0.006347
3581.949951 0.005659
3582.770020 0.004892
3583.600098 0.004243
3584.419922 0.004293
3585.250000 0.003710
3586.070068 0.005912
3586.899902 0.006095
3587.719971 0.004271
3588.550049 0.003606
3589.379883 0.003076
3590.199951 0.002745
3591.030029 0.003003
3591.860107 0.001718
3592.679932 0.000797
3593.510010 0.002261
3594.340088 0.004016
3595.169922 0.004074
3596.000000 0.002385
3596.820068 0.002622
3597.649902 0.001791
3598.479980 0.000521
3599.310059 0.002465
3600.139893 0.002252
3600.969971 -0.000305
3601.800049 0.000511
3602.629883 0.003382
3603.449951 0.004741
3604.280029 0.003451
3605.110107 0.003615
3605.949951 0.003187
3606.780029 0.001793
3607.610107 0.001376
3608.439941 0.002575
3609.270020 0.003951
3610.100098 0.004101
3610.929932 0.002404
3611.760010 0.001608
3612.590088 0.001987
3613.429932 0.001245
3614.260010 0.000873
3615.090088 0.000593
3615.919922 -0.000036
3616.760010 -0.000623
3617.590088 0.000602
3618.419922 0.003280
3619.250000 0.005635
3620.090088 0.004952
3620.919922 0.003554
3621.760010 0.001762
3622.590088 -0.000142
3623.419922 0.000663
3624.260010 0.001171
3625.090088 0.000579
3625.929932 -0.000930
3626.760010 -0.002979
3627.600098 -0.003578
3628.429932 -0.003004
3629.270020 -0.001698
3630.100098 0.000101
3630.939941 0.004070
3631.780029 0.005450
3632.610107 0.004620
3633.449951 0.002822
3634.290039 0.000628
3635.120117 0.000718
3635.959961 0.000379
3636.800049 -0.000145
3637.629883 -0.000627
3638.469971 -0.002236
3639.310059 -0.002750
3640.149902 -0.002669
3640.989990 -0.002807
3641.830078 -0.002469
3642.659912 -0.001218
3643.500000 0.000459
3644.340088 0.000498
3645.179932 0.000768
3646.020020 0.000969
3646.860107 0.001423
3647.699951 0.001290
3648.540039 0.001568
3649.379883 0.001529
3650.219971 0.000658
3651.060059 -0.000002
3651.899902 -0.000578
3652.739990 -0.001254
3653.580078 -0.002022
3654.429932 -0.001657
3655.270020 -0.001808
3656.110107 -0.001927
3656.949951 -0.001651
3657.790039 -0.003143
3658.639893 -0.003878
3659.479980 -0.002805
3660.320068 -0.002318
3661.159912 -0.002296
3662.010010 -0.002259
3662.850098 -0.001808
3663.689941 -0.002378
3664.540039 -0.002037
3665.379883 -0.001684
3666.219971 -0.002683
3667.070068 -0.003762
3667.909912 -0.002815
3668.760010 -0.001694
3669.600098 -0.000946
3670.449951 -0.000510
3671.290039 -0.001283
3672.139893 -0.003782
3672.979980 -0.005077
3673.830078 -0.004771
3674.679932 -0.002773
3675.520020 -0.002743
3676.370117 -0.003636
3677.219971 -0.002526
3678.060059 -0.001976
3678.909912 -0.002494
3679.760010 -0.001281
3680.600098 -0.001057
3681.449951 -0.002444
3682.300049 -0.003611
3683.149902 -0.003585
3684.000000 -0.004458
3684.840088 -0.004447
3685.689941 -0.003571
3686.540039 -0.001447
3687.389893 -0.000338
3688.239990 -0.000612
3689.090088 -0.001990
3689.939941 -0.002734
3690.790039 -0.004131
3691.639893 -0.006985
3692.489990 -0.006412
3693.340088 -0.005794
3694.189941 -0.004477
3695.040039 -0.002668
3695.889893 -0.003124
3696.739990 -0.002769
3697.590088 -0.002809
3698.439941 -0.004480
3699.300049 -0.005986
3700.149902 -0.006892
3701.000000 -0.007674
3701.850098 -0.007403
3702.699951 -0.005544
3703.560059 -0.004719
3704.409912 -0.003412
3705.260010 -0.001536
3706.120117 -0.000950
3706.969971 -0.002484
3707.820068 -0.003244
3708.679932 -0.003385
3709.530029 -0.003379
3710.389893 -0.002006
3711.239990 -0.002295
3712.100098 -0.004328
3712.949951 -0.005071
3713.800049 -0.007346
3714.659912 -0.009548
3715.520020 -0.009670
3716.370117 -0.009780
3717.229980 -0.008924
3718.080078 -0.008305
3718.939941 -0.005924
3719.800049 -0.001559
3720.649902 0.001579
3721.510010 0.003645
3722.370117 0.004576
3723.219971 0.005142
3724.080078 0.002031
3724.939941 -0.023128
3725.800049 -0.070579
3726.649902 -0.102178
3727.510010 -0.105538
3728.370117 -0.122533
3729.229980 -0.154985
3730.090088 -0.139352
3730.949951 -0.064624
3731.810059 -0.005859
3732.669922 0.005135
3733.530029 0.003092
3734.389893 0.003393
3735.250000 0.003019
3736.110107 0.003224
3736.969971 0.001001
3737.830078 -0.002555
3738.689941 -0.006510
3739.550049 -0.010035
3740.409912 -0.012390
3741.270020 -0.013385
3742.129883 -0.013450
3742.989990 -0.011559
3743.860107 -0.009274
3744.719971 -0.007796
3745.580078 -0.006927
3746.439941 -0.005330
3747.310059 -0.004274
3748.169922 -0.002491
3749.030029 -0.000580
3749.889893 0.001044
3750.760010 0.000405
3751.620117 -0.002905
3752.489990 -0.006559
3753.350098 -0.009409
3754.209961 -0.010626
3755.080078 -0.012693
3755.939941 -0.014546
3756.810059 -0.012816
3757.669922 -0.009447
3758.540039 -0.005532
3759.399902 -0.005059
3760.270020 -0.006973
3761.139893 -0.008816
3762.000000 -0.011165
3762.870117 -0.011314
3763.739990 -0.011434
3764.600098 -0.010811
3765.469971 -0.009356
3766.340088 -0.008763
3767.199951 -0.006511
3768.070068 -0.003918
3768.939941 -0.002003
3769.810059 -0.002929
3770.679932 -0.002003
3771.540039 -0.001558
3772.409912 -0.003876
3773.280029 -0.006163
3774.149902 -0.007696
3775.020020 -0.008885
3775.889893 -0.010118
3776.760010 -0.009876
3777.629883 -0.010483
3778.500000 -0.012338
3779.370117 -0.012155
3780.239990 -0.013244
3781.110107 -0.014611
3781.979980 -0.015244
3782.850098 -0.014357
3783.719971 -0.014228
3784.590088 -0.015322
3785.459961 -0.015241
3786.340088 -0.012713
3787.209961 -0.010616
3788.080078 -0.009916
3788.949951 -0.010103
3789.820068 -0.010246
3790.699951 -0.010467
3791.570068 -0.011248
3792.439941 -0.011632
3793.320068 -0.011685
3794.189941 -0.008104
3795.060059 -0.005670
3795.939941 -0.005193
3796.810059 -0.003475
3797.689941 -0.002067
3798.560059 -0.000510
3799.439941 0.000737
3800.310059 -0.002006
3801.189941 -0.006342
3802.060059 -0.009312
3802.939941 -0.011074
3803.810059 -0.013257
3804.689941 -0.014313
3805.560059 -0.014057
3806.439941 -0.013762
3807.320068 -0.012727
3808.189941 -0.012060
3809.070068 -0.014306
3809.949951 -0.016216
3810.830078 -0.017430
3811.699951 -0.018498
3812.580078 -0.016466
3813.459961 -0.013933
3814.340088 -0.012495
3815.219971 -0.011621
3816.090088 -0.011558
3816.969971 -0.012870
3817.850098 -0.015948
3818.729980 -0.017361
3819.610107 -0.016116
3820.489990 -0.013185
3821.370117 -0.011406
3822.250000 -0.012714
3823.129883 -0.015199
3824.010010 -0.015685
3824.889893 -0.013592
3825.770020 -0.011045
3826.649902 -0.009040
3827.530029 -0.009040
3828.419922 -0.009609
3829.300049 -0.009636
3830.179932 -0.010844
3831.060059 -0.011515
3831.939941 -0.009991
3832.830078 -0.005777
3833.709961 -0.002326
3834.590088 -0.001312
3835.469971 -0.002232
3836.360107 -0.004163
3837.239990 -0.003765
3838.120117 -0.003486
3839.010010 -0.003094
3839.889893 -0.005765
3840.780029 -0.007573
3841.659912 -0.008306
3842.550049 -0.011423
3843.429932 -0.014580
3844.320068 -0.015501
3845.199951 -0.015622
3846.090088 -0.015139
3846.969971 -0.015938
3847.860107 -0.017229
3848.739990 -0.017347
3849.629883 -0.016293
3850.520020 -0.015167
3851.399902 -0.014795
3852.290039 -0.016062
3853.179932 -0.017631
3854.070068 -0.019095
3854.949951 -0.018772
3855.840088 -0.017469
3856.729980 -0.016106
3857.620117 -0.015909
3858.510010 -0.015873
3859.389893 -0.013920
3860.280029 -0.011729
3861.169922 -0.012555
3862.060059 -0.015649
3862.949951 -0.018334
3863.840088 -0.018678
3864.729980 -0.018429
3865.620117 -0.016506
3866.510010 -0.014879
3867.399902 -0.015614
3868.290039 -0.018215
3869.179932 -0.020893
3870.070068 -0.020498
3870.959961 -0.016448
3871.850098 -0.011598
3872.750000 -0.010093
3873.639893 -0.010449
3874.530029 -0.012334
3875.419922 -0.015882
3876.320068 -0.016172
3877.209961 -0.014799
3878.100098 -0.012850
3878.989990 -0.010980
3879.889893 -0.010692
3880.780029 -0.012556
3881.669922 -0.013386
3882.570068 -0.011418
3883.459961 -0.009993
3884.360107 -0.009873
3885.250000 -0.008874
3886.149902 -0.005119
3887.040039 -0.000264
3887.939941 0.001412
3888.830078 -0.000033
3889.729980 -0.000575
3890.620117 0.000066
3891.520020 -0.000626
3892.409912 -0.002881
3893.310059 -0.004870
3894.209961 -0.006312
3895.100098 -0.006640
3896.000000 -0.006950
3896.899902 -0.008040
3897.800049 -0.009362
3898.689941 -0.009264
3899.590088 -0.008973
3900.489990 -0.009005
3901.389893 -0.010418
3902.290039 -0.011976
3903.179932 -0.011734
3904.080078 -0.011095
3904.979980 -0.010840
3905.879883 -0.009654
3906.780029 -0.008669
3907.679932 -0.009628
3908.580078 -0.012129
3909.479980 -0.013663
3910.379883 -0.013932
3911.280029 -0.013359
3912.179932 -0.014091
3913.080078 -0.014852
3913.979980 -0.014017
3914.889893 -0.012679
3915.790039 -0.011886
3916.689941 -0.011957
3917.590088 -0.012371
3918.489990 -0.012265
3919.399902 -0.012390
3920.300049 -0.010920
3921.199951 -0.010207
3922.100098 -0.011576
3923.010010 -0.012642
3923.909912 -0.014329
3924.810059 -0.014927
3925.719971 -0.014703
3926.620117 -0.013654
3927.530029 -0.012399
3928.429932 -0.011423
3929.340088 -0.010420
3930.239990 -0.009124
3931.149902 -0.007303
3932.050049 -0.004944
3932.959961 -0.002012
3933.860107 0.000090
3934.770020 0.000495
3935.669922 -0.001307
3936.580078 -0.004491
3937.489990 -0.007249
3938.389893 -0.009899
3939.300049 -0.012690
3940.209961 -0.013793
3941.110107 -0.014006
3942.020020 -0.013627
3942.929932 -0.013477
3943.840088 -0.013421
3944.750000 -0.011991
3945.649902 -0.011943
3946.560059 -0.014440
3947.469971 -0.014464
3948.379883 -0.012226
3949.290039 -0.011030
3950.199951 -0.011152
3951.110107 -0.011869
3952.020020 -0.012079
3952.929932 -0.012014
3953.840088 -0.011505
3954.750000 -0.011512
3955.659912 -0.012466
3956.570068 -0.011426
3957.479980 -0.010515
3958.389893 -0.010686
3959.310059 -0.011868
3960.219971 -0.012468
3961.129883 -0.011261
3962.040039 -0.009219
3962.949951 -0.007460
3963.870117 -0.006535
3964.780029 -0.005984
3965.689941 -0.004071
3966.610107 -0.001580
3967.520020 0.001942
3968.429932 0.006915
3969.350098 0.008840
3970.260010 0.007015
3971.179932 0.004484
3972.090088 0.003313
3973.000000 0.001990
3973.919922 -0.002555
3974.830078 -0.005397
3975.750000 -0.006378
3976.669922 -0.008280
3977.580078 -0.008740
3978.500000 -0.008235
3979.409912 -0.010135
3980.330078 -0.011419
3981.250000 -0.011356
3982.159912 -0.011290
3983.080078 -0.009656
3984.000000 -0.009892
3984.919922 -0.010258
3985.830078 -0.010272
3986.750000 -0.011646
3987.669922 -0.012245
3988.590088 -0.012659
3989.510010 -0.013304
3990.419922 -0.012397
3991.340088 -0.012201
3992.260010 -0.013006
3993.179932 -0.013649
3994.100098 -0.013662
3995.020020 -0.013067
3995.939941 -0.012566
3996.860107 -0.012029
3997.780029 -0.011060
3998.699951 -0.010653
3999.620117 -0.011928
4000.540039 -0.014215
4001.469971 -0.015232
4002.389893 -0.015802
4003.310059 -0.015468
4004.229980 -0.014623
4005.149902 -0.011481
4006.080078 -0.008320
4007.000000 -0.008931
4007.919922 -0.012264
4008.840088 -0.014928
4009.770020 -0.015420
4010.689941 -0.015139
4011.610107 -0.014435
4012.540039 -0.013741
4013.459961 -0.014708
4014.389893 -0.014672
4015.310059 -0.015260
4016.229980 -0.015612
4017.159912 -0.014992
4018.080078 -0.014472
4019.010010 -0.014086
4019.939941 -0.013983
4020.860107 -0.014689
4021.790039 -0.014974
4022.709961 -0.014482
4023.639893 -0.014613
4024.570068 -0.013858
4025.489990 -0.013463
4026.419922 -0.015482
4027.350098 -0.017103
4028.270020 -0.018519
4029.199951 -0.018650
4030.129883 -0.017111
4031.060059 -0.014003
4031.989990 -0.012120
4032.919922 -0.011733
4033.840088 -0.012374
4034.770020 -0.013906
4035.699951 -0.015377
4036.629883 -0.017152
4037.560059 -0.018306
4038.489990 -0.018380
4039.419922 -0.018694
4040.350098 -0.017951
4041.280029 -0.016011
4042.209961 -0.015680
4043.139893 -0.016393
4044.070068 -0.016124
4045.010010 -0.012742
4045.939941 -0.008143
4046.870117 -0.008268
4047.800049 -0.012064
4048.729980 -0.016741
4049.669922 -0.018370
4050.600098 -0.017951
4051.530029 -0.018109
4052.459961 -0.017260
4053.399902 -0.015910
4054.330078 -0.015831
4055.260010 -0.015337
4056.199951 -0.014769
4057.129883 -0.015141
4058.070068 -0.015182
4059.000000 -0.015101
4059.939941 -0.016239
4060.870117 -0.018716
4061.810059 -0.019087
4062.739990 -0.016830
4063.679932 -0.012431
4064.610107 -0.010508
4065.550049 -0.012453
4066.479980 -0.014240
4067.419922 -0.015369
4068.360107 -0.017270
4069.290039 -0.018659
4070.229980 -0.019790
4071.169922 -0.018035
4072.110107 -0.014104
4073.040039 -0.013072
4073.979980 -0.015005
4074.919922 -0.016369
4075.860107 -0.016267
4076.800049 -0.014290
4077.739990 -0.010784
4078.669922 -0.009528
4079.610107 -0.011139
4080.550049 -0.014635
4081.489990 -0.017234
4082.429932 -0.016672
4083.370117 -0.016024
4084.310059 -0.013612
4085.250000 -0.011711
4086.199951 -0.011671
4087.139893 -0.012288
4088.080078 -0.014395
4089.020020 -0.016023
4089.959961 -0.015764
4090.899902 -0.015004
4091.840088 -0.013541
4092.790039 -0.012317
4093.729980 -0.011468
4094.669922 -0.012274
4095.610107 -0.012467
4096.560059 -0.010215
4097.500000 -0.008742
4098.439941 -0.007920
4099.390137 -0.004587
4100.330078 -0.000211
4101.279785 0.000987
4102.220215 0.000486
4103.169922 0.000782
4104.109863 0.001583
4105.060059 -0.000763
4106.000000 -0.006092
4106.950195 -0.010064
4107.890137 -0.011856
4108.839844 -0.011684
4109.779785 -0.010996
4110.729980 -0.011260
4111.680176 -0.011981
4112.620117 -0.013131
4113.569824 -0.014441
4114.520020 -0.015434
4115.470215 -0.015564
4116.410156 -0.016591
4117.359863 -0.017258
4118.310059 -0.015187
4119.259766 -0.012567
4120.209961 -0.014016
4121.160156 -0.015443
4122.109863 -0.016356
4123.049805 -0.015327
4124.000000 -0.015517
4124.950195 -0.017295
4125.899902 -0.017569
4126.850098 -0.016276
4127.799805 -0.016140
4128.750000 -0.015857
4129.709961 -0.015945
4130.660156 -0.016524
4131.609863 -0.015417
4132.560059 -0.013629
4133.509766 -0.013271
4134.459961 -0.014265
4135.419922 -0.015992
4136.370117 -0.017497
4137.319824 -0.019200
4138.270020 -0.020269
4139.229980 -0.020378
4140.180176 -0.020746
4141.129883 -0.020741
4142.089844 -0.019453
4143.040039 -0.015903
4143.990234 -0.012605
4144.950195 -0.012743
4145.899902 -0.016099
4146.859863 -0.019663
4147.810059 -0.021058
4148.770020 -0.020282
4149.720215 -0.019488
4150.680176 -0.018475
4151.629883 -0.018884
4152.589844 -0.019498
4153.549805 -0.018635
4154.500000 -0.017801
4155.459961 -0.017261
4156.419922 -0.016593
4157.370117 -0.017225
4158.330078 -0.018583
4159.290039 -0.019320
4160.250000 -0.019497
4161.200195 -0.019594
4162.160156 -0.019051
4163.120117 -0.019354
4164.080078 -0.020298
4165.040039 -0.019820
4166.000000 -0.019431
4166.959961 -0.018818
4167.919922 -0.017871
4168.879883 -0.018409
4169.839844 -0.020215
4170.799805 -0.020250
4171.759766 -0.018077
4172.720215 -0.014921
4173.680176 -0.013403
4174.640137 -0.014138
4175.600098 -0.015452
4176.560059 -0.016230
4177.529785 -0.016632
4178.490234 -0.016589
4179.450195 -0.016459
4180.410156 -0.017771
4181.370117 -0.018475
4182.339844 -0.017319
4183.299805 -0.016594
4184.259766 -0.016973
4185.229980 -0.017560
4186.189941 -0.017614
4187.160156 -0.016252
4188.120117 -0.013954
4189.080078 -0.014247
4190.049805 -0.016253
4191.009766 -0.016877
4191.979980 -0.016108
4192.939941 -0.016729
4193.910156 -0.019233
4194.879883 -0.020266
4195.839844 -0.018312
4196.810059 -0.015711
4197.770020 -0.014644
4198.740234 -0.013795
4199.709961 -0.012639
4200.680176 -0.013311
4201.640137 -0.014651
4202.609863 -0.013954
4203.580078 -0.013700
4204.549805 -0.013710
4205.509766 -0.014228
4206.479980 -0.015240
4207.450195 -0.015613
4208.419922 -0.016608
4209.390137 -0.016836
4210.359863 -0.015845
4211.330078 -0.015652
4212.299805 -0.016255
4213.270020 -0.017374
4214.240234 -0.016865
4215.209961 -0.014714
4216.180176 -0.011620
4217.149902 -0.010759
4218.120117 -0.012461
4219.089844 -0.014500
4220.060059 -0.015738
4221.040039 -0.015974
4222.009766 -0.016384
4222.979980 -0.015650
4223.950195 -0.014204
4224.930176 -0.011854
4225.899902 -0.008393
4226.870117 -0.005569
4227.850098 -0.004855
4228.819824 -0.008524
4229.790039 -0.014232
4230.770020 -0.017293
4231.740234 -0.017791
4232.720215 -0.016087
4233.689941 -0.012942
4234.669922 -0.011236
4235.640137 -0.011781
4236.620117 -0.010810
4237.589844 -0.010113
4238.569824 -0.010864
4239.540039 -0.011395
4240.520020 -0.011502
4241.500000 -0.012138
4242.470215 -0.012047
4243.450195 -0.011912
4244.430176 -0.012360
4245.399902 -0.013289
4246.379883 -0.012831
4247.359863 -0.010120
4248.339844 -0.008181
4249.319824 -0.008412
4250.299805 -0.008809
4251.270020 -0.009383
4252.250000 -0.010297
4253.229980 -0.012332
4254.209961 -0.012352
4255.189941 -0.010550
4256.169922 -0.010087
4257.149902 -0.012409
4258.129883 -0.013447
4259.109863 -0.011933
4260.089844 -0.008731
4261.069824 -0.006591
4262.060059 -0.007174
4263.040039 -0.009316
4264.020020 -0.011952
4265.000000 -0.014170
4265.979980 -0.014032
4266.970215 -0.013989
4267.950195 -0.013471
4268.930176 -0.012396
4269.910156 -0.011737
4270.899902 -0.009604
4271.879883 -0.006614
4272.859863 -0.006154
4273.850098 -0.007063
4274.830078 -0.008563
4275.819824 -0.010258
4276.799805 -0.011715
4277.790039 -0.013174
4278.770020 -0.014332
4279.759766 -0.013371
4280.740234 -0.010565
4281.729980 -0.009267
4282.709961 -0.009439
4283.700195 -0.010186
4284.689941 -0.010936
4285.669922 -0.010171
4286.660156 -0.009831
4287.649902 -0.010169
4288.640137 -0.009100
4289.620117 -0.007327
4290.609863 -0.005703
4291.600098 -0.006049
4292.589844 -0.009020
4293.580078 -0.011701
4294.560059 -0.012025
4295.549805 -0.011262
4296.540039 -0.011732
4297.529785 -0.011544
4298.520020 -0.009663
4299.509766 -0.006782
4300.500000 -0.004816
4301.490234 -0.005093
4302.479980 -0.006615
4303.470215 -0.007876
4304.459961 -0.009011
4305.459961 -0.010252
4306.450195 -0.009917
4307.439941 -0.008732
4308.430176 -0.006370
4309.419922 -0.004625
4310.419922 -0.005178
4311.410156 -0.006452
4312.399902 -0.007217
4313.390137 -0.007417
4314.390137 -0.006133
4315.379883 -0.005713
4316.370117 -0.007734
4317.370117 -0.010907
4318.359863 -0.011932
4319.359863 -0.010797
4320.350098 -0.009196
4321.350098 -0.008081
4322.339844 -0.007645
4323.339844 -0.006025
4324.330078 -0.002996
4325.330078 -0.000115
4326.319824 0.001691
4327.319824 -0.000006
4328.319824 -0.004003
4329.310059 -0.007147
4330.310059 -0.007123
4331.310059 -0.005464
4332.310059 -0.004430
4333.299805 -0.003727
4334.299805 -0.003355
4335.299805 -0.003968
4336.299805 -0.002888
4337.299805 0.001478
4338.290039 0.010214
4339.290039 0.017275
4340.290039 0.016382
4341.290039 0.012519
4342.290039 0.013209
4343.290039 0.014530
4344.290039 0.009563
4345.290039 0.002533
4346.290039 -0.001081
4347.290039 -0.002241
4348.299805 -0.004107
4349.299805 -0.005988
4350.299805 -0.006087
4351.299805 -0.003450
4352.299805 0.000259
4353.310059 0.000884
4354.310059 -0.001661
4355.310059 -0.004535
4356.310059 -0.005712
4357.319824 -0.006095
4358.319824 -0.006245
4359.319824 -0.004154
4360.330078 -0.002833
4361.330078 -0.003222
4362.339844 -0.004270
4363.339844 -0.004888
4364.350098 -0.005224
4365.350098 -0.005665
4366.359863 -0.005459
4367.359863 -0.004356
4368.370117 -0.003062
4369.370117 -0.003250
4370.379883 -0.004806
4371.390137 -0.005668
4372.390137 -0.006540
4373.399902 -0.005796
4374.410156 -0.003851
4375.410156 -0.001924
4376.419922 -0.001785
4377.430176 -0.004973
4378.439941 -0.007767
4379.450195 -0.009187
4380.450195 -0.009615
4381.459961 -0.008955
4382.470215 -0.007476
4383.479980 -0.002900
4384.490234 0.001902
4385.500000 0.000671
4386.509766 -0.004011
4387.520020 -0.007359
4388.529785 -0.008587
4389.540039 -0.008205
4390.549805 -0.007666
4391.560059 -0.006632
4392.569824 -0.006630
4393.589844 -0.007804
4394.600098 -0.007260
4395.609863 -0.004786
4396.620117 -0.004810
4397.629883 -0.006581
4398.649902 -0.006491
4399.660156 -0.005809
4400.669922 -0.003973
4401.689941 -0.003111
4402.700195 -0.005400
4403.709961 -0.006258
4404.729980 -0.003500
4405.740234 -0.001530
4406.759766 -0.001985
4407.770020 -0.003612
4408.790039 -0.004598
4409.799805 -0.004011
4410.819824 -0.005539
4411.830078 -0.007205
4412.850098 -0.007620
4413.870117 -0.006975
4414.879883 -0.004487
4415.899902 -0.001207
4416.919922 0.000159
4417.930176 -0.001531
4418.950195 -0.004138
4419.970215 -0.006115
4420.990234 -0.007186
4422.000000 -0.006001
4423.020020 -0.003721
4424.040039 -0.003355
4425.060059 -0.003863
4426.080078 -0.003753
4427.100098 -0.003557
4428.120117 -0.003565
4429.140137 -0.003613
4430.160156 -0.003577
4431.180176 -0.003720
4432.200195 -0.004578
4433.220215 -0.005194
4434.240234 -0.003986
4435.259766 -0.001880
4436.279785 -0.000359
4437.299805 -0.002284
4438.319824 -0.006059
4439.350098 -0.007769
4440.370117 -0.007577
4441.390137 -0.005373
4442.410156 -0.001973
4443.439941 0.000470
4444.459961 0.000914
4445.479980 -0.001148
4446.509766 -0.003493
4447.529785 -0.003546
4448.560059 -0.003312
4449.580078 -0.003186
4450.609863 -0.002667
4451.629883 -0.002902
4452.660156 -0.003620
4453.680176 -0.003929
4454.709961 -0.002239
4455.729980 -0.000431
4456.759766 -0.000936
4457.779785 -0.002418
4458.810059 -0.003476
4459.839844 -0.004149
4460.870117 -0.004025
4461.890137 -0.002185
4462.919922 -0.001992
4463.950195 -0.003258
4464.979980 -0.004523
4466.000000 -0.004586
4467.029785 -0.004309
4468.060059 -0.003059
4469.089844 -0.001772
4470.120117 -0.000719
4471.149902 -0.001164
4472.180176 -0.003135
4473.209961 -0.004071
4474.240234 -0.003963
4475.270020 -0.004374
4476.299805 -0.003955
4477.330078 -0.004268
4478.359863 -0.004785
4479.390137 -0.004291
4480.419922 -0.002255
4481.459961 0.001093
4482.490234 0.001398
4483.520020 -0.000408
4484.549805 -0.002565
4485.580078 -0.004236
4486.620117 -0.004787
4487.649902 -0.004499
4488.680176 -0.002627
4489.720215 -0.000593
4490.750000 -0.000354
4491.790039 -0.001665
4492.819824 -0.004066
4493.859863 -0.003872
4494.890137 -0.002523
4495.930176 -0.001187
4496.959961 -0.001163
4498.000000 -0.002656
4499.029785 -0.004089
4500.069824 -0.004114
4501.100098 -0.002353
4502.140137 -0.000747
4503.180176 -0.000971
4504.209961 -0.002471
4505.250000 -0.003431
4506.290039 -0.002957
4507.330078 -0.001658
4508.370117 -0.000859
4509.399902 -0.000881
4510.439941 -0.001253
4511.479980 -0.002199
4512.520020 -0.002423
4513.560059 -0.001364
4514.600098 -0.000800
4515.640137 -0.001079
4516.680176 -0.001575
4517.720215 -0.001218
4518.759766 -0.001154
4519.799805 -0.001190
4520.839844 -0.002159
4521.879883 -0.003011
4522.919922 -0.002381
4523.959961 -0.001368
4525.009766 -0.001209
4526.049805 -0.001823
4527.089844 -0.001618
4528.129883 -0.000133
4529.169922 0.000048
4530.220215 -0.001144
4531.259766 -0.002881
4532.299805 -0.004539
4533.350098 -0.003582
4534.390137 -0.001747
4535.439941 0.000088
4536.479980 -0.000045
4537.529785 -0.003235
4538.569824 -0.005039
4539.620117 -0.004826
4540.660156 -0.003084
4541.709961 -0.001798
4542.750000 -0.002087
4543.799805 -0.002790
4544.850098 -0.002877
4545.890137 -0.001888
4546.939941 -0.001978
4547.990234 -0.003089
4549.029785 -0.001373
4550.080078 0.000767
4551.129883 -0.000260
4552.180176 -0.002218
4553.220215 -0.002430
4554.270020 -0.000626
4555.319824 0.001666
4556.370117 0.002433
4557.419922 0.000445
4558.470215 -0.001909
4559.520020 -0.001822
4560.569824 -0.001584
4561.620117 -0.001399
4562.669922 -0.000861
4563.720215 0.000162
4564.770020 0.001527
4565.819824 0.002097
4566.870117 0.000954
4567.930176 -0.001419
4568.979980 -0.003124
4570.029785 -0.002915
4571.080078 -0.001174
4572.140137 0.000872
4573.189941 0.001042
4574.240234 -0.000789
4575.290039 -0.002565
4576.350098 -0.002345
4577.399902 -0.002079
4578.459961 -0.002472
4579.509766 -0.001841
4580.569824 -0.000703
4581.620117 0.000199
4582.680176 -0.000012
4583.729980 0.000133
4584.790039 -0.000078
4585.839844 -0.000481
4586.899902 -0.000463
4587.950195 -0.000958
4589.009766 -0.002307
4590.069824 -0.003363
4591.120117 -0.002868
4592.180176 -0.001776
4593.240234 -0.000859
4594.299805 -0.000550
4595.359863 -0.000814
4596.410156 -0.001629
4597.470215 -0.001516
4598.529785 -0.001497
4599.589844 -0.002473
4600.649902 -0.001951
4601.709961 -0.000842
4602.770020 -0.001206
4603.830078 -0.001252
4604.890137 -0.000667
4605.950195 0.000107
4607.009766 0.000261
4608.069824 -0.000836
4609.129883 -0.002114
4610.189941 -0.002865
4611.250000 -0.002395
4612.319824 -0.000758
4613.379883 0.001024
4614.439941 0.001122
4615.500000 0.000246
4616.569824 0.000256
4617.629883 0.000523
4618.689941 0.000543
4619.759766 0.000713
4620.819824 0.000770
4621.879883 -0.000301
4622.950195 -0.000828
4624.009766 -0.000622
4625.080078 -0.000530
4626.140137 -0.000420
4627.209961 0.000085
4628.270020 0.000103
4629.339844 0.000017
4630.410156 0.000808
4631.470215 -0.000516
4632.540039 -0.001801
4633.609863 -0.000940
4634.669922 -0.000172
4635.740234 -0.000201
4636.810059 -0.000289
4637.879883 -0.000413
4638.939941 0.000062
4640.009766 0.000378
4641.080078 -0.001387
4642.149902 -0.002500
4643.220215 -0.003896
4644.290039 -0.004158
4645.359863 -0.002948
4646.430176 -0.001639
4647.500000 -0.000453
4648.569824 0.000152
4649.640137 -0.001076
4650.709961 -0.002404
4651.779785 -0.003468
4652.850098 -0.003270
4653.919922 -0.002242
4654.990234 -0.000718
4656.069824 0.000653
4657.140137 0.001017
4658.209961 -0.000004
4659.279785 -0.002436
4660.359863 -0.004036
4661.430176 -0.003905
4662.500000 -0.003237
4663.580078 -0.002469
4664.649902 -0.002138
4665.720215 -0.002817
4666.799805 -0.002318
4667.870117 0.000384
4668.950195 0.001165
4670.020020 -0.000459
4671.100098 -0.002552
4672.169922 -0.003714
4673.250000 -0.003667
4674.330078 -0.003020
4675.399902 -0.003268
4676.479980 -0.003963
4677.560059 -0.003711
4678.629883 -0.003393
4679.709961 -0.001952
4680.790039 -0.000560
4681.870117 0.000288
4682.950195 -0.000128
4684.020020 -0.001015
4685.100098 -0.001541
4686.180176 -0.001606
4687.259766 -0.001567
4688.339844 -0.001113
4689.419922 -0.000585
4690.500000 -0.001100
4691.580078 -0.000654
4692.660156 -0.000819
4693.740234 -0.001401
4694.819824 -0.002764
4695.899902 -0.004056
4696.979980 -0.004451
4698.069824 -0.004274
4699.149902 -0.002639
4700.229980 -0.001703
4701.310059 -0.002127
4702.399902 -0.002474
4703.479980 -0.001937
4704.560059 -0.001853
4705.640137 -0.002491
4706.729980 -0.002564
4707.810059 -0.002033
4708.899902 -0.000803
4709.979980 -0.000371
4711.060059 -0.001131
4712.149902 -0.002371
4713.229980 -0.003550
4714.319824 -0.002893
4715.410156 -0.001116
4716.490234 -0.001267
4717.580078 -0.002176
4718.660156 -0.002340
4719.750000 -0.001809
4720.839844 -0.001743
4721.930176 -0.001761
4723.009766 -0.001449
4724.100098 -0.001416
4725.189941 -0.001722
4726.279785 -0.002207
4727.359863 -0.001573
4728.450195 -0.000004
4729.540039 0.000821
4730.629883 0.000584
4731.720215 -0.000294
4732.810059 -0.001271
4733.899902 -0.003013
4734.990234 -0.003337
4736.080078 -0.002228
4737.169922 -0.000860
4738.259766 -0.000530
4739.350098 -0.001578
4740.439941 -0.001714
4741.540039 -0.000209
4742.629883 0.000837
4743.720215 0.000264
4744.810059 -0.000080
4745.910156 0.000025
4747.000000 -0.000582
4748.089844 -0.000896
4749.189941 -0.000912
4750.279785 -0.001256
4751.370117 -0.000944
4752.470215 -0.000782
4753.560059 -0.000693
4754.660156 -0.000462
4755.750000 -0.000163
4756.850098 0.000011
4757.939941 0.000078
4759.040039 -0.000544
4760.129883 -0.001478
4761.229980 -0.002115
4762.330078 -0.001917
4763.419922 -0.001414
4764.520020 -0.000435
4765.620117 0.000135
4766.709961 -0.000036
4767.810059 -0.000707
4768.910156 -0.001279
4770.009766 -0.002304
4771.109863 -0.002654
4772.209961 -0.001309
4773.299805 -0.000433
4774.399902 -0.001093
4775.500000 -0.001716
4776.600098 -0.001921
4777.700195 -0.001807
4778.799805 -0.001246
4779.899902 -0.001084
4781.000000 -0.001001
4782.100098 -0.000156
4783.209961 0.000128
4784.310059 -0.000353
4785.410156 -0.000607
4786.509766 -0.000493
4787.609863 0.000153
4788.720215 0.000462
4789.819824 0.001159
4790.919922 0.001643
4792.029785 0.000443
4793.129883 -0.000932
4794.229980 -0.000840
4795.339844 -0.000966
4796.439941 -0.001532
4797.549805 -0.000432
4798.649902 0.001588
4799.759766 0.002296
4800.859863 0.002912
4801.970215 0.001919
4803.069824 -0.000213
4804.180176 -0.000822
4805.279785 0.000018
4806.390137 0.001189
4807.500000 0.001347
4808.600098 0.001108
4809.709961 0.001442
4810.819824 0.000735
4811.930176 -0.000024
4813.040039 0.000548
4814.140137 0.000423
4815.250000 0.000122
4816.359863 0.000050
4817.470215 0.000215
4818.580078 0.000002
4819.689941 -0.000134
4820.799805 -0.000072
4821.910156 0.000639
4823.020020 0.001691
4824.129883 0.002865
4825.240234 0.003602
4826.350098 0.002061
4827.459961 0.000813
4828.580078 0.000600
4829.689941 0.000460
4830.799805 0.000915
4831.910156 0.001151
4833.029785 0.001498
4834.140137 0.001389
4835.250000 0.001192
4836.370117 0.001146
4837.479980 0.001385
4838.589844 0.001022
4839.709961 0.001347
4840.819824 0.002103
4841.939941 0.002462
4843.049805 0.002454
4844.169922 0.002000
4845.279785 0.001598
4846.399902 0.000580
4847.509766 0.001229
4848.629883 0.002805
4849.750000 0.003909
4850.859863 0.003513
4851.979980 0.002305
4853.100098 0.002280
4854.220215 0.002956
4855.330078 0.004395
4856.450195 0.005627
4857.569824 0.007633
4858.689941 0.015435
4859.810059 0.031130
4860.930176 0.037718
4862.049805 0.031166
4863.169922 0.034566
4864.290039 0.043611
4865.410156 0.033421
4866.529785 0.014560
4867.649902 0.005401
4868.770020 0.001735
4869.890137 0.000688
4871.009766 0.002795
4872.129883 0.005112
4873.250000 0.005744
4874.379883 0.003360
4875.500000 0.001866
4876.620117 0.002237
4877.750000 0.002614
4878.870117 0.002239
4879.990234 0.001578
4881.120117 0.001480
4882.240234 0.001738
4883.359863 0.001761
4884.490234 0.001712
4885.609863 0.002329
4886.740234 0.002419
4887.859863 0.002782
4888.990234 0.002902
4890.120117 0.002607
4891.240234 0.004245
4892.370117 0.006128
4893.490234 0.004256
4894.620117 0.001366
4895.750000 0.000026
4896.879883 -0.000157
4898.000000 0.000180
4899.129883 0.001229
4900.259766 0.002550
4901.390137 0.003508
4902.520020 0.003579
4903.649902 0.003664
4904.770020 0.003657
4905.899902 0.002328
4907.029785 0.000854
4908.160156 0.000523
4909.290039 0.002394
4910.430176 0.003908
4911.560059 0.004810
4912.689941 0.004691
4913.819824 0.002296
4914.950195 0.000136
4916.080078 -0.000475
4917.209961 -0.000542
4918.350098 0.001094
4919.479980 0.004638
4920.609863 0.007450
4921.740234 0.007236
4922.879883 0.004695
4924.009766 0.003387
4925.149902 0.002940
4926.279785 0.002890
4927.410156 0.001972
4928.549805 0.000987
4929.680176 0.000994
4930.819824 0.001195
4931.950195 0.001384
4933.089844 0.002562
4934.229980 0.004697
4935.359863 0.005795
4936.500000 0.003993
4937.640137 0.002678
4938.770020 0.004957
4939.910156 0.006810
4941.049805 0.005461
4942.189941 0.003467
4943.319824 0.002449
4944.459961 0.002249
4945.600098 0.003189
4946.740234 0.004498
4947.879883 0.004375
4949.020020 0.004435
4950.160156 0.004217
4951.299805 0.004363
4952.439941 0.004957
4953.580078 0.005908
4954.720215 0.006600
4955.859863 0.008564
4957.000000 0.014578
4958.140137 0.016621
4959.290039 0.007287
4960.430176 0.000360
4961.569824 0.006118
4962.709961 0.011787
4963.850098 0.010301
4965.000000 0.007028
4966.140137 0.005327
4967.290039 0.005348
4968.430176 0.005190
4969.569824 0.004515
4970.720215 0.004287
4971.859863 0.003817
4973.009766 0.003240
4974.149902 0.002222
4975.299805 0.001572
4976.439941 0.001713
4977.589844 0.001130
4978.740234 0.001284
4979.879883 0.002037
4981.029785 0.002175
4982.180176 0.002765
4983.319824 0.004118
4984.470215 0.005113
4985.620117 0.003946
4986.770020 0.002190
4987.919922 0.001021
4989.060059 0.001524
4990.209961 0.002656
4991.359863 0.003550
4992.509766 0.003917
4993.660156 0.003752
4994.810059 0.004239
4995.959961 0.003827
4997.109863 0.003460
4998.259766 0.004546
4999.410156 0.006402
5000.560059 0.009061
5001.720215 0.012797
5002.870117 0.016634
5004.020020 0.023368
5005.169922 0.033121
5006.330078 0.024010
5007.479980 -0.004275
5008.629883 -0.007953
5009.790039 0.019566
5010.939941 0.032989
5012.089844 0.024084
5013.250000 0.015863
5014.399902 0.012362
5015.560059 0.008790
5016.709961 0.005765
5017.870117 0.004044
5019.020020 0.004541
5020.180176 0.003776
5021.330078 0.002261
5022.490234 0.002153
5023.649902 0.003268
5024.799805 0.001936
5025.959961 0.001347
5027.120117 0.002621
5028.279785 0.003501
5029.430176 0.003187
5030.589844 0.002884
5031.750000 0.002677
5032.910156 0.001215
5034.069824 0.000218
5035.229980 0.000582
5036.390137 0.002551
5037.549805 0.003310
5038.709961 0.003083
5039.870117 0.003288
5041.029785 0.005607
5042.189941 0.007952
5043.350098 0.006153
5044.509766 0.002952
5045.669922 0.000557
5046.830078 -0.001201
5048.000000 -0.000445
5049.160156 0.001931
5050.319824 0.003909
5051.490234 0.004919
5052.649902 0.005012
5053.810059 0.004251
5054.979980 0.002977
5056.140137 0.002724
5057.299805 0.003064
5058.470215 0.002355
5059.629883 0.002791
5060.799805 0.003091
5061.959961 0.002596
5063.129883 0.002190
5064.299805 0.003603
5065.459961 0.005655
5066.629883 0.005736
5067.799805 0.004985
5068.959961 0.004077
5070.129883 0.003410
5071.299805 0.002451
5072.470215 0.002499
5073.629883 0.003617
5074.799805 0.003262
5075.970215 0.002839
5077.140137 0.002190
5078.310059 0.002015
5079.479980 0.003457
5080.649902 0.005592
5081.819824 0.005721
5082.990234 0.003984
5084.160156 0.003234
5085.330078 0.002411
5086.500000 0.001635
5087.669922 0.001880
5088.839844 0.002120
5090.020020 0.002427
5091.189941 0.002845
5092.359863 0.002839
5093.529785 0.002678
5094.709961 0.001815
5095.879883 0.002464
5097.049805 0.003171
5098.229980 0.003751
5099.399902 0.005087
5100.569824 0.005853
5101.750000 0.004054
5102.919922 0.002445
5104.100098 0.001473
5105.270020 0.002029
5106.450195 0.003298
5107.629883 0.004170
5108.799805 0.004697
5109.979980 0.004950
5111.160156 0.004892
5112.330078 0.004328
5113.509766 0.003732
5114.689941 0.003163
5115.870117 0.003214
5117.040039 0.002990
5118.220215 0.002577
5119.399902 0.002693
5120.580078 0.002910
5121.759766 0.003031
5122.939941 0.003973
5124.120117 0.005207
5125.299805 0.005682
5126.479980 0.005299
5127.660156 0.004070
5128.839844 0.003512
5130.020020 0.004501
5131.200195 0.004725
5132.379883 0.003416
5133.569824 0.002916
5134.750000 0.003159
5135.930176 0.002923
5137.109863 0.003258
5138.299805 0.004004
5139.479980 0.005538
5140.660156 0.005754
5141.850098 0.005117
5143.029785 0.005451
5144.209961 0.005611
5145.399902 0.004980
5146.580078 0.003607
5147.770020 0.003676
5148.959961 0.003436
5150.140137 0.003000
5151.330078 0.003395
5152.509766 0.004354
5153.700195 0.004783
5154.890137 0.004901
5156.069824 0.004545
5157.259766 0.003294
5158.450195 0.001912
5159.640137 0.001701
5160.819824 0.001256
5162.009766 0.001209
5163.200195 0.001062
5164.390137 0.000105
5165.580078 0.000574
5166.770020 0.002996
5167.959961 0.006415
5169.149902 0.007300
5170.339844 0.004374
5171.529785 0.001891
5172.720215 0.003484
5173.910156 0.005587
5175.100098 0.003767
5176.299805 -0.000918
5177.490234 -0.002864
5178.680176 -0.003066
5179.870117 -0.003419
5181.069824 -0.002280
5182.259766 -0.000048
5183.450195 0.004304
5184.649902 0.009497
5185.839844 0.008281
5187.029785 0.002862
5188.229980 0.000630
5189.419922 0.000718
5190.620117 0.001628
5191.810059 0.003933
5193.009766 0.007248
5194.209961 0.009065
5195.399902 0.008320
5196.600098 0.007497
5197.790039 0.008498
5198.990234 0.008693
5200.189941 0.008258
5201.390137 0.007689
5202.580078 0.007192
5203.779785 0.007309
5204.979980 0.007709
5206.180176 0.009149
5207.379883 0.009062
5208.580078 0.008637
5209.779785 0.008510
5210.979980 0.007608
5212.180176 0.005696
5213.379883 0.004303
5214.580078 0.004192
5215.779785 0.006312
5216.979980 0.008051
5218.180176 0.008756
5219.379883 0.008310
5220.580078 0.006236
5221.790039 0.005736
5222.990234 0.005439
5224.189941 0.005741
5225.390137 0.007999
5226.600098 0.011273
5227.799805 0.013315
5229.009766 0.011929
5230.209961 0.007689
5231.410156 0.006048
5232.620117 0.006543
5233.819824 0.009002
5235.029785 0.010875
5236.229980 0.010291
5237.439941 0.009193
5238.649902 0.008105
5239.850098 0.007866
5241.060059 0.008079
5242.270020 0.008209
5243.470215 0.008507
5244.680176 0.007957
5245.890137 0.007724
5247.100098 0.009049
5248.310059 0.011018
5249.509766 0.011109
5250.720215 0.010438
5251.930176 0.010664
5253.140137 0.010418
5254.350098 0.009448
5255.560059 0.009894
5256.770020 0.010294
5257.979980 0.008469
5259.189941 0.006169
5260.399902 0.005988
5261.620117 0.006459
5262.830078 0.008902
5264.040039 0.011422
5265.250000 0.011074
5266.459961 0.011101
5267.680176 0.009888
5268.890137 0.008593
5270.100098 0.010316
5271.319824 0.012147
5272.529785 0.010675
5273.740234 0.008182
5274.959961 0.008612
5276.169922 0.010143
5277.390137 0.010062
5278.600098 0.008548
5279.819824 0.007278
5281.040039 0.007895
5282.250000 0.010429
5283.470215 0.012453
5284.680176 0.013449
5285.899902 0.013004
5287.120117 0.010958
5288.339844 0.009488
5289.549805 0.010045
5290.770020 0.010388
5291.990234 0.010551
5293.209961 0.010725
5294.430176 0.010242
5295.649902 0.010459
5296.870117 0.012313
5298.089844 0.013726
5299.310059 0.013880
5300.529785 0.012954
5301.750000 0.012187
5302.970215 0.012462
5304.189941 0.012273
5305.410156 0.010924
5306.629883 0.011256
5307.859863 0.011964
5309.080078 0.012747
5310.299805 0.012650
5311.520020 0.011925
5312.750000 0.012526
5313.970215 0.012481
5315.189941 0.012716
5316.419922 0.013140
5317.640137 0.013859
5318.870117 0.012903
5320.089844 0.011559
5321.319824 0.010853
5322.540039 0.010782
5323.770020 0.011642
5324.990234 0.011744
5326.220215 0.010250
5327.450195 0.011869
5328.669922 0.015300
5329.899902 0.016075
5331.129883 0.013424
5332.359863 0.010020
5333.580078 0.009228
5334.810059 0.009412
5336.040039 0.009781
5337.270020 0.010406
5338.500000 0.011191
5339.729980 0.012228
5340.959961 0.013116
5342.189941 0.014192
5343.419922 0.012508
5344.649902 0.010729
5345.879883 0.010950
5347.109863 0.011678
5348.339844 0.012006
5349.569824 0.013079
5350.799805 0.013303
5352.040039 0.012711
5353.270020 0.013108
5354.500000 0.013150
5355.729980 0.012319
5356.970215 0.011649
5358.200195 0.012122
5359.439941 0.012473
5360.669922 0.012538
5361.899902 0.012398
5363.140137 0.013524
5364.370117 0.013422
5365.609863 0.012932
5366.850098 0.012694
5368.080078 0.011658
5369.319824 0.011471
5370.549805 0.013563
5371.790039 0.016286
5373.029785 0.016458
5374.270020 0.013051
5375.500000 0.010654
5376.740234 0.010309
5377.979980 0.011275
5379.220215 0.011465
5380.459961 0.011435
5381.700195 0.012151
5382.930176 0.012819
5384.169922 0.013306
5385.410156 0.013399
5386.649902 0.012211
5387.890137 0.011738
5389.140137 0.011643
5390.379883 0.012023
5391.620117 0.012476
5392.859863 0.012373
5394.100098 0.011431
5395.339844 0.011589
5396.589844 0.012182
5397.830078 0.013232
5399.069824 0.013093
5400.310059 0.011549
5401.560059 0.009647
5402.799805 0.009265
5404.049805 0.009465
5405.290039 0.011626
5406.540039 0.013644
5407.779785 0.013768
5409.029785 0.012360
5410.270020 0.012657
5411.520020 0.013360
5412.759766 0.012384
5414.009766 0.011731
5415.259766 0.011996
5416.500000 0.011944
5417.750000 0.011658
5419.000000 0.011982
5420.250000 0.012080
5421.500000 0.012805
5422.740234 0.013511
5423.990234 0.012454
5425.240234 0.013121
5426.490234 0.014018
5427.740234 0.011473
5428.990234 0.010303
5430.240234 0.013676
5431.490234 0.014725
5432.740234 0.012826
5433.990234 0.012620
5435.240234 0.014518
5436.500000 0.015787
5437.750000 0.014047
5439.000000 0.011828
5440.250000 0.011302
5441.509766 0.011031
5442.759766 0.011312
5444.009766 0.010841
5445.270020 0.011430
5446.520020 0.014482
5447.770020 0.016404
5449.029785 0.014677
5450.279785 0.012641
5451.540039 0.010998
5452.790039 0.010300
5454.049805 0.011100
5455.310059 0.013014
5456.560059 0.014493
5457.819824 0.014153
5459.080078 0.012590
5460.330078 0.010980
5461.589844 0.012032
5462.850098 0.013546
5464.109863 0.014275
5465.359863 0.014321
5466.620117 0.012634
5467.879883 0.011928
5469.140137 0.011458
5470.399902 0.011745
5471.660156 0.011747
5472.919922 0.011133
5474.180176 0.011499
5475.439941 0.012568
5476.700195 0.013640
5477.959961 0.014555
5479.220215 0.013196
5480.490234 0.011136
5481.750000 0.011859
5483.009766 0.013357
5484.270020 0.012971
5485.540039 0.011101
5486.799805 0.010406
5488.060059 0.011300
5489.330078 0.012737
5490.589844 0.013028
5491.859863 0.012120
5493.120117 0.012205
5494.379883 0.012473
5495.649902 0.012091
5496.919922 0.012539
5498.180176 0.013052
5499.450195 0.012846
5500.709961 0.011939
5501.979980 0.011690
5503.250000 0.013008
5504.520020 0.013167
5505.779785 0.012314
5507.049805 0.012221
5508.319824 0.012319
5509.589844 0.012227
5510.859863 0.011199
5512.129883 0.011329
5513.390137 0.013455
5514.660156 0.014353
5515.930176 0.013458
5517.200195 0.012867
5518.479980 0.012439
5519.750000 0.012538
5521.020020 0.012289
5522.290039 0.011730
5523.560059 0.011312
5524.830078 0.012391
5526.100098 0.012415
5527.379883 0.013289
5528.649902 0.014390
5529.919922 0.014733
5531.200195 0.012958
5532.470215 0.011069
5533.740234 0.011935
5535.020020 0.013696
5536.290039 0.014653
5537.569824 0.014505
5538.839844 0.013429
5540.120117 0.012895
5541.390137 0.013233
5542.669922 0.012437
5543.950195 0.013723
5545.220215 0.015000
5546.500000 0.014276
5547.779785 0.014550
5549.060059 0.014321
5550.330078 0.014892
5551.609863 0.014831
5552.890137 0.013487
5554.169922 0.014031
5555.450195 0.014661
5556.729980 0.014676
5558.009766 0.014398
5559.290039 0.013087
5560.569824 0.013556
5561.850098 0.013290
5563.129883 0.013432
5564.410156 0.013943
5565.689941 0.013644
5566.970215 0.014557
5568.250000 0.014024
5569.540039 0.013985
5570.819824 0.014658
5572.100098 0.014332
5573.390137 0.013844
5574.669922 0.014874
5575.950195 0.014339
5577.240234 0.013261
5578.520020 0.012835
5579.810059 0.013319
5581.089844 0.013572
5582.379883 0.013044
5583.660156 0.012366
5584.950195 0.011118
5586.229980 0.011821
5587.520020 0.014503
5588.810059 0.015179
5590.089844 0.015017
5591.379883 0.013815
5592.669922 0.012079
5593.959961 0.012392
5595.240234 0.012850
5596.529785 0.011893
5597.819824 0.011776
5599.109863 0.012942
5600.399902 0.013772
5601.689941 0.014916
5602.979980 0.016094
5604.270020 0.015881
5605.560059 0.013767
5606.850098 0.012341
5608.140137 0.012637
5609.430176 0.013364
5610.729980 0.012897
5612.020020 0.013009
5613.310059 0.013136
5614.600098 0.012828
5615.899902 0.014662
5617.189941 0.015797
5618.479980 0.014632
5619.779785 0.013450
5621.069824 0.012522
5622.370117 0.011615
5623.660156 0.012969
5624.959961 0.013382
5626.250000 0.014117
5627.549805 0.013703
5628.839844 0.012826
5630.140137 0.012451
5631.439941 0.011643
5632.729980 0.011997
5634.029785 0.011974
5635.330078 0.011802
5636.620117 0.012955
5637.919922 0.013214
5639.220215 0.013543
5640.520020 0.013845
5641.819824 0.013512
5643.120117 0.013184
5644.419922 0.013750
5645.720215 0.013242
5647.020020 0.012962
5648.319824 0.012976
5649.620117 0.013724
5650.919922 0.013820
5652.220215 0.013119
5653.520020 0.013108
5654.819824 0.012657
5656.129883 0.013241
5657.430176 0.013357
5658.729980 0.013938
5660.029785 0.015066
5661.339844 0.014925
5662.640137 0.012935
5663.950195 0.012831
5665.250000 0.012789
5666.549805 0.012221
5667.859863 0.012774
5669.169922 0.013410
5670.470215 0.013499
5671.779785 0.013097
5673.080078 0.012613
5674.390137 0.012351
5675.700195 0.013035
5677.000000 0.014021
5678.310059 0.013482
5679.620117 0.012871
5680.930176 0.013853
5682.229980 0.013583
5683.540039 0.012845
5684.850098 0.013866
5686.160156 0.013667
5687.470215 0.014062
5688.779785 0.013798
5690.089844 0.013939
5691.399902 0.013754
5692.709961 0.012623
5694.020020 0.012464
5695.330078 0.012624
5696.640137 0.013437
5697.959961 0.013834
5699.270020 0.013997
5700.580078 0.013958
5701.890137 0.013789
5703.209961 0.013655
5704.520020 0.013184
5705.830078 0.011603
5707.149902 0.011931
5708.459961 0.013387
5709.779785 0.013633
5711.089844 0.014070
5712.410156 0.014755
5713.720215 0.014803
5715.040039 0.013486
5716.350098 0.012874
5717.669922 0.013072
5718.990234 0.013820
5720.299805 0.014865
5721.620117 0.014214
5722.939941 0.014645
5724.259766 0.014470
5725.569824 0.014590
5726.890137 0.014449
5728.209961 0.015135
5729.529785 0.014935
5730.850098 0.014512
5732.169922 0.014244
5733.490234 0.014484
5734.810059 0.015058
5736.129883 0.013820
5737.450195 0.013636
5738.770020 0.014230
5740.100098 0.014090
5741.419922 0.014447
5742.740234 0.014226
5744.060059 0.014428
5745.379883 0.013920
5746.709961 0.013481
5748.029785 0.014067
5749.350098 0.013951
5750.680176 0.014046
5752.000000 0.013706
5753.330078 0.013882
5754.649902 0.015104
5755.979980 0.015668
5757.299805 0.014579
5758.629883 0.013601
5759.959961 0.013536
5761.279785 0.013539
5762.609863 0.013831
5763.939941 0.015167
5765.259766 0.014474
5766.589844 0.013761
5767.919922 0.013892
5769.250000 0.014114
5770.580078 0.013355
5771.899902 0.012987
5773.229980 0.014373
5774.560059 0.014362
5775.890137 0.012957
5777.220215 0.013598
5778.549805 0.013710
5779.879883 0.012723
5781.209961 0.013590
5782.549805 0.015256
5783.879883 0.015421
5785.209961 0.014017
5786.540039 0.014014
5787.870117 0.013327
5789.209961 0.011820
5790.540039 0.012553
5791.870117 0.013842
5793.209961 0.013838
5794.540039 0.014150
5795.879883 0.013660
5797.209961 0.014028
5798.549805 0.014962
5799.879883 0.015244
5801.220215 0.015097
5802.549805 0.014173
5803.890137 0.012816
5805.229980 0.014990
5806.560059 0.016468
5807.899902 0.015524
5809.240234 0.014447
5810.569824 0.014535
5811.910156 0.015127
5813.250000 0.014402
5814.589844 0.014665
5815.930176 0.015839
5817.270020 0.015488
5818.609863 0.014740
5819.950195 0.014694
5821.290039 0.014323
5822.629883 0.014584
5823.970215 0.014974
5825.310059 0.015033
5826.649902 0.014881
5827.990234 0.014891
5829.339844 0.015488
5830.680176 0.014026
5832.020020 0.013982
5833.359863 0.015259
5834.709961 0.015621
5836.049805 0.014318
5837.399902 0.014172
5838.740234 0.014025
5840.080078 0.014450
5841.430176 0.014641
5842.770020 0.013991
5844.120117 0.014117
5845.470215 0.014792
5846.810059 0.013896
5848.160156 0.013154
5849.500000 0.014231
5850.850098 0.014413
5852.200195 0.014380
5853.549805 0.014404
5854.890137 0.015060
5856.240234 0.014764
5857.589844 0.014271
5858.939941 0.014144
5860.290039 0.013250
5861.640137 0.013215
5862.990234 0.012588
5864.339844 0.012536
5865.689941 0.012978
5867.040039 0.013430
5868.390137 0.013733
5869.740234 0.013140
5871.089844 0.012701
5872.450195 0.013394
5873.799805 0.014683
5875.149902 0.015050
5876.500000 0.014792
5877.859863 0.015293
5879.209961 0.015090
5880.569824 0.013831
5881.919922 0.011884
5883.270020 0.010297
5884.629883 0.007755
5885.979980 0.005613
5887.339844 0.003412
5888.700195 0.003104
5890.049805 0.007271
5891.410156 0.011201
5892.759766 0.009136
5894.120117 0.005340
5895.479980 0.005058
5896.839844 0.008395
5898.189941 0.010697
5899.549805 0.008922
5900.910156 0.006217
5902.270020 0.007177
5903.629883 0.008578
5904.990234 0.009093
5906.350098 0.009542
5907.709961 0.010420
5909.069824 0.011632
5910.430176 0.011025
5911.790039 0.011594
5913.149902 0.012527
5914.509766 0.012521
5915.879883 0.013993
5917.240234 0.013572
5918.600098 0.013229
5919.959961 0.013203
5921.330078 0.012435
5922.689941 0.011487
5924.060059 0.011917
5925.419922 0.011876
5926.779785 0.011399
5928.149902 0.011250
5929.509766 0.012144
5930.879883 0.013215
5932.250000 0.013695
5933.609863 0.013119
5934.979980 0.012352
5936.339844 0.012946
5937.709961 0.012846
5939.080078 0.012198
5940.450195 0.012551
5941.810059 0.012916
5943.180176 0.013221
5944.549805 0.013121
5945.919922 0.011891
5947.290039 0.011765
5948.660156 0.012520
5950.029785 0.012867
5951.399902 0.012513
5952.770020 0.012775
5954.140137 0.012447
5955.509766 0.012764
5956.879883 0.012683
5958.250000 0.012457
5959.629883 0.013047
5961.000000 0.012879
5962.370117 0.012749
5963.750000 0.012550
5965.120117 0.012891
5966.490234 0.013209
5967.870117 0.012964
5969.240234 0.012899
5970.620117 0.012726
5971.990234 0.012793
5973.370117 0.012591
5974.740234 0.012635
5976.120117 0.013397
5977.490234 0.013604
5978.870117 0.012979
5980.250000 0.012056
5981.620117 0.011901
5983.000000 0.012157
5984.379883 0.012592
5985.759766 0.012842
5987.140137 0.012551
5988.509766 0.012557
5989.890137 0.012212
5991.270020 0.012257
5992.649902 0.012421
5994.029785 0.011597
5995.410156 0.010841
5996.790039 0.011591
5998.169922 0.011930
5999.560059 0.011903
6000.939941 0.012004
6002.319824 0.011630
6003.700195 0.011973
6005.080078 0.012456
6006.470215 0.011921
6007.850098 0.012095
6009.229980 0.012494
6010.620117 0.011831
6012.000000 0.011744
6013.390137 0.011450
6014.770020 0.010829
6016.160156 0.011409
6017.540039 0.012207
6018.930176 0.012333
6020.310059 0.012474
6021.700195 0.012915
6023.089844 0.012571
6024.470215 0.012687
6025.859863 0.012122
6027.250000 0.012257
6028.640137 0.013082
6030.020020 0.013313
6031.410156 0.013443
6032.799805 0.013068
6034.189941 0.012440
6035.580078 0.012670
6036.970215 0.012764
6038.359863 0.013078
6039.750000 0.012796
6041.140137 0.012851
6042.529785 0.013610
6043.930176 0.013858
6045.319824 0.014261
6046.709961 0.013676
6048.100098 0.012590
6049.490234 0.012837
6050.890137 0.013358
6052.279785 0.013066
6053.669922 0.013036
6055.069824 0.013565
6056.459961 0.012993
6057.859863 0.013154
6059.250000 0.013351
6060.649902 0.012813
6062.040039 0.012778
6063.439941 0.012742
6064.839844 0.013902
6066.229980 0.014290
6067.629883 0.014402
6069.029785 0.013673
6070.419922 0.012979
6071.819824 0.013276
6073.220215 0.012805
6074.620117 0.012806
6076.020020 0.012838
6077.419922 0.013125
6078.819824 0.013958
6080.220215 0.014137
6081.620117 0.013390
6083.020020 0.013760
6084.419922 0.013940
6085.819824 0.012948
6087.220215 0.012681
6088.620117 0.012875
6090.029785 0.013211
6091.430176 0.013531
6092.830078 0.012881
6094.229980 0.013319
6095.640137 0.013248
6097.040039 0.012311
6098.439941 0.011969
6099.850098 0.012421
6101.250000 0.012527
6102.660156 0.013422
6104.060059 0.015104
6105.470215 0.015335
6106.879883 0.013909
6108.279785 0.013038
6109.689941 0.013057
6111.100098 0.012852
6112.500000 0.012760
6113.910156 0.012381
6115.319824 0.011801
6116.729980 0.011899
6118.140137 0.012805
6119.540039 0.012041
6120.950195 0.012780
6122.359863 0.013949
6123.770020 0.014746
6125.180176 0.013649
6126.589844 0.012076
6128.000000 0.011832
6129.419922 0.012050
6130.830078 0.011859
6132.240234 0.011210
6133.649902 0.010936
6135.060059 0.011309
6136.479980 0.013284
6137.890137 0.015119
6139.299805 0.015112
6140.720215 0.013923
6142.129883 0.013058
6143.549805 0.013431
6144.959961 0.012502
6146.379883 0.011607
6147.790039 0.011651
6149.209961 0.012198
6150.620117 0.012734
6152.040039 0.012480
6153.459961 0.011893
6154.870117 0.010257
6156.290039 0.009446
6157.709961 0.009903
6159.129883 0.009476
6160.540039 0.010138
6161.959961 0.012279
6163.379883 0.013458
6164.799805 0.012972
6166.220215 0.010839
6167.640137 0.009255
6169.060059 0.010315
6170.479980 0.011625
6171.899902 0.011344
6173.319824 0.011049
6174.750000 0.010763
6176.169922 0.010821
6177.589844 0.011116
6179.009766 0.011104
6180.439941 0.010616
6181.859863 0.010360
6183.279785 0.010293
6184.709961 0.010163
6186.129883 0.010892
6187.560059 0.011416
6188.979980 0.011359
6190.410156 0.010966
6191.830078 0.011483
6193.259766 0.012239
6194.680176 0.011676
6196.109863 0.010530
6197.540039 0.010223
6198.959961 0.010422
6200.390137 0.011269
6201.819824 0.010956
6203.250000 0.011251
6204.680176 0.010935
6206.100098 0.010343
6207.529785 0.010239
6208.959961 0.009625
6210.390137 0.009784
6211.819824 0.009824
6213.250000 0.009896
6214.680176 0.010975
6216.120117 0.010795
6217.549805 0.010461
6218.979980 0.010778
6220.410156 0.010159
6221.839844 0.009208
6223.279785 0.009351
6224.709961 0.010093
6226.140137 0.009934
6227.580078 0.009026
6229.009766 0.008671
6230.450195 0.009859
6231.879883 0.010790
6233.310059 0.011152
6234.750000 0.010351
6236.189941 0.008883
6237.620117 0.008914
6239.060059 0.008942
6240.500000 0.008792
6241.930176 0.009055
6243.370117 0.010022
6244.810059 0.010566
6246.250000 0.010461
6247.680176 0.009770
6249.120117 0.009333
6250.560059 0.008813
6252.000000 0.008674
6253.439941 0.009483
6254.879883 0.009727
6256.319824 0.010015
6257.759766 0.010571
6259.200195 0.010524
6260.649902 0.010903
6262.089844 0.009884
6263.529785 0.008859
6264.970215 0.008956
6266.410156 0.009209
6267.859863 0.009679
6269.299805 0.009871
6270.740234 0.009736
6272.189941 0.010762
6273.629883 0.010269
6275.080078 0.009804
6276.520020 0.009332
6277.970215 0.009824
6279.410156 0.010266
6280.859863 0.010467
6282.310059 0.010911
6283.750000 0.011108
6285.200195 0.010557
6286.649902 0.010453
6288.089844 0.009887
6289.540039 0.009378
6290.990234 0.009671
6292.439941 0.010297
6293.890137 0.010914
6295.339844 0.011560
6296.790039 0.012349
6298.240234 0.013477
6299.689941 0.013228
6301.140137 0.011251
6302.589844 0.011269
6304.040039 0.013322
6305.490234 0.013676
6306.950195 0.011770
6308.399902 0.010164
6309.850098 0.010317
6311.299805 0.009893
6312.759766 0.009550
6314.209961 0.009268
6315.669922 0.010048
6317.120117 0.010661
6318.569824 0.010198
6320.029785 0.010997
6321.479980 0.010964
6322.939941 0.010331
6324.399902 0.009925
6325.850098 0.009705
6327.310059 0.009289
6328.770020 0.009642
6330.220215 0.010261
6331.680176 0.010443
6333.140137 0.009901
6334.600098 0.010282
6336.060059 0.011197
6337.520020 0.010886
6338.979980 0.010539
6340.439941 0.010302
6341.899902 0.009003
6343.359863 0.009018
6344.819824 0.010155
6346.279785 0.010205
6347.740234 0.009977
6349.200195 0.009509
6350.660156 0.009310
6352.129883 0.009108
6353.589844 0.008871
6355.049805 0.008567
6356.520020 0.009350
6357.979980 0.010026
6359.439941 0.009496
6360.910156 0.009884
6362.370117 0.010695
6363.839844 0.010597
6365.299805 0.010134
6366.770020 0.009958
6368.229980 0.009360
6369.700195 0.009529
6371.169922 0.010142
6372.640137 0.010000
6374.100098 0.009845
6375.569824 0.009716
6377.040039 0.009364
6378.509766 0.010158
6379.979980 0.010046
6381.450195 0.010420
6382.919922 0.010984
6384.390137 0.010225
6385.859863 0.009947
6387.330078 0.009900
6388.799805 0.010445
6390.270020 0.010014
6391.740234 0.010215
6393.209961 0.011021
6394.680176 0.011708
6396.160156 0.011123
6397.629883 0.009244
6399.100098 0.010019
6400.580078 0.010562
6402.049805 0.010915
6403.520020 0.010177
6405.000000 0.009528
6406.470215 0.008892
6407.950195 0.009284
6409.430176 0.010073
6410.899902 0.010114
6412.379883 0.010089
6413.850098 0.010689
6415.330078 0.010248
6416.810059 0.009138
6418.290039 0.008977
6419.759766 0.009336
6421.240234 0.009996
6422.720215 0.010477
6424.200195 0.010280
6425.680176 0.009758
6427.160156 0.008687
6428.640137 0.008530
6430.120117 0.009414
6431.600098 0.010427
6433.080078 0.011094
6434.560059 0.011204
6436.049805 0.010443
6437.529785 0.009758
6439.009766 0.009955
6440.490234 0.010744
6441.979980 0.011293
6443.459961 0.009638
6444.939941 0.008678
6446.430176 0.009107
6447.910156 0.008604
6449.399902 0.008921
6450.879883 0.009991
6452.370117 0.010468
6453.850098 0.010243
6455.339844 0.009123
6456.830078 0.009422
6458.310059 0.010007
6459.799805 0.009418
6461.290039 0.008935
6462.779785 0.009609
6464.259766 0.011121
6465.750000 0.011108
6467.240234 0.010186
6468.729980 0.009513
6470.220215 0.009498
6471.709961 0.009544
6473.200195 0.009658
6474.689941 0.010045
6476.180176 0.009717
6477.669922 0.009840
6479.169922 0.009516
6480.660156 0.008797
6482.149902 0.009313
6483.640137 0.010414
6485.140137 0.010134
6486.629883 0.009086
6488.120117 0.008690
6489.620117 0.008157
6491.109863 0.007358
6492.609863 0.007811
6494.100098 0.009236
6495.600098 0.011155
6497.089844 0.011777
6498.589844 0.011290
6500.089844 0.010198
6501.580078 0.009139
6503.080078 0.008163
6504.580078 0.007904
6506.080078 0.007747
6507.569824 0.007821
6509.069824 0.008168
6510.569824 0.008449
6512.069824 0.008720
6513.569824 0.008884
6515.069824 0.008253
6516.569824 0.008161
6518.069824 0.009794
6519.569824 0.010171
6521.069824 0.009677
6522.580078 0.009860
6524.080078 0.009734
6525.580078 0.009165
6527.080078 0.009045
6528.589844 0.009728
6530.089844 0.010068
6531.589844 0.010344
6533.100098 0.010352
6534.600098 0.009618
6536.109863 0.009992
6537.609863 0.010114
6539.120117 0.010255
6540.620117 0.011156
6542.129883 0.012437
6543.640137 0.014370
6545.140137 0.019191
6546.649902 0.029565
6548.160156 0.042293
6549.669922 0.049722
6551.169922 0.046427
6552.680176 0.034896
6554.189941 0.024304
6555.700195 0.019779
6557.209961 0.022089
6558.720215 0.035136
6560.229980 0.075415
6561.740234 0.138229
6563.250000 0.184692
6564.759766 0.200826
6566.279785 0.185838
6567.790039 0.132196
6569.299805 0.064886
6570.810059 0.026820
6572.330078 0.017233
6573.839844 0.015483
6575.350098 0.015727
6576.870117 0.017304
6578.379883 0.019626
6579.899902 0.029897
6581.410156 0.055235
6582.930176 0.091307
6584.439941 0.122851
6585.959961 0.126738
6587.479980 0.097224
6588.990234 0.056486
6590.509766 0.027505
6592.029785 0.017049
6593.549805 0.014313
6595.060059 0.012343
6596.580078 0.011461
6598.100098 0.009986
6599.620117 0.008768
6601.140137 0.007665
6602.660156 0.007442
6604.180176 0.008189
6605.700195 0.007543
6607.220215 0.008036
6608.750000 0.008571
6610.270020 0.008439
6611.790039 0.008342
6613.310059 0.007455
6614.839844 0.007189
6616.359863 0.007407
6617.879883 0.006662
6619.410156 0.006855
6620.930176 0.006590
6622.459961 0.006954
6623.979980 0.007273
6625.509766 0.006822
6627.029785 0.006551
6628.560059 0.006224
6630.080078 0.006612
6631.609863 0.006489
6633.140137 0.005512
6634.669922 0.006491
6636.189941 0.007415
6637.720215 0.006003
6639.250000 0.005406
6640.779785 0.006264
6642.310059 0.006611
6643.839844 0.006677
6645.370117 0.005917
6646.899902 0.006105
6648.430176 0.005902
6649.959961 0.005496
6651.490234 0.005270
6653.020020 0.005721
6654.560059 0.005748
6656.089844 0.005463
6657.620117 0.005202
6659.149902 0.005029
6660.689941 0.004626
6662.220215 0.005216
6663.759766 0.005927
6665.290039 0.006278
6666.830078 0.006292
6668.359863 0.005807
6669.899902 0.004924
6671.430176 0.004820
6672.970215 0.004569
6674.509766 0.004802
6676.040039 0.005519
6677.580078 0.006247
6679.120117 0.006984
6680.660156 0.006833
6682.189941 0.005802
6683.729980 0.004611
6685.270020 0.004710
6686.810059 0.004326
6688.350098 0.004370
6689.890137 0.004566
6691.430176 0.003983
6692.970215 0.004279
6694.509766 0.004578
6696.060059 0.003751
6697.600098 0.004353
6699.140137 0.004370
6700.680176 0.004085
6702.229980 0.003983
6703.770020 0.003923
6705.310059 0.004847
6706.859863 0.005106
6708.399902 0.004997
6709.950195 0.005765
6711.490234 0.006465
6713.040039 0.010279
6714.580078 0.015761
6716.129883 0.013869
6717.680176 0.005606
6719.220215 0.007101
6720.770020 0.016295
6722.319824 0.015520
6723.870117 0.009861
6725.419922 0.007665
6726.959961 0.008695
6728.509766 0.013491
6730.060059 0.015274
6731.609863 0.010516
6733.160156 0.009666
6734.709961 0.013979
6736.259766 0.014362
6737.810059 0.008988
6739.370117 0.005530
6740.919922 0.004279
6742.470215 0.004107
6744.020020 0.003435
6745.580078 0.002853
6747.129883 0.002985
6748.680176 0.002503
6750.240234 0.002931
6751.790039 0.002799
6753.350098 0.002548
6754.899902 0.002661
6756.459961 0.002634
6758.009766 0.002347
6759.569824 0.001825
6761.129883 0.002031
6762.680176 0.002536
6764.240234 0.002312
6765.799805 0.002660
6767.359863 0.002845
6768.919922 0.002763
6770.470215 0.002787
6772.029785 0.003643
6773.589844 0.003463
6775.149902 0.002097
6776.709961 0.001638
6778.270020 0.001849
6779.830078 0.001713
6781.399902 0.001453
6782.959961 0.002055
6784.520020 0.002796
6786.080078 0.002708
6787.640137 0.001950
6789.209961 0.001227
6790.770020 0.001254
6792.330078 0.001601
6793.899902 0.001877
6795.459961 0.002316
6797.029785 0.001684
6798.589844 0.001554
6800.160156 0.002444
6801.729980 0.002086
6803.290039 0.001288
6804.859863 0.001114
6806.430176 0.001575
6807.990234 0.001625
6809.560059 0.001708
6811.129883 0.001528
6812.700195 0.001642
6814.270020 0.001900
6815.839844 0.001698
6817.399902 0.001374
6818.970215 0.001499
6820.540039 0.001313
6822.120117 0.001446
6823.689941 0.001370
6825.259766 0.001322
6826.830078 0.001493
6828.399902 0.001357
6829.970215 0.001795
6831.549805 0.001600
6833.120117 0.001141
6834.689941 0.000620
6836.270020 0.000671
6837.839844 0.000804
6839.419922 0.001104
6840.990234 0.001298
6842.569824 0.001696
6844.140137 0.001811
6845.720215 0.001510
6847.299805 0.000950
6848.870117 0.000814
6850.450195 0.000504
6852.029785 0.000247
6853.600098 0.000621
6855.180176 0.001873
6856.759766 0.001945
6858.339844 0.001625
6859.919922 0.000914
6861.500000 0.001030
6863.080078 0.001757
6864.660156 0.000877
6866.240234 -0.000481
6867.819824 -0.000146
6869.399902 0.000212
6870.990234 -0.000113
6872.569824 0.000198
6874.149902 0.000534
6875.729980 0.000714
6877.319824 0.000948
6878.899902 0.000520
6880.490234 0.000266
6882.069824 0.000761
6883.649902 0.001099
6885.240234 0.000904
6886.830078 0.000626
6888.410156 0.000796
6890.000000 0.000084
6891.580078 -0.000253
6893.169922 0.000388
6894.759766 0.000050
6896.350098 0.000700
6897.930176 0.000630
6899.520020 0.000809
6901.109863 0.001157
6902.700195 0.001254
6904.290039 0.000973
6905.879883 0.000461
6907.470215 0.000009
6909.060059 0.000050
6910.649902 -0.000114
6912.240234 -0.000089
6913.839844 0.000546
6915.430176 0.001249
6917.020020 0.001074
6918.609863 0.000569
6920.209961 -0.000013
6921.799805 -0.000107
6923.390137 -0.000025
6924.990234 -0.000247
6926.580078 0.000348
6928.180176 0.000374
6929.770020 -0.000341
6931.370117 -0.000713
6932.970215 -0.000302
6934.560059 -0.000243
6936.160156 -0.000079
6937.759766 -0.000110
6939.350098 -0.000673
6940.950195 -0.001017
6942.549805 -0.000785
6944.149902 -0.000606
6945.750000 -0.000228
6947.350098 -0.000246
6948.950195 -0.000360
6950.549805 -0.000465
6952.149902 -0.001077
6953.750000 -0.000122
6955.350098 0.000241
6956.950195 -0.000231
6958.560059 -0.000539
6960.160156 -0.000625
6961.759766 -0.000244
6963.359863 -0.000780
6964.970215 -0.001048
6966.569824 -0.000996
6968.180176 -0.000865
6969.779785 -0.001128
6971.390137 -0.001454
6972.990234 -0.001195
6974.600098 -0.000669
6976.200195 -0.001149
6977.810059 -0.000866
6979.419922 0.000463
6981.020020 0.000857
6982.629883 -0.000354
6984.240234 -0.001517
6985.850098 -0.001398
6987.459961 -0.000538
6989.060059 -0.000841
6990.669922 -0.000805
6992.279785 -0.001021
6993.890137 -0.000944
6995.509766 -0.001213
6997.120117 -0.001540
6998.729980 -0.001096
7000.339844 -0.000121
7001.950195 -0.000659
7003.560059 -0.001429
7005.180176 -0.001294
7006.790039 -0.000849
7008.399902 -0.001270
7010.020020 -0.001483
7011.629883 -0.001494
7013.250000 -0.001929
7014.859863 -0.001534
7016.479980 -0.001268
7018.089844 -0.000495
7019.709961 -0.001269
7021.330078 -0.002304
7022.939941 -0.002366
7024.560059 -0.001318
7026.180176 -0.000805
7027.790039 -0.001182
7029.410156 -0.001750
7031.029785 -0.002318
7032.649902 -0.002368
7034.270020 -0.001761
7035.890137 -0.001420
7037.509766 -0.001318
7039.129883 -0.000565
7040.750000 -0.000377
7042.370117 -0.001163
7044.000000 -0.002121
7045.620117 -0.001856
7047.240234 -0.001611
7048.859863 -0.002338
7050.490234 -0.003014
7052.109863 -0.003362
7053.729980 -0.002750
7055.359863 -0.001609
7056.979980 -0.002124
7058.609863 -0.003304
7060.229980 -0.002949
7061.859863 -0.002728
7063.490234 -0.002748
7065.109863 -0.002449
7066.740234 -0.002985
7068.370117 -0.002613
7069.990234 -0.001985
7071.620117 -0.002889
7073.250000 -0.003392
7074.879883 -0.003747
7076.509766 -0.003783
7078.140137 -0.003984
7079.770020 -0.004717
7081.399902 -0.004748
7083.029785 -0.004773
7084.660156 -0.004383
7086.290039 -0.003631
7087.919922 -0.003850
7089.560059 -0.004037
7091.189941 -0.003919
7092.819824 -0.004014
7094.459961 -0.004359
7096.089844 -0.004731
7097.720215 -0.005114
7099.359863 -0.005568
7100.990234 -0.006099
7102.629883 -0.005637
7104.259766 -0.005596
7105.899902 -0.005238
7107.540039 -0.005413
7109.169922 -0.005377
7110.810059 -0.005353
7112.450195 -0.005228
7114.089844 -0.005284
7115.720215 -0.005577
7117.359863 -0.005817
7119.000000 -0.006035
7120.640137 -0.006017
7122.279785 -0.006126
7123.919922 -0.005797
7125.560059 -0.005781
7127.200195 -0.005874
7128.839844 -0.005545
7130.490234 -0.005249
7132.129883 -0.004441
7133.770020 -0.004340
7135.410156 -0.005394
7137.060059 -0.006881
7138.700195 -0.006710
7140.339844 -0.005440
7141.990234 -0.005043
7143.629883 -0.005668
7145.279785 -0.006088
7146.919922 -0.005798
7148.569824 -0.005404
7150.209961 -0.004588
7151.859863 -0.005197
7153.509766 -0.006183
7155.160156 -0.006432
7156.799805 -0.006490
7158.450195 -0.006366
7160.100098 -0.006809
7161.750000 -0.006190
7163.399902 -0.005569
7165.049805 -0.005695
7166.700195 -0.005120
7168.350098 -0.005646
7170.000000 -0.006093
7171.649902 -0.006472
7173.299805 -0.006405
7174.950195 -0.006358
7176.609863 -0.006188
7178.259766 -0.005922
7179.910156 -0.005851
7181.560059 -0.005754
7183.220215 -0.006050
7184.870117 -0.006744
7186.529785 -0.006973
7188.180176 -0.006125
7189.839844 -0.005007
7191.490234 -0.005338
7193.149902 -0.006418
7194.810059 -0.006879
7196.459961 -0.006885
7198.120117 -0.007003
7199.779785 -0.007088
7201.439941 -0.006435
7203.089844 -0.006131
7204.750000 -0.005661
7206.410156 -0.005862
7208.069824 -0.005882
7209.729980 -0.005375
7211.390137 -0.005850
7213.049805 -0.006624
7214.709961 -0.006934
7216.379883 -0.006526
7218.040039 -0.006196
7219.700195 -0.006150
7221.359863 -0.006558
7223.020020 -0.006449
7224.689941 -0.005971
7226.350098 -0.006037
7228.020020 -0.006293
7229.680176 -0.006283
7231.350098 -0.006282
7233.009766 -0.006938
7234.680176 -0.006710
7236.339844 -0.006143
7238.009766 -0.005809
7239.680176 -0.005888
7241.339844 -0.006004
7243.009766 -0.006121
7244.680176 -0.005880
7246.350098 -0.005545
7248.020020 -0.006262
7249.680176 -0.007203
7251.350098 -0.006714
7253.020020 -0.006043
7254.689941 -0.006213
7256.359863 -0.005932
7258.040039 -0.006371
7259.709961 -0.006692
7261.379883 -0.006354
7263.049805 -0.005979
7264.720215 -0.006259
7266.399902 -0.006667
7268.069824 -0.006954
7269.740234 -0.007271
7271.419922 -0.007014
7273.089844 -0.007328
7274.770020 -0.006954
7276.439941 -0.006779
7278.120117 -0.007214
7279.790039 -0.007554
7281.470215 -0.007064
7283.149902 -0.007020
7284.819824 -0.006087
7286.500000 -0.006400
7288.180176 -0.007451
7289.859863 -0.006329
7291.540039 -0.005713
7293.220215 -0.005916
7294.899902 -0.006185
7296.580078 -0.006818
7298.259766 -0.007264
7299.939941 -0.007189
7301.620117 -0.006985
7303.299805 -0.006864
7304.979980 -0.006881
7306.660156 -0.006686
7308.350098 -0.006363
7310.029785 -0.006181
7311.709961 -0.005953
7313.399902 -0.005977
7315.080078 -0.006588
7316.759766 -0.006350
7318.450195 -0.006063
7320.129883 -0.006856
7321.819824 -0.007196
7323.509766 -0.006536
7325.189941 -0.005404
7326.879883 -0.004667
7328.569824 -0.004978
7330.250000 -0.006209
7331.939941 -0.007295
7333.629883 -0.006860
7335.319824 -0.005977
7337.009766 -0.006392
7338.700195 -0.006640
7340.390137 -0.006914
7342.080078 -0.007089
7343.770020 -0.007008
7345.459961 -0.006065
7347.149902 -0.006104
7348.839844 -0.006740
7350.540039 -0.007061
7352.229980 -0.006401
7353.919922 -0.006741
7355.620117 -0.006893
7357.310059 -0.006461
7359.000000 -0.006565
7360.700195 -0.006948
7362.390137 -0.007094
7364.089844 -0.007334
7365.790039 -0.007178
7367.479980 -0.006780
7369.180176 -0.006676
7370.879883 -0.006922
7372.569824 -0.006863
7374.270020 -0.007008
7375.970215 -0.006879
7377.669922 -0.006574
7379.370117 -0.006292
7381.069824 -0.006759
7382.770020 -0.006806
7384.470215 -0.006507
7386.169922 -0.006405
7387.870117 -0.006269
7389.569824 -0.005752
7391.270020 -0.005959
7392.970215 -0.006379
7394.669922 -0.006716
7396.379883 -0.007143
7398.080078 -0.006831
7399.779785 -0.006751
7401.490234 -0.006396
7403.189941 -0.006258
7404.899902 -0.007025
7406.600098 -0.007793
7408.310059 -0.007234
7410.020020 -0.006160
7411.720215 -0.006170
7413.430176 -0.006661
7415.140137 -0.006723
7416.839844 -0.006887
7418.549805 -0.006855
7420.259766 -0.007098
7421.970215 -0.006655
7423.680176 -0.006838
7425.390137 -0.006458
7427.100098 -0.006769
7428.810059 -0.007265
7430.520020 -0.007228
7432.229980 -0.006995
7433.939941 -0.006790
7435.649902 -0.006879
7437.359863 -0.007178
7439.080078 -0.007311
7440.790039 -0.006815
7442.500000 -0.006604
7444.220215 -0.006652
7445.930176 -0.006639
7447.649902 -0.006503
7449.359863 -0.006549
7451.080078 -0.006885
7452.790039 -0.007884
7454.509766 -0.007764
7456.229980 -0.007607
7457.939941 -0.007720
7459.660156 -0.007405
7461.379883 -0.007331
7463.100098 -0.006813
7464.819824 -0.006128
7466.529785 -0.006911
7468.250000 -0.008008
7469.970215 -0.008677
7471.689941 -0.008244
7473.410156 -0.007464
7475.140137 -0.007530
7476.859863 -0.007667
7478.580078 -0.007564
7480.299805 -0.007665
7482.020020 -0.007409
7483.750000 -0.007221
7485.470215 -0.006632
7487.189941 -0.007718
7488.919922 -0.008505
7490.640137 -0.008235
7492.370117 -0.007781
7494.089844 -0.007260
7495.819824 -0.006955
7497.540039 -0.006786
7499.270020 -0.007359
7501.000000 -0.008372
7502.729980 -0.008996
7504.450195 -0.008861
7506.180176 -0.008320
7507.910156 -0.007787
7509.640137 -0.007532
7511.370117 -0.007021
7513.100098 -0.006950
7514.830078 -0.007020
7516.560059 -0.007873
7518.290039 -0.008367
7520.020020 -0.008232
7521.750000 -0.008762
7523.490234 -0.008078
7525.220215 -0.007113
7526.950195 -0.008031
7528.680176 -0.008302
7530.419922 -0.008411
7532.149902 -0.007894
7533.890137 -0.007851
7535.620117 -0.008690
7537.359863 -0.008875
7539.089844 -0.008460
7540.830078 -0.008380
7542.569824 -0.008387
7544.299805 -0.008443
7546.040039 -0.008264
7547.779785 -0.008085
7549.520020 -0.008321
7551.250000 -0.008914
7552.990234 -0.009002
7554.729980 -0.008722
7556.470215 -0.008843
7558.209961 -0.008798
7559.950195 -0.009211
7561.689941 -0.008739
7563.439941 -0.008085
7565.180176 -0.008419
7566.919922 -0.009097
7568.660156 -0.008969
7570.399902 -0.007944
7572.149902 -0.008698
7573.890137 -0.008828
7575.640137 -0.008414
7577.379883 -0.008682
7579.120117 -0.009070
7580.870117 -0.009536
7582.620117 -0.009536
7584.359863 -0.009267
7586.109863 -0.009369
7587.859863 -0.009752
7589.600098 -0.009558
7591.350098 -0.009689
7593.100098 -0.010345
7594.850098 -0.010508
7596.600098 -0.011144
7598.350098 -0.011440
7600.100098 -0.011465
7601.850098 -0.011545
7603.600098 -0.011733
7605.350098 -0.011520
7607.100098 -0.011061
7608.850098 -0.011593
7610.600098 -0.011994
7612.359863 -0.011225
7614.109863 -0.011267
7615.859863 -0.011577
7617.620117 -0.011538
7619.370117 -0.010483
7621.120117 -0.010207
7622.879883 -0.011608
7624.640137 -0.011529
7626.390137 -0.011614
7628.149902 -0.011593
7629.899902 -0.011276
7631.660156 -0.011223
7633.419922 -0.010983
7635.180176 -0.011234
7636.930176 -0.011846
7638.689941 -0.011579
7640.450195 -0.011239
7642.209961 -0.011007
7643.970215 -0.011482
7645.729980 -0.011866
7647.490234 -0.012141
7649.250000 -0.012106
7651.020020 -0.011976
7652.779785 -0.012782
7654.540039 -0.012690
7656.299805 -0.012395
7658.069824 -0.012677
7659.830078 -0.012628
7661.589844 -0.012697
7663.359863 -0.012533
7665.120117 -0.010607
7666.890137 -0.009660
7668.649902 -0.011051
7670.419922 -0.012667
7672.189941 -0.013571
7673.950195 -0.012396
7675.720215 -0.012730
7677.490234 -0.013719
7679.250000 -0.013902
7681.020020 -0.014064
7682.790039 -0.013555
7684.560059 -0.012724
7686.330078 -0.013050
7688.100098 -0.013628
7689.870117 -0.013648
7691.640137 -0.013293
7693.410156 -0.013083
7695.189941 -0.014094
7696.959961 -0.013993
7698.729980 -0.012742
7700.500000 -0.011729
7702.279785 -0.011961
7704.049805 -0.013420
7705.819824 -0.014206
7707.600098 -0.014371
7709.370117 -0.013964
7711.149902 -0.013984
7712.919922 -0.013909
7714.700195 -0.013245
7716.479980 -0.013105
7718.250000 -0.013642
7720.029785 -0.014103
7721.810059 -0.014609
7723.589844 -0.014191
7725.370117 -0.014335
7727.149902 -0.014147
7728.919922 -0.013862
7730.700195 -0.014626
7732.479980 -0.015061
7734.270020 -0.014634
7736.049805 -0.014688
7737.830078 -0.015111
7739.609863 -0.014853
7741.390137 -0.014970
7743.180176 -0.015304
7744.959961 -0.015012
7746.740234 -0.014317
7748.529785 -0.014004
7750.310059 -0.014215
7752.089844 -0.015269
7753.879883 -0.016065
7755.669922 -0.015490
7757.450195 -0.015171
7759.240234 -0.015418
7761.020020 -0.015461
7762.810059 -0.015627
7764.600098 -0.015497
7766.390137 -0.015467
7768.180176 -0.015613
7769.970215 -0.015650
7771.750000 -0.015739
7773.540039 -0.015390
7775.330078 -0.014984
7777.120117 -0.015193
7778.919922 -0.015443
7780.709961 -0.015758
7782.500000 -0.015839
7784.290039 -0.015514
7786.080078 -0.015729
7787.879883 -0.016243
7789.669922 -0.016309
7791.459961 -0.015751
7793.259766 -0.015956
7795.049805 -0.017248
7796.850098 -0.017470
7798.640137 -0.016397
7800.439941 -0.016337
7802.240234 -0.017178
7804.029785 -0.017381
7805.830078 -0.016787
7807.629883 -0.017042
7809.430176 -0.017464
7811.220215 -0.017049
7813.020020 -0.016960
7814.819824 -0.017426
7816.620117 -0.017507
7818.419922 -0.017829
7820.220215 -0.017816
7822.020020 -0.016903
7823.819824 -0.016867
7825.629883 -0.017967
7827.430176 -0.017988
7829.229980 -0.017447
7831.029785 -0.017824
7832.839844 -0.018248
7834.640137 -0.018508
7836.439941 -0.018017
7838.250000 -0.018117
7840.049805 -0.018691
7841.859863 -0.018570
7843.669922 -0.018878
7845.470215 -0.019246
7847.279785 -0.019164
7849.089844 -0.019140
7850.890137 -0.018703
7852.700195 -0.018261
7854.509766 -0.018576
7856.319824 -0.018458
7858.129883 -0.018621
7859.939941 -0.019010
7861.750000 -0.019447
7863.560059 -0.019682
7865.370117 -0.018958
7867.180176 -0.019253
7868.990234 -0.019097
7870.799805 -0.019836
7872.620117 -0.020000
7874.430176 -0.019523
7876.240234 -0.019996
7878.060059 -0.020599
7879.870117 -0.020521
7881.689941 -0.020528
7883.500000 -0.020214
7885.319824 -0.019969
7887.129883 -0.020414
7888.950195 -0.020550
7890.759766 -0.020673
7892.580078 -0.020543
7894.399902 -0.020419
7896.220215 -0.020904
7898.040039 -0.020808
7899.850098 -0.020809
7901.669922 -0.020942
7903.490234 -0.021634
7905.310059 -0.022011
7907.129883 -0.021157
7908.950195 -0.021504
7910.779785 -0.022399
7912.600098 -0.021352
7914.419922 -0.020976
7916.240234 -0.021907
7918.069824 -0.022121
7919.890137 -0.021140
7921.709961 -0.021992
7923.540039 -0.022720
7925.359863 -0.022959
7927.189941 -0.022730
7929.009766 -0.022690
7930.839844 -0.022668
7932.660156 -0.022688
7934.490234 -0.022726
7936.319824 -0.022964
7938.149902 -0.023532
7939.970215 -0.022923
7941.799805 -0.022555
7943.629883 -0.023047
7945.459961 -0.023344
7947.290039 -0.023150
7949.120117 -0.023023
7950.950195 -0.023469
7952.779785 -0.023442
7954.609863 -0.023636
7956.450195 -0.023789
7958.279785 -0.024120
7960.109863 -0.024969
7961.939941 -0.024647
7963.779785 -0.024356
7965.609863 -0.024278
7967.450195 -0.024114
7969.279785 -0.024523
7971.120117 -0.024957
7972.950195 -0.025698
7974.790039 -0.025139
7976.620117 -0.025066
7978.459961 -0.025422
7980.299805 -0.024956
7982.140137 -0.024904
7983.970215 -0.025731
7985.810059 -0.025425
7987.649902 -0.025494
7989.490234 -0.026307
7991.330078 -0.026750
7993.169922 -0.026897
7995.009766 -0.026940
7996.850098 -0.025866
7998.689941 -0.025948
8000.540039 -0.026347
8002.379883 -0.026368
8004.220215 -0.026687
8006.060059 -0.026860
8007.910156 -0.027555
8009.750000 -0.027054
8011.600098 -0.026662
8013.439941 -0.027280
8015.290039 -0.028146
8017.129883 -0.028585
8018.979980 -0.028295
8020.830078 -0.027908
8022.669922 -0.028173
8024.520020 -0.028113
8026.370117 -0.028809
8028.220215 -0.028652
8030.069824 -0.028323
8031.910156 -0.028807
8033.759766 -0.029905
8035.609863 -0.029823
8037.459961 -0.029466
8039.319824 -0.029355
8041.169922 -0.029401
8043.020020 -0.030487
8044.870117 -0.030134
8046.720215 -0.029412
8048.580078 -0.028028
8050.430176 -0.028050
8052.279785 -0.030058
8054.140137 -0.030697
8055.990234 -0.031062
8057.850098 -0.031028
8059.700195 -0.030118
8061.560059 -0.030616
8063.419922 -0.030799
8065.270020 -0.030787
8067.129883 -0.031290
8068.990234 -0.030782
8070.850098 -0.031023
8072.709961 -0.031787
8074.560059 -0.032116
8076.419922 -0.032106
8078.279785 -0.032319
8080.140137 -0.033383
8082.000000 -0.033304
8083.870117 -0.031882
8085.729980 -0.032490
8087.589844 -0.033480
8089.450195 -0.034007
8091.310059 -0.034128
8093.180176 -0.034022
8095.040039 -0.032240
8096.910156 -0.032633
8098.770020 -0.032878
8100.640137 -0.033075
8102.500000 -0.033409
8104.370117 -0.034196
8106.229980 -0.034555
8108.100098 -0.034315
8109.970215 -0.034095
8111.830078 -0.034138
8113.700195 -0.033725
8115.569824 -0.033843
8117.439941 -0.034404
8119.310059 -0.035634
8121.180176 -0.036167
8123.049805 -0.036726
8124.919922 -0.036155
8126.790039 -0.035843
8128.660156 -0.035761
8130.529785 -0.035579
8132.410156 -0.036230
8134.279785 -0.036686
8136.149902 -0.037369
8138.029785 -0.036939
8139.899902 -0.036479
8141.770020 -0.037052
8143.649902 -0.036693
8145.520020 -0.036588
8147.399902 -0.036805
8149.279785 -0.036393
8151.149902 -0.036302
8153.029785 -0.037851
8154.910156 -0.037035
8156.790039 -0.037793
8158.660156 -0.038338
8160.540039 -0.037639
8162.419922 -0.037395
8164.299805 -0.036878
8166.180176 -0.037453
8168.060059 -0.038999
8169.939941 -0.039939
8171.830078 -0.039289
8173.709961 -0.039347
8175.589844 -0.040073
8177.470215 -0.039758
8179.359863 -0.039348
8181.240234 -0.039133
8183.120117 -0.039472
8185.009766 -0.038689
8186.890137 -0.038675
8188.779785 -0.039887
8190.660156 -0.040721
8192.549805 -0.041506
8194.440430 -0.040608
8196.320312 -0.040279
8198.209961 -0.039516
8200.099609 -0.038972
8201.990234 -0.039708
8203.879883 -0.039873
8205.759766 -0.038678
8207.660156 -0.039148
8209.540039 -0.039999
8211.440430 -0.039526
8213.330078 -0.039545
8215.219727 -0.039808
8217.110352 -0.040247
8219.000000 -0.041931
8220.889648 -0.039822
8222.790039 -0.039186
8224.679688 -0.040096
8226.580078 -0.040154
8228.469727 -0.040453
8230.360352 -0.041581
8232.259766 -0.041515
8234.160156 -0.041573
8236.049805 -0.043346
8237.950195 -0.041738
8239.849609 -0.040537
8241.740234 -0.041602
8243.639648 -0.041968
8245.540039 -0.042628
8247.440430 -0.042731
8249.339844 -0.041749
8251.240234 -0.041505
8253.139648 -0.042052
8255.040039 -0.042444
8256.940430 -0.044064
8258.839844 -0.043314
8260.740234 -0.042838
8262.639648 -0.043558
8264.549805 -0.044235
8266.450195 -0.044620
8268.349609 -0.044048
8270.259766 -0.043200
8272.160156 -0.043572
8274.070312 -0.043831
8275.969727 -0.044164
8277.879883 -0.043921
8279.790039 -0.043501
8281.690430 -0.044471
8283.599609 -0.043735
8285.509766 -0.043502
8287.419922 -0.044670
8289.320312 -0.044949
8291.230469 -0.043183
8293.139648 -0.043744
8295.049805 -0.043652
8296.959961 -0.043771
8298.870117 -0.044212
8300.780273 -0.044294
8302.700195 -0.044635
8304.610352 -0.043634
8306.519531 -0.042261
8308.429688 -0.041469
8310.349609 -0.043148
8312.259766 -0.043569
8314.169922 -0.042677
8316.089844 -0.043121
8318.000000 -0.043196
8319.919922 -0.043389
8321.830078 -0.043530
8323.750000 -0.043506
8325.669922 -0.043573
8327.580078 -0.042656
8329.500000 -0.041379
8331.419922 -0.042358
8333.339844 -0.043157
8335.259766 -0.042346
8337.179688 -0.041917
8339.099609 -0.042409
8341.019531 -0.042299
8342.940430 -0.041968
8344.860352 -0.041931
8346.780273 -0.042633
8348.700195 -0.042639
