3450.000000 0.006176
3450.790039 0.006256
3451.590088 0.006262
3452.379883 0.006160
3453.179932 0.006127
3453.969971 0.006087
3454.770020 0.006145
3455.570068 0.006226
3456.360107 0.006177
3457.159912 0.006044
3457.949951 0.005959
3458.750000 0.005808
3459.550049 0.005603
3460.340088 0.005542
3461.139893 0.005537
3461.939941 0.005558
3462.729980 0.005709
3463.530029 0.005825
3464.330078 0.005947
3465.129883 0.006043
3465.919922 0.006110
3466.719971 0.006132
3467.520020 0.006153
3468.320068 0.006252
3469.120117 0.006340
3469.919922 0.006458
3470.719971 0.006486
3471.520020 0.006413
3472.310059 0.006266
3473.110107 0.006084
3473.909912 0.005833
3474.709961 0.005612
3475.510010 0.005443
3476.310059 0.005363
3477.120117 0.005406
3477.919922 0.005581
3478.719971 0.005794
3479.520020 0.005984
3480.320068 0.006132
3481.120117 0.006194
3481.919922 0.006187
3482.719971 0.006172
3483.530029 0.006130
3484.330078 0.006102
3485.129883 0.006131
3485.929932 0.006204
3486.739990 0.006379
3487.540039 0.006434
3488.340088 0.006379
3489.149902 0.006203
3489.949951 0.005957
3490.750000 0.005803
3491.560059 0.005747
3492.360107 0.005733
3493.169922 0.005769
3493.969971 0.005795
3494.770020 0.005800
3495.580078 0.005809
3496.379883 0.005765
3497.189941 0.005781
3497.989990 0.005912
3498.800049 0.006128
3499.610107 0.006430
3500.409912 0.006696
3501.219971 0.006884
3502.020020 0.007011
3502.830078 0.007085
3503.639893 0.007156
3504.439941 0.007162
3505.250000 0.007090
3506.060059 0.006938
3506.870117 0.006829
3507.669922 0.006838
3508.479980 0.006820
3509.290039 0.006790
3510.100098 0.006695
3510.909912 0.006534
3511.709961 0.006435
3512.520020 0.006315
3513.330078 0.006246
3514.139893 0.006175
3514.949951 0.006191
3515.760010 0.006339
3516.570068 0.006582
3517.379883 0.006840
3518.189941 0.006985
3519.000000 0.007036
3519.810059 0.006964
3520.620117 0.006811
3521.429932 0.006608
3522.239990 0.006407
3523.050049 0.006254
3523.860107 0.006073
3524.679932 0.005870
3525.489990 0.005777
3526.300049 0.005820
3527.110107 0.005949
3527.919922 0.006200
3528.739990 0.006507
3529.550049 0.006742
3530.360107 0.006871
3531.169922 0.006913
3531.989990 0.006894
3532.800049 0.006891
3533.610107 0.006955
3534.429932 0.007082
3535.239990 0.007197
3536.060059 0.007239
3536.870117 0.007327
3537.679932 0.007367
3538.500000 0.007439
3539.310059 0.007512
3540.129883 0.007564
3540.939941 0.007536
3541.760010 0.007510
3542.580078 0.007486
3543.389893 0.007480
3544.209961 0.007540
3545.020020 0.007581
3545.840088 0.007612
3546.659912 0.007537
3547.469971 0.007470
3548.290039 0.007483
3549.110107 0.007473
3549.919922 0.007471
3550.739990 0.007498
3551.560059 0.007473
3552.379883 0.007338
3553.199951 0.007224
3554.010010 0.007110
3554.830078 0.007030
3555.649902 0.007060
3556.469971 0.007114
3557.290039 0.007174
3558.110107 0.007161
3558.929932 0.007154
3559.750000 0.007137
3560.570068 0.007124
3561.389893 0.007209
3562.209961 0.007272
3563.030029 0.007304
3563.850098 0.007236
3564.669922 0.007002
3565.489990 0.006690
3566.310059 0.006416
3567.129883 0.006301
3567.949951 0.006289
3568.770020 0.006254
3569.600098 0.006158
3570.419922 0.006073
3571.239990 0.006122
3572.060059 0.006208
3572.889893 0.006357
3573.709961 0.006500
3574.530029 0.006631
3575.350098 0.006711
3576.179932 0.006758
3577.000000 0.006791
3577.820068 0.006743
3578.649902 0.006623
3579.469971 0.006446
3580.300049 0.006181
3581.120117 0.005948
3581.949951 0.005815
3582.770020 0.005788
3583.600098 0.005823
3584.419922 0.005795
3585.250000 0.005713
3586.070068 0.005594
3586.899902 0.005572
3587.719971 0.005693
3588.550049 0.005883
3589.379883 0.006116
3590.199951 0.006418
3591.030029 0.006717
3591.860107 0.006991
3592.679932 0.007208
3593.510010 0.007297
3594.340088 0.007385
3595.169922 0.007503
3596.000000 0.007695
3596.820068 0.007896
3597.649902 0.008061
3598.479980 0.008182
3599.310059 0.008217
3600.139893 0.008231
3600.969971 0.008197
3601.800049 0.008035
3602.629883 0.007787
3603.449951 0.007523
3604.280029 0.007312
3605.110107 0.007175
3605.949951 0.007113
3606.780029 0.007083
3607.610107 0.007030
3608.439941 0.006929
3609.270020 0.006825
3610.100098 0.006762
3610.929932 0.006824
3611.760010 0.006972
3612.590088 0.007123
3613.429932 0.007253
3614.260010 0.007344
3615.090088 0.007462
3615.919922 0.007534
3616.760010 0.007536
3617.590088 0.007345
3618.419922 0.007042
3619.250000 0.006793
3620.090088 0.006738
3620.919922 0.006891
3621.760010 0.007180
3622.590088 0.007485
3623.419922 0.007716
3624.260010 0.007930
3625.090088 0.008112
3625.929932 0.008338
3626.760010 0.008569
3627.600098 0.008712
3628.429932 0.008683
3629.270020 0.008464
3630.100098 0.008095
3630.939941 0.007602
3631.780029 0.007194
3632.610107 0.006997
3633.449951 0.007000
3634.290039 0.007127
3635.120117 0.007281
3635.959961 0.007446
3636.800049 0.007669
3637.629883 0.007898
3638.469971 0.008118
3639.310059 0.008349
3640.149902 0.008496
3640.989990 0.008532
3641.830078 0.008465
3642.659912 0.008295
3643.500000 0.008099
3644.340088 0.007901
3645.179932 0.007730
3646.020020 0.007584
3646.860107 0.007460
3647.699951 0.007367
3648.540039 0.007299
3649.379883 0.007325
3650.219971 0.007468
3651.060059 0.007682
3651.899902 0.007920
3652.739990 0.008196
3653.580078 0.008433
3654.429932 0.008594
3655.270020 0.008716
3656.110107 0.008822
3656.949951 0.008937
3657.790039 0.009080
3658.639893 0.009184
3659.479980 0.009230
3660.320068 0.009249
3661.159912 0.009220
3662.010010 0.009135
3662.850098 0.009021
3663.689941 0.008923
3664.540039 0.008839
3665.379883 0.008816
3666.219971 0.008840
3667.070068 0.008818
3667.909912 0.008763
3668.760010 0.008655
3669.600098 0.008560
3670.449951 0.008550
3671.290039 0.008643
3672.139893 0.008822
3672.979980 0.008978
3673.830078 0.009029
3674.679932 0.009013
3675.520020 0.008970
3676.370117 0.008857
3677.219971 0.008654
3678.060059 0.008430
3678.909912 0.008261
3679.760010 0.008136
3680.600098 0.008099
3681.449951 0.008130
3682.300049 0.008242
3683.149902 0.008357
3684.000000 0.008394
3684.840088 0.008328
3685.689941 0.008184
3686.540039 0.008024
3687.389893 0.007912
3688.239990 0.007912
3689.090088 0.008054
3689.939941 0.008335
3690.790039 0.008684
3691.639893 0.008976
3692.489990 0.009113
3693.340088 0.009121
3694.189941 0.009037
3695.040039 0.008942
3695.889893 0.008935
3696.739990 0.008991
3697.590088 0.009091
3698.439941 0.009249
3699.300049 0.009426
3700.149902 0.009584
3701.000000 0.009632
3701.850098 0.009487
3702.699951 0.009192
3703.560059 0.008817
3704.409912 0.008386
3705.260010 0.007975
3706.120117 0.007717
3706.969971 0.007636
3707.820068 0.007678
3708.679932 0.007800
3709.530029 0.007937
3710.389893 0.008117
3711.239990 0.008394
3712.100098 0.008716
3712.949951 0.009083
3713.800049 0.009435
3714.659912 0.009706
3715.520020 0.009843
3716.370117 0.009823
3717.229980 0.009679
3718.080078 0.009373
3718.939941 0.008842
3719.800049 0.008213
3720.649902 0.007661
3721.510010 0.007365
3722.370117 0.007433
3723.219971 0.007942
3724.080078 0.009199
3724.939941 0.011920
3725.800049 0.015885
3726.649902 0.019150
3727.510010 0.020787
3728.370117 0.022168
3729.229980 0.023260
3730.090088 0.021575
3730.949951 0.016752
3731.810059 0.011972
3732.669922 0.009226
3733.530029 0.007846
3734.389893 0.007040
3735.250000 0.006579
3736.110107 0.006413
3736.969971 0.006539
3737.830078 0.006917
3738.689941 0.007505
3739.550049 0.008154
3740.409912 0.008696
3741.270020 0.009051
3742.129883 0.009144
3742.989990 0.009007
3743.860107 0.008724
3744.719971 0.008369
3745.580078 0.007995
3746.439941 0.007625
3747.310059 0.007254
3748.169922 0.006902
3749.030029 0.006626
3749.889893 0.006565
3750.760010 0.006790
3751.620117 0.007247
3752.489990 0.007834
3753.350098 0.008466
3754.209961 0.009053
3755.080078 0.009551
3755.939941 0.009830
3756.810059 0.009811
3757.669922 0.009495
3758.540039 0.009070
3759.399902 0.008816
3760.270020 0.008810
3761.139893 0.008946
3762.000000 0.009117
3762.870117 0.009216
3763.739990 0.009229
3764.600098 0.009199
3765.469971 0.009140
3766.340088 0.009020
3767.199951 0.008803
3768.070068 0.008591
3768.939941 0.008475
3769.810059 0.008471
3770.679932 0.008549
3771.540039 0.008658
3772.409912 0.008876
3773.280029 0.009175
3774.149902 0.009477
3775.020020 0.009744
3775.889893 0.009980
3776.760010 0.010205
3777.629883 0.010446
3778.500000 0.010696
3779.370117 0.010949
3780.239990 0.011218
3781.110107 0.011460
3781.979980 0.011602
3782.850098 0.011667
3783.719971 0.011676
3784.590088 0.011622
3785.459961 0.011408
3786.340088 0.011021
3787.209961 0.010569
3788.080078 0.010189
3788.949951 0.009945
3789.820068 0.009770
3790.699951 0.009662
3791.570068 0.009608
3792.439941 0.009522
3793.320068 0.009299
3794.189941 0.008962
3795.060059 0.008583
3795.939941 0.008231
3796.810059 0.007961
3797.689941 0.007786
3798.560059 0.007702
3799.439941 0.007728
3800.310059 0.007977
3801.189941 0.008448
3802.060059 0.009030
3802.939941 0.009583
3803.810059 0.010051
3804.689941 0.010380
3805.560059 0.010510
3806.439941 0.010513
3807.320068 0.010486
3808.189941 0.010535
3809.070068 0.010740
3809.949951 0.010995
3810.830078 0.011173
3811.699951 0.011180
3812.580078 0.010982
3813.459961 0.010609
3814.340088 0.010191
3815.219971 0.009865
3816.090088 0.009670
3816.969971 0.009621
3817.850098 0.009688
3818.729980 0.009680
3819.610107 0.009486
3820.489990 0.009200
3821.370117 0.009010
3822.250000 0.009025
3823.129883 0.009110
3824.010010 0.009058
3824.889893 0.008790
3825.770020 0.008456
3826.649902 0.008193
3827.530029 0.008023
3828.419922 0.007927
3829.300049 0.007836
3830.179932 0.007729
3831.060059 0.007568
3831.939941 0.007263
3832.830078 0.006891
3833.709961 0.006584
3834.590088 0.006495
3835.469971 0.006605
3836.360107 0.006728
3837.239990 0.006720
3838.120117 0.006650
3839.010010 0.006699
3839.889893 0.006927
3840.780029 0.007278
3841.659912 0.007771
3842.550049 0.008347
3843.429932 0.008887
3844.320068 0.009324
3845.199951 0.009619
3846.090088 0.009835
3846.969971 0.010012
3847.860107 0.010148
3848.739990 0.010208
3849.629883 0.010178
3850.520020 0.010117
3851.399902 0.010153
3852.290039 0.010283
3853.179932 0.010384
3854.070068 0.010393
3854.949951 0.010296
3855.840088 0.010120
3856.729980 0.009969
3857.620117 0.009844
3858.510010 0.009712
3859.389893 0.009561
3860.280029 0.009475
3861.169922 0.009609
3862.060059 0.009956
3862.949951 0.010346
3863.840088 0.010632
3864.729980 0.010784
3865.620117 0.010838
3866.510010 0.010873
3867.399902 0.011017
3868.290039 0.011318
3869.179932 0.011528
3870.070068 0.011364
3870.959961 0.010834
3871.850098 0.010244
3872.750000 0.009881
3873.639893 0.009801
3874.530029 0.009974
3875.419922 0.010226
3876.320068 0.010344
3877.209961 0.010238
3878.100098 0.009948
3878.989990 0.009682
3879.889893 0.009566
3880.780029 0.009555
3881.669922 0.009495
3882.570068 0.009365
3883.459961 0.009234
3884.360107 0.009115
3885.250000 0.008941
3886.149902 0.008619
3887.040039 0.008364
3887.939941 0.008444
3888.830078 0.008865
3889.729980 0.009229
3890.620117 0.009284
3891.520020 0.009242
3892.409912 0.009396
3893.310059 0.009700
3894.209961 0.009973
3895.100098 0.010166
3896.000000 0.010333
3896.899902 0.010525
3897.800049 0.010725
3898.689941 0.010846
3899.590088 0.010896
3900.489990 0.010962
3901.389893 0.011078
3902.290039 0.011163
3903.179932 0.011141
3904.080078 0.011056
3904.979980 0.010951
3905.879883 0.010879
3906.780029 0.010932
3907.679932 0.011182
3908.580078 0.011568
3909.479980 0.011948
3910.379883 0.012228
3911.280029 0.012419
3912.179932 0.012545
3913.080078 0.012574
3913.979980 0.012512
3914.889893 0.012432
3915.790039 0.012345
3916.689941 0.012228
3917.590088 0.012073
3918.489990 0.011875
3919.399902 0.011627
3920.300049 0.011362
3921.199951 0.011128
3922.100098 0.010998
3923.010010 0.010974
3923.909912 0.010988
3924.810059 0.010939
3925.719971 0.010753
3926.620117 0.010391
3927.530029 0.009904
3928.429932 0.009317
3929.340088 0.008678
3930.239990 0.008013
3931.149902 0.007339
3932.050049 0.006642
3932.959961 0.005983
3933.860107 0.005500
3934.770020 0.005388
3935.669922 0.005740
3936.580078 0.006393
3937.489990 0.007146
3938.389893 0.007895
3939.300049 0.008582
3940.209961 0.009180
3941.110107 0.009621
3942.020020 0.009898
3942.929932 0.010058
3943.840088 0.010153
3944.750000 0.010293
3945.649902 0.010566
3946.560059 0.010928
3947.469971 0.011243
3948.379883 0.011441
3949.290039 0.011601
3950.199951 0.011782
3951.110107 0.011977
3952.020020 0.012061
3952.929932 0.012051
3953.840088 0.012054
3954.750000 0.012080
3955.659912 0.012036
3956.570068 0.011855
3957.479980 0.011646
3958.389893 0.011500
3959.310059 0.011345
3960.219971 0.011038
3961.129883 0.010504
3962.040039 0.009821
3962.949951 0.009158
3963.870117 0.008584
3964.780029 0.008044
3965.689941 0.007445
3966.610107 0.006787
3967.520020 0.006144
3968.429932 0.005695
3969.350098 0.005672
3970.260010 0.006106
3971.179932 0.006605
3972.090088 0.006864
3973.000000 0.007099
3973.919922 0.007602
3974.830078 0.008323
3975.750000 0.009097
3976.669922 0.009840
3977.580078 0.010515
3978.500000 0.011134
3979.409912 0.011711
3980.330078 0.012178
3981.250000 0.012476
3982.159912 0.012607
3983.080078 0.012636
3984.000000 0.012705
3984.919922 0.012848
3985.830078 0.013029
3986.750000 0.013197
3987.669922 0.013374
3988.590088 0.013579
3989.510010 0.013736
3990.419922 0.013829
3991.340088 0.013940
3992.260010 0.014072
3993.179932 0.014204
3994.100098 0.014248
3995.020020 0.014175
3995.939941 0.014034
3996.860107 0.013883
3997.780029 0.013816
3998.699951 0.013896
3999.620117 0.014150
4000.540039 0.014473
4001.469971 0.014725
4002.389893 0.014851
4003.310059 0.014844
4004.229980 0.014656
4005.149902 0.014316
4006.080078 0.013976
4007.000000 0.013890
4007.919922 0.014083
4008.840088 0.014386
4009.770020 0.014652
4010.689941 0.014844
4011.610107 0.014959
4012.540039 0.015054
4013.459961 0.015133
4014.389893 0.015184
4015.310059 0.015249
4016.229980 0.015299
4017.159912 0.015295
4018.080078 0.015290
4019.010010 0.015333
4019.939941 0.015418
4020.860107 0.015461
4021.790039 0.015396
4022.709961 0.015273
4023.639893 0.015150
4024.570068 0.015012
4025.489990 0.014954
4026.419922 0.015055
4027.350098 0.015221
4028.270020 0.015314
4029.199951 0.015206
4030.129883 0.014860
4031.060059 0.014391
4031.989990 0.013951
4032.919922 0.013701
4033.840088 0.013663
4034.770020 0.013827
4035.699951 0.014192
4036.629883 0.014676
4037.560059 0.015173
4038.489990 0.015546
4039.419922 0.015705
4040.350098 0.015635
4041.280029 0.015469
4042.209961 0.015297
4043.139893 0.015052
4044.070068 0.014639
4045.010010 0.014026
4045.939941 0.013484
4046.870117 0.013365
4047.800049 0.013737
4048.729980 0.014320
4049.669922 0.014828
4050.600098 0.015166
4051.530029 0.015314
4052.459961 0.015290
4053.399902 0.015112
4054.330078 0.014872
4055.260010 0.014635
4056.199951 0.014450
4057.129883 0.014312
4058.070068 0.014211
4059.000000 0.014198
4059.939941 0.014331
4060.870117 0.014478
4061.810059 0.014442
4062.739990 0.014147
4063.679932 0.013743
4064.610107 0.013526
4065.550049 0.013621
4066.479980 0.013890
4067.419922 0.014201
4068.360107 0.014539
4069.290039 0.014844
4070.229980 0.014917
4071.169922 0.014674
4072.110107 0.014337
4073.040039 0.014205
4073.979980 0.014264
4074.919922 0.014323
4075.860107 0.014191
4076.800049 0.013868
4077.739990 0.013574
4078.669922 0.013528
4079.610107 0.013792
4080.550049 0.014259
4081.489990 0.014711
4082.429932 0.014960
4083.370117 0.014973
4084.310059 0.014834
4085.250000 0.014722
4086.199951 0.014759
4087.139893 0.014947
4088.080078 0.015214
4089.020020 0.015426
4089.959961 0.015460
4090.899902 0.015368
4091.840088 0.015183
4092.790039 0.014933
4093.729980 0.014679
4094.669922 0.014388
4095.610107 0.013991
4096.560059 0.013493
4097.500000 0.013013
4098.439941 0.012598
4099.390137 0.012275
4100.330078 0.012148
4101.279785 0.012452
4102.220215 0.012889
4103.169922 0.012913
4104.109863 0.012530
4105.060059 0.012331
4106.000000 0.012585
4106.950195 0.013025
4107.890137 0.013380
4108.839844 0.013610
4109.779785 0.013705
4110.729980 0.013748
4111.680176 0.013858
4112.620117 0.014021
4113.569824 0.014267
4114.520020 0.014547
4115.470215 0.014760
4116.410156 0.014901
4117.359863 0.014913
4118.310059 0.014772
4119.259766 0.014580
4120.209961 0.014467
4121.160156 0.014459
4122.109863 0.014513
4123.049805 0.014573
4124.000000 0.014680
4124.950195 0.014817
4125.899902 0.014919
4126.850098 0.014870
4127.799805 0.014710
4128.750000 0.014529
4129.709961 0.014378
4130.660156 0.014235
4131.609863 0.014060
4132.560059 0.013896
4133.509766 0.013821
4134.459961 0.013950
4135.419922 0.014249
4136.370117 0.014642
4137.319824 0.014968
4138.270020 0.015187
4139.229980 0.015327
4140.180176 0.015343
4141.129883 0.015195
4142.089844 0.014814
4143.040039 0.014280
4143.990234 0.013825
4144.950195 0.013710
4145.899902 0.013939
4146.859863 0.014295
4147.810059 0.014543
4148.770020 0.014621
4149.720215 0.014588
4150.680176 0.014491
4151.629883 0.014423
4152.589844 0.014370
4153.549805 0.014286
4154.500000 0.014183
4155.459961 0.014110
4156.419922 0.014117
4157.370117 0.014230
4158.330078 0.014430
4159.290039 0.014690
4160.250000 0.014917
4161.200195 0.015090
4162.160156 0.015202
4163.120117 0.015315
4164.080078 0.015333
4165.040039 0.015273
4166.000000 0.015146
4166.959961 0.014969
4167.919922 0.014790
4168.879883 0.014705
4169.839844 0.014685
4170.799805 0.014584
4171.759766 0.014301
4172.720215 0.013907
4173.680176 0.013613
4174.640137 0.013562
4175.600098 0.013699
4176.560059 0.013851
4177.529785 0.013930
4178.490234 0.013977
4179.450195 0.014073
4180.410156 0.014225
4181.370117 0.014340
4182.339844 0.014399
4183.299805 0.014412
4184.259766 0.014517
4185.229980 0.014631
4186.189941 0.014674
4187.160156 0.014581
4188.120117 0.014449
4189.080078 0.014443
4190.049805 0.014604
4191.009766 0.014773
4191.979980 0.014878
4192.939941 0.015029
4193.910156 0.015116
4194.879883 0.015055
4195.839844 0.014790
4196.810059 0.014432
4197.770020 0.014113
4198.740234 0.013873
4199.709961 0.013774
4200.680176 0.013819
4201.640137 0.013893
4202.609863 0.013980
4203.580078 0.014137
4204.549805 0.014358
4205.509766 0.014640
4206.479980 0.014894
4207.450195 0.015149
4208.419922 0.015362
4209.390137 0.015442
4210.359863 0.015409
4211.330078 0.015372
4212.299805 0.015363
4213.270020 0.015311
4214.240234 0.015166
4215.209961 0.014899
4216.180176 0.014708
4217.149902 0.014769
4218.120117 0.015089
4219.089844 0.015449
4220.060059 0.015720
4221.040039 0.015820
4222.009766 0.015701
4222.979980 0.015316
4223.950195 0.014714
4224.930176 0.013944
4225.899902 0.013153
4226.870117 0.012553
4227.850098 0.012447
4228.819824 0.012951
4229.790039 0.013788
4230.770020 0.014543
4231.740234 0.015012
4232.720215 0.015125
4233.689941 0.015014
4234.669922 0.014871
4235.640137 0.014755
4236.620117 0.014662
4237.589844 0.014630
4238.569824 0.014672
4239.540039 0.014809
4240.520020 0.014987
4241.500000 0.015244
4242.470215 0.015483
4243.450195 0.015704
4244.430176 0.015893
4245.399902 0.015986
4246.379883 0.015875
4247.359863 0.015596
4248.339844 0.015234
4249.319824 0.014896
4250.299805 0.014663
4251.270020 0.014521
4252.250000 0.014583
4253.229980 0.014674
4254.209961 0.014707
4255.189941 0.014682
4256.169922 0.014781
4257.149902 0.014990
4258.129883 0.015074
4259.109863 0.014923
4260.089844 0.014640
4261.069824 0.014456
4262.060059 0.014567
4263.040039 0.015005
4264.020020 0.015519
4265.000000 0.015916
4265.979980 0.016102
4266.970215 0.016050
4267.950195 0.015771
4268.930176 0.015339
4269.910156 0.014818
4270.899902 0.014225
4271.879883 0.013651
4272.859863 0.013316
4273.850098 0.013294
4274.830078 0.013481
4275.819824 0.013818
4276.799805 0.014304
4277.790039 0.014817
4278.770020 0.015197
4279.759766 0.015297
4280.740234 0.015196
4281.729980 0.015052
4282.709961 0.014983
4283.700195 0.014941
4284.689941 0.014868
4285.669922 0.014743
4286.660156 0.014562
4287.649902 0.014352
4288.640137 0.014095
4289.620117 0.013735
4290.609863 0.013463
4291.600098 0.013480
4292.589844 0.013763
4293.580078 0.014084
4294.560059 0.014203
4295.549805 0.014140
4296.540039 0.013937
4297.529785 0.013606
4298.520020 0.013115
4299.509766 0.012524
4300.500000 0.012015
4301.490234 0.011756
4302.479980 0.011712
4303.470215 0.011761
4304.459961 0.011842
4305.459961 0.011904
4306.450195 0.011839
4307.439941 0.011648
4308.430176 0.011447
4309.419922 0.011389
4310.419922 0.011607
4311.410156 0.012052
4312.399902 0.012565
4313.390137 0.013133
4314.390137 0.013730
4315.379883 0.014436
4316.370117 0.015264
4317.370117 0.016047
4318.359863 0.016551
4319.359863 0.016675
4320.350098 0.016531
4321.350098 0.016190
4322.339844 0.015718
4323.339844 0.015111
4324.330078 0.014389
4325.330078 0.013724
4326.319824 0.013397
4327.319824 0.013637
4328.319824 0.014312
4329.310059 0.015025
4330.310059 0.015483
4331.310059 0.015687
4332.310059 0.015772
4333.299805 0.015811
4334.299805 0.015789
4335.299805 0.015618
4336.299805 0.015224
4337.299805 0.014576
4338.290039 0.013924
4339.290039 0.013979
4340.290039 0.015015
4341.290039 0.016029
4342.290039 0.015747
4343.290039 0.014676
4344.290039 0.014069
4345.290039 0.014194
4346.290039 0.014619
4347.290039 0.015038
4348.299805 0.015384
4349.299805 0.015603
4350.299805 0.015582
4351.299805 0.015244
4352.299805 0.014791
4353.310059 0.014603
4354.310059 0.014774
4355.310059 0.015143
4356.310059 0.015518
4357.319824 0.015821
4358.319824 0.016028
4359.319824 0.016092
4360.330078 0.016183
4361.330078 0.016369
4362.339844 0.016668
4363.339844 0.016941
4364.350098 0.017118
4365.350098 0.017207
4366.359863 0.017125
4367.359863 0.016857
4368.370117 0.016531
4369.370117 0.016309
4370.379883 0.016200
4371.390137 0.016136
4372.390137 0.016047
4373.399902 0.015853
4374.410156 0.015556
4375.410156 0.015305
4376.419922 0.015305
4377.430176 0.015571
4378.439941 0.015906
4379.450195 0.016060
4380.450195 0.015961
4381.459961 0.015582
4382.470215 0.014943
4383.479980 0.014116
4384.490234 0.013460
4385.500000 0.013321
4386.509766 0.013706
4387.520020 0.014287
4388.529785 0.014730
4389.540039 0.014972
4390.549805 0.015110
4391.560059 0.015247
4392.569824 0.015414
4393.589844 0.015582
4394.600098 0.015670
4395.609863 0.015731
4396.620117 0.015963
4397.629883 0.016278
4398.649902 0.016449
4399.660156 0.016362
4400.669922 0.016095
4401.689941 0.015874
4402.700195 0.015743
4403.709961 0.015536
4404.729980 0.015173
4405.740234 0.014875
4406.759766 0.014869
4407.770020 0.015079
4408.790039 0.015352
4409.799805 0.015721
4410.819824 0.016208
4411.830078 0.016657
4412.850098 0.016907
4413.870117 0.016853
4414.879883 0.016522
4415.899902 0.016130
4416.919922 0.015958
4417.930176 0.016133
4418.950195 0.016483
4419.970215 0.016846
4420.990234 0.017045
4422.000000 0.016969
4423.020020 0.016785
4424.040039 0.016649
4425.060059 0.016634
4426.080078 0.016666
4427.100098 0.016708
4428.120117 0.016741
4429.140137 0.016767
4430.160156 0.016750
4431.180176 0.016648
4432.200195 0.016570
4433.220215 0.016484
4434.240234 0.016280
4435.259766 0.016043
4436.279785 0.016009
4437.299805 0.016302
4438.319824 0.016778
4439.350098 0.017180
4440.370117 0.017328
4441.390137 0.017174
4442.410156 0.016834
4443.439941 0.016573
4444.459961 0.016599
4445.479980 0.016916
4446.509766 0.017319
4447.529785 0.017578
4448.560059 0.017694
4449.580078 0.017693
4450.609863 0.017595
4451.629883 0.017461
4452.660156 0.017255
4453.680176 0.016975
4454.709961 0.016520
4455.729980 0.016080
4456.759766 0.015828
4457.779785 0.015766
4458.810059 0.015775
4459.839844 0.015747
4460.870117 0.015730
4461.890137 0.015748
4462.919922 0.015890
4463.950195 0.016190
4464.979980 0.016512
4466.000000 0.016696
4467.029785 0.016762
4468.060059 0.016750
4469.089844 0.016701
4470.120117 0.016715
4471.149902 0.016922
4472.180176 0.017293
4473.209961 0.017664
4474.240234 0.017924
4475.270020 0.018119
4476.299805 0.018263
4477.330078 0.018338
4478.359863 0.018336
4479.390137 0.018101
4480.419922 0.017623
4481.459961 0.017122
4482.490234 0.016881
4483.520020 0.017073
4484.549805 0.017538
4485.580078 0.018008
4486.620117 0.018288
4487.649902 0.018276
4488.680176 0.018008
4489.720215 0.017671
4490.750000 0.017429
4491.790039 0.017421
4492.819824 0.017498
4493.859863 0.017492
4494.890137 0.017363
4495.930176 0.017232
4496.959961 0.017282
4498.000000 0.017514
4499.029785 0.017828
4500.069824 0.018065
4501.100098 0.018160
4502.140137 0.018260
4503.180176 0.018516
4504.209961 0.018873
4505.250000 0.019170
4506.290039 0.019288
4507.330078 0.019208
4508.370117 0.019093
4509.399902 0.019021
4510.439941 0.019014
4511.479980 0.018977
4512.520020 0.018834
4513.560059 0.018605
4514.600098 0.018386
4515.640137 0.018231
4516.680176 0.018167
4517.720215 0.018179
4518.759766 0.018214
4519.799805 0.018273
4520.839844 0.018393
4521.879883 0.018429
4522.919922 0.018285
4523.959961 0.018033
4525.009766 0.017744
4526.049805 0.017397
4527.089844 0.016993
4528.129883 0.016592
4529.169922 0.016320
4530.220215 0.016219
4531.259766 0.016304
4532.299805 0.016470
4533.350098 0.016549
4534.390137 0.016531
4535.439941 0.016537
4536.479980 0.016809
4537.529785 0.017293
4538.569824 0.017807
4539.620117 0.018058
4540.660156 0.018076
4541.709961 0.017980
4542.750000 0.017969
4543.799805 0.017973
4544.850098 0.017930
4545.890137 0.017799
4546.939941 0.017706
4547.990234 0.017607
4549.029785 0.017433
4550.080078 0.017259
4551.129883 0.017215
4552.180176 0.017320
4553.220215 0.017379
4554.270020 0.017359
4555.319824 0.017364
4556.370117 0.017545
4557.419922 0.017915
4558.470215 0.018305
4559.520020 0.018619
4560.569824 0.018796
4561.620117 0.018864
4562.669922 0.018806
4563.720215 0.018581
4564.770020 0.018297
4565.819824 0.018139
4566.870117 0.018198
4567.930176 0.018450
4568.979980 0.018679
4570.029785 0.018739
4571.080078 0.018625
4572.140137 0.018475
4573.189941 0.018424
4574.240234 0.018558
4575.290039 0.018698
4576.350098 0.018731
4577.399902 0.018658
4578.459961 0.018496
4579.509766 0.018240
4580.569824 0.017924
4581.620117 0.017698
4582.680176 0.017607
4583.729980 0.017595
4584.790039 0.017625
4585.839844 0.017699
4586.899902 0.017828
4587.950195 0.018028
4589.009766 0.018257
4590.069824 0.018396
4591.120117 0.018368
4592.180176 0.018206
4593.240234 0.018009
4594.299805 0.017881
4595.359863 0.017836
4596.410156 0.017821
4597.470215 0.017814
4598.529785 0.017868
4599.589844 0.017940
4600.649902 0.017950
4601.709961 0.017943
4602.770020 0.017969
4603.830078 0.018053
4604.890137 0.018139
4605.950195 0.018227
4607.009766 0.018388
4608.069824 0.018670
4609.129883 0.018991
4610.189941 0.019191
4611.250000 0.019216
4612.319824 0.019106
4613.379883 0.018991
4614.439941 0.018959
4615.500000 0.019004
4616.569824 0.019046
4617.629883 0.019052
4618.689941 0.019034
4619.759766 0.019005
4620.819824 0.018992
4621.879883 0.019052
4622.950195 0.019138
4624.009766 0.019169
4625.080078 0.019136
4626.140137 0.019079
4627.209961 0.019027
4628.270020 0.018998
4629.339844 0.018955
4630.410156 0.018905
4631.470215 0.018914
4632.540039 0.018921
4633.609863 0.018821
4634.669922 0.018663
4635.740234 0.018511
4636.810059 0.018380
4637.879883 0.018227
4638.939941 0.018074
4640.009766 0.017995
4641.080078 0.018016
4642.149902 0.018095
4643.220215 0.018152
4644.290039 0.018083
4645.359863 0.017875
4646.430176 0.017596
4647.500000 0.017318
4648.569824 0.017221
4649.640137 0.017345
4650.709961 0.017608
4651.779785 0.017883
4652.850098 0.018084
4653.919922 0.018157
4654.990234 0.018121
4656.069824 0.018032
4657.140137 0.018086
4658.209961 0.018340
4659.279785 0.018701
4660.359863 0.018971
4661.430176 0.018991
4662.500000 0.018794
4663.580078 0.018455
4664.649902 0.018089
4665.720215 0.017718
4666.799805 0.017283
4667.870117 0.016869
4668.950195 0.016696
4670.020020 0.016862
4671.100098 0.017247
4672.169922 0.017617
4673.250000 0.017870
4674.330078 0.017998
4675.399902 0.018113
4676.479980 0.018212
4677.560059 0.018262
4678.629883 0.018170
4679.709961 0.017985
4680.790039 0.017803
4681.870117 0.017718
4682.950195 0.017768
4684.020020 0.017941
4685.100098 0.018126
4686.180176 0.018244
4687.259766 0.018288
4688.339844 0.018235
4689.419922 0.018167
4690.500000 0.018108
4691.580078 0.018046
4692.660156 0.018032
4693.740234 0.018089
4694.819824 0.018186
4695.899902 0.018288
4696.979980 0.018299
4698.069824 0.018132
4699.149902 0.017878
4700.229980 0.017653
4701.310059 0.017506
4702.399902 0.017395
4703.479980 0.017313
4704.560059 0.017313
4705.640137 0.017416
4706.729980 0.017511
4707.810059 0.017503
4708.899902 0.017453
4709.979980 0.017487
4711.060059 0.017635
4712.149902 0.017838
4713.229980 0.017956
4714.319824 0.017942
4715.410156 0.017932
4716.490234 0.018068
4717.580078 0.018349
4718.660156 0.018651
4719.750000 0.018898
4720.839844 0.019043
4721.930176 0.019100
4723.009766 0.019074
4724.100098 0.019039
4725.189941 0.018990
4726.279785 0.018865
4727.359863 0.018545
4728.450195 0.018107
4729.540039 0.017748
4730.629883 0.017583
4731.720215 0.017582
4732.810059 0.017721
4733.899902 0.017913
4734.990234 0.018070
4736.080078 0.018159
4737.169922 0.018211
4738.259766 0.018289
4739.350098 0.018445
4740.439941 0.018586
4741.540039 0.018642
4742.629883 0.018684
4743.720215 0.018767
4744.810059 0.018854
4745.910156 0.018910
4747.000000 0.018970
4748.089844 0.019040
4749.189941 0.019075
4750.279785 0.019056
4751.370117 0.018997
4752.470215 0.018887
4753.560059 0.018713
4754.660156 0.018564
4755.750000 0.018454
4756.850098 0.018401
4757.939941 0.018412
4759.040039 0.018445
4760.129883 0.018482
4761.229980 0.018411
4762.330078 0.018207
4763.419922 0.017922
4764.520020 0.017688
4765.620117 0.017535
4766.709961 0.017498
4767.810059 0.017603
4768.910156 0.017832
4770.009766 0.018097
4771.109863 0.018279
4772.209961 0.018361
4773.299805 0.018420
4774.399902 0.018555
4775.500000 0.018753
4776.600098 0.018889
4777.700195 0.018940
4778.799805 0.018937
4779.899902 0.018856
4781.000000 0.018720
4782.100098 0.018583
4783.209961 0.018433
4784.310059 0.018269
4785.410156 0.018177
4786.509766 0.018113
4787.609863 0.018063
4788.720215 0.018055
4789.819824 0.018092
4790.919922 0.018198
4792.029785 0.018356
4793.129883 0.018600
4794.229980 0.018871
4795.339844 0.019117
4796.439941 0.019230
4797.549805 0.019145
4798.649902 0.018956
4799.759766 0.018743
4800.859863 0.018635
4801.970215 0.018700
4803.069824 0.018822
4804.180176 0.018856
4805.279785 0.018766
4806.390137 0.018606
4807.500000 0.018468
4808.600098 0.018401
4809.709961 0.018393
4810.819824 0.018450
4811.930176 0.018546
4813.040039 0.018624
4814.140137 0.018692
4815.250000 0.018788
4816.359863 0.018889
4817.470215 0.019014
4818.580078 0.019107
4819.689941 0.019166
4820.799805 0.019147
4821.910156 0.019001
4823.020020 0.018763
4824.129883 0.018478
4825.240234 0.018306
4826.350098 0.018339
4827.459961 0.018432
4828.580078 0.018437
4829.689941 0.018378
4830.799805 0.018309
4831.910156 0.018238
4833.029785 0.018185
4834.140137 0.018212
4835.250000 0.018303
4836.370117 0.018354
4837.479980 0.018350
4838.589844 0.018251
4839.709961 0.018110
4840.819824 0.017945
4841.939941 0.017876
4843.049805 0.017859
4844.169922 0.017887
4845.279785 0.017981
4846.399902 0.018079
4847.509766 0.018098
4848.629883 0.017984
4849.750000 0.017826
4850.859863 0.017751
4851.979980 0.017705
4853.100098 0.017578
4854.220215 0.017312
4855.330078 0.016904
4856.450195 0.016509
4857.569824 0.016254
4858.689941 0.016278
4859.810059 0.017142
4860.930176 0.019835
4862.049805 0.022947
4863.169922 0.022853
4864.290039 0.019641
4865.410156 0.016992
4866.529785 0.016165
4867.649902 0.016182
4868.770020 0.016350
4869.890137 0.016446
4871.009766 0.016370
4872.129883 0.016210
4873.250000 0.016211
4874.379883 0.016446
4875.500000 0.016766
4876.620117 0.017054
4877.750000 0.017291
4878.870117 0.017543
4879.990234 0.017762
4881.120117 0.017888
4882.240234 0.017846
4883.359863 0.017725
4884.490234 0.017597
4885.609863 0.017427
4886.740234 0.017235
4887.859863 0.017113
4888.990234 0.017091
4890.120117 0.017026
4891.240234 0.016956
4892.370117 0.017037
4893.490234 0.017430
4894.620117 0.018043
4895.750000 0.018607
4896.879883 0.018949
4898.000000 0.019079
4899.129883 0.019027
4900.259766 0.018865
4901.390137 0.018688
4902.520020 0.018568
4903.649902 0.018512
4904.770020 0.018487
4905.899902 0.018572
4907.029785 0.018677
4908.160156 0.018645
4909.290039 0.018431
4910.430176 0.018151
4911.560059 0.017979
4912.689941 0.017986
4913.819824 0.018162
4914.950195 0.018345
4916.080078 0.018438
4917.209961 0.018325
4918.350098 0.017915
4919.479980 0.017311
4920.609863 0.016773
4921.740234 0.016580
4922.879883 0.016752
4924.009766 0.017068
4925.149902 0.017364
4926.279785 0.017710
4927.410156 0.018143
4928.549805 0.018533
4929.680176 0.018822
4930.819824 0.018979
4931.950195 0.018946
4933.089844 0.018756
4934.229980 0.018424
4935.359863 0.018165
4936.500000 0.018048
4937.640137 0.017907
4938.770020 0.017692
4939.910156 0.017587
4941.049805 0.017769
4942.189941 0.018165
4943.319824 0.018559
4944.459961 0.018847
4945.600098 0.018989
4946.740234 0.019045
4947.879883 0.019105
4949.020020 0.019210
4950.160156 0.019295
4951.299805 0.019348
4952.439941 0.019315
4953.580078 0.019164
4954.720215 0.018934
4955.859863 0.018683
4957.000000 0.018457
4958.140137 0.018716
4959.290039 0.019777
4960.430176 0.020550
4961.569824 0.020142
4962.709961 0.019315
4963.850098 0.018858
4965.000000 0.018572
4966.140137 0.018291
4967.290039 0.018059
4968.430176 0.017942
4969.569824 0.017944
4970.720215 0.018028
4971.859863 0.018177
4973.009766 0.018374
4974.149902 0.018547
4975.299805 0.018622
4976.439941 0.018580
4977.589844 0.018411
4978.740234 0.018146
4979.879883 0.017807
4981.029785 0.017462
4982.180176 0.017090
4983.319824 0.016739
4984.470215 0.016584
4985.620117 0.016729
4986.770020 0.017085
4987.919922 0.017492
4989.060059 0.017770
4990.209961 0.017868
4991.359863 0.017877
4992.509766 0.017876
4993.660156 0.017904
4994.810059 0.017947
4995.959961 0.017995
4997.109863 0.018039
4998.259766 0.017994
4999.410156 0.017823
5000.560059 0.017611
5001.720215 0.017429
5002.870117 0.017450
5004.020020 0.017721
5005.169922 0.018545
5006.330078 0.020944
5007.479980 0.024295
5008.629883 0.024950
5009.790039 0.022151
5010.939941 0.019338
5012.089844 0.017949
5013.250000 0.017175
5014.399902 0.016692
5015.560059 0.016510
5016.709961 0.016542
5017.870117 0.016579
5019.020020 0.016562
5020.180176 0.016614
5021.330078 0.016750
5022.490234 0.016862
5023.649902 0.016959
5024.799805 0.017117
5025.959961 0.017240
5027.120117 0.017299
5028.279785 0.017323
5029.430176 0.017410
5030.589844 0.017610
5031.750000 0.017837
5032.910156 0.018016
5034.069824 0.018102
5035.229980 0.017973
5036.390137 0.017656
5037.549805 0.017314
5038.709961 0.017021
5039.870117 0.016702
5041.029785 0.016364
5042.189941 0.016219
5043.350098 0.016476
5044.509766 0.016995
5045.669922 0.017557
5046.830078 0.017897
5048.000000 0.017940
5049.160156 0.017736
5050.319824 0.017463
5051.490234 0.017301
5052.649902 0.017313
5053.810059 0.017481
5054.979980 0.017742
5056.140137 0.018007
5057.299805 0.018205
5058.470215 0.018341
5059.629883 0.018460
5060.799805 0.018537
5061.959961 0.018553
5063.129883 0.018451
5064.299805 0.018185
5065.459961 0.017800
5066.629883 0.017524
5067.799805 0.017407
5068.959961 0.017425
5070.129883 0.017460
5071.299805 0.017506
5072.470215 0.017517
5073.629883 0.017487
5074.799805 0.017473
5075.970215 0.017467
5077.140137 0.017426
5078.310059 0.017282
5079.479980 0.017011
5080.649902 0.016660
5081.819824 0.016481
5082.990234 0.016556
5084.160156 0.016740
5085.330078 0.016965
5086.500000 0.017234
5087.669922 0.017473
5088.839844 0.017609
5090.020020 0.017745
5091.189941 0.017866
5092.359863 0.017980
5093.529785 0.018058
5094.709961 0.018065
5095.879883 0.017932
5097.049805 0.017643
5098.229980 0.017286
5099.399902 0.016981
5100.569824 0.016872
5101.750000 0.017007
5102.919922 0.017211
5104.100098 0.017328
5105.270020 0.017320
5106.450195 0.017226
5107.629883 0.017078
5108.799805 0.016960
5109.979980 0.016908
5111.160156 0.016973
5112.330078 0.017129
5113.509766 0.017381
5114.689941 0.017604
5115.870117 0.017772
5117.040039 0.017919
5118.220215 0.018030
5119.399902 0.018033
5120.580078 0.017903
5121.759766 0.017634
5122.939941 0.017300
5124.120117 0.016932
5125.299805 0.016648
5126.479980 0.016521
5127.660156 0.016498
5128.839844 0.016504
5130.020020 0.016555
5131.200195 0.016699
5132.379883 0.016904
5133.569824 0.017082
5134.750000 0.017228
5135.930176 0.017326
5137.109863 0.017294
5138.299805 0.017128
5139.479980 0.016909
5140.660156 0.016769
5141.850098 0.016738
5143.029785 0.016691
5144.209961 0.016652
5145.399902 0.016661
5146.580078 0.016677
5147.770020 0.016629
5148.959961 0.016593
5150.140137 0.016611
5151.330078 0.016615
5152.509766 0.016564
5153.700195 0.016553
5154.890137 0.016623
5156.069824 0.016811
5157.259766 0.017089
5158.450195 0.017360
5159.640137 0.017522
5160.819824 0.017520
5162.009766 0.017355
5163.200195 0.017017
5164.390137 0.016535
5165.580078 0.015894
5166.770020 0.015060
5167.959961 0.014235
5169.149902 0.013727
5170.339844 0.013637
5171.529785 0.013693
5172.720215 0.013621
5173.910156 0.013672
5175.100098 0.014156
5176.299805 0.014934
5177.490234 0.015609
5178.680176 0.015996
5179.870117 0.016082
5181.069824 0.015848
5182.259766 0.015331
5183.450195 0.014634
5184.649902 0.014162
5185.839844 0.014307
5187.029785 0.014984
5188.229980 0.015718
5189.419922 0.016224
5190.620117 0.016500
5191.810059 0.016528
5193.009766 0.016396
5194.209961 0.016345
5195.399902 0.016466
5196.600098 0.016711
5197.790039 0.017073
5198.990234 0.017472
5200.189941 0.017755
5201.390137 0.017821
5202.580078 0.017622
5203.779785 0.017233
5204.979980 0.016743
5206.180176 0.016252
5207.379883 0.015919
5208.580078 0.015777
5209.779785 0.015834
5210.979980 0.016111
5212.180176 0.016580
5213.379883 0.017055
5214.580078 0.017367
5215.779785 0.017452
5216.979980 0.017432
5218.180176 0.017502
5219.379883 0.017692
5220.580078 0.017906
5221.790039 0.018003
5222.990234 0.017925
5224.189941 0.017635
5225.390137 0.017156
5226.600098 0.016656
5227.799805 0.016354
5229.009766 0.016480
5230.209961 0.016900
5231.410156 0.017305
5232.620117 0.017502
5233.819824 0.017492
5235.029785 0.017488
5236.229980 0.017634
5237.439941 0.017915
5238.649902 0.018180
5239.850098 0.018359
5241.060059 0.018452
5242.270020 0.018478
5243.470215 0.018467
5244.680176 0.018451
5245.890137 0.018357
5247.100098 0.018155
5248.310059 0.017863
5249.509766 0.017645
5250.720215 0.017534
5251.930176 0.017490
5253.140137 0.017553
5254.350098 0.017677
5255.560059 0.017767
5256.770020 0.017929
5257.979980 0.018186
5259.189941 0.018354
5260.399902 0.018304
5261.620117 0.017964
5262.830078 0.017399
5264.040039 0.016731
5265.250000 0.016146
5266.459961 0.015758
5267.680176 0.015618
5268.890137 0.015605
5270.100098 0.015545
5271.319824 0.015617
5272.529785 0.016015
5273.740234 0.016544
5274.959961 0.016946
5276.169922 0.017235
5277.390137 0.017581
5278.600098 0.017970
5279.819824 0.018246
5281.040039 0.018258
5282.250000 0.018098
5283.470215 0.017943
5284.680176 0.017952
5285.899902 0.018179
5287.120117 0.018588
5288.339844 0.018947
5289.549805 0.019150
5290.770020 0.019255
5291.990234 0.019284
5293.209961 0.019211
5294.430176 0.019038
5295.649902 0.018763
5296.870117 0.018377
5298.089844 0.017964
5299.310059 0.017722
5300.529785 0.017771
5301.750000 0.017999
5302.970215 0.018272
5304.189941 0.018594
5305.410156 0.018945
5306.629883 0.019193
5307.859863 0.019294
5309.080078 0.019347
5310.299805 0.019436
5311.520020 0.019494
5312.750000 0.019454
5313.970215 0.019369
5315.189941 0.019238
5316.419922 0.019071
5317.640137 0.018936
5318.870117 0.018867
5320.089844 0.018852
5321.319824 0.018802
5322.540039 0.018663
5323.770020 0.018408
5324.990234 0.018069
5326.220215 0.017730
5327.450195 0.017347
5328.669922 0.016937
5329.899902 0.016778
5331.129883 0.017063
5332.359863 0.017568
5333.580078 0.018027
5334.810059 0.018365
5336.040039 0.018599
5337.270020 0.018688
5338.500000 0.018619
5339.729980 0.018433
5340.959961 0.018207
5342.189941 0.018082
5343.419922 0.018169
5344.649902 0.018338
5345.879883 0.018420
5347.109863 0.018403
5348.339844 0.018379
5349.569824 0.018380
5350.799805 0.018463
5352.040039 0.018698
5353.270020 0.018990
5354.500000 0.019251
5355.729980 0.019489
5356.970215 0.019703
5358.200195 0.019782
5359.439941 0.019787
5360.669922 0.019687
5361.899902 0.019485
5363.140137 0.019215
5364.370117 0.018949
5365.609863 0.018724
5366.850098 0.018538
5368.080078 0.018359
5369.319824 0.018167
5370.549805 0.017909
5371.790039 0.017700
5373.029785 0.017771
5374.270020 0.018140
5375.500000 0.018599
5376.740234 0.018930
5377.979980 0.019076
5379.220215 0.019117
5380.459961 0.019104
5381.700195 0.019019
5382.930176 0.018919
5384.169922 0.018860
5385.410156 0.018874
5386.649902 0.018914
5387.890137 0.018906
5389.140137 0.018785
5390.379883 0.018581
5391.620117 0.018365
5392.859863 0.018197
5394.100098 0.018072
5395.339844 0.017964
5396.589844 0.017837
5397.830078 0.017699
5399.069824 0.017686
5400.310059 0.017820
5401.560059 0.017959
5402.799805 0.017950
5404.049805 0.017801
5405.290039 0.017494
5406.540039 0.017222
5407.779785 0.017181
5409.029785 0.017333
5410.270020 0.017489
5411.520020 0.017675
5412.759766 0.017975
5414.009766 0.018307
5415.259766 0.018549
5416.500000 0.018723
5417.750000 0.018885
5419.000000 0.018966
5420.250000 0.018939
5421.500000 0.018851
5422.740234 0.018780
5423.990234 0.018714
5425.240234 0.018625
5426.490234 0.018615
5427.740234 0.018668
5428.990234 0.018573
5430.240234 0.018313
5431.490234 0.018086
5432.740234 0.018014
5433.990234 0.017968
5435.240234 0.017927
5436.500000 0.017997
5437.750000 0.018247
5439.000000 0.018623
5440.250000 0.018997
5441.509766 0.019247
5442.759766 0.019324
5444.009766 0.019241
5445.270020 0.018951
5446.520020 0.018535
5447.770020 0.018179
5449.029785 0.018104
5450.279785 0.018281
5451.540039 0.018445
5452.790039 0.018496
5454.049805 0.018373
5455.310059 0.018149
5456.560059 0.017973
5457.819824 0.018030
5459.080078 0.018289
5460.330078 0.018486
5461.589844 0.018527
5462.850098 0.018411
5464.109863 0.018290
5465.359863 0.018280
5466.620117 0.018372
5467.879883 0.018470
5469.140137 0.018548
5470.399902 0.018526
5471.660156 0.018469
5472.919922 0.018334
5474.180176 0.018165
5475.439941 0.017954
5476.700195 0.017747
5477.959961 0.017600
5479.220215 0.017634
5480.490234 0.017789
5481.750000 0.017901
5483.009766 0.017971
5484.270020 0.018114
5485.540039 0.018314
5486.799805 0.018430
5488.060059 0.018429
5489.330078 0.018370
5490.589844 0.018370
5491.859863 0.018431
5493.120117 0.018477
5494.379883 0.018495
5495.649902 0.018500
5496.919922 0.018485
5498.180176 0.018460
5499.450195 0.018452
5500.709961 0.018479
5501.979980 0.018421
5503.250000 0.018311
5504.520020 0.018226
5505.779785 0.018189
5507.049805 0.018130
5508.319824 0.018106
5509.589844 0.018133
5510.859863 0.018143
5512.129883 0.018074
5513.390137 0.017938
5514.660156 0.017908
5515.930176 0.018002
5517.200195 0.018202
5518.479980 0.018453
5519.750000 0.018688
5521.020020 0.018839
5522.290039 0.018895
5523.560059 0.018876
5524.830078 0.018775
5526.100098 0.018604
5527.379883 0.018360
5528.649902 0.018147
5529.919922 0.018040
5531.200195 0.018155
5532.470215 0.018328
5533.740234 0.018425
5535.020020 0.018449
5536.290039 0.018460
5537.569824 0.018515
5538.839844 0.018621
5540.120117 0.018742
5541.390137 0.018839
5542.669922 0.018896
5543.950195 0.018878
5545.220215 0.018833
5546.500000 0.018834
5547.779785 0.018894
5549.060059 0.019009
5550.330078 0.019132
5551.609863 0.019187
5552.890137 0.019165
5554.169922 0.019063
5555.450195 0.018945
5556.729980 0.018887
5558.009766 0.018850
5559.290039 0.018824
5560.569824 0.018798
5561.850098 0.018724
5563.129883 0.018633
5564.410156 0.018517
5565.689941 0.018425
5566.970215 0.018377
5568.250000 0.018330
5569.540039 0.018326
5570.819824 0.018334
5572.100098 0.018357
5573.390137 0.018374
5574.669922 0.018414
5575.950195 0.018492
5577.240234 0.018594
5578.520020 0.018671
5579.810059 0.018706
5581.089844 0.018703
5582.379883 0.018639
5583.660156 0.018531
5584.950195 0.018338
5586.229980 0.018098
5587.520020 0.017760
5588.810059 0.017485
5590.089844 0.017376
5591.379883 0.017458
5592.669922 0.017626
5593.959961 0.017785
5595.240234 0.017910
5596.529785 0.018042
5597.819824 0.018126
5599.109863 0.018088
5600.399902 0.017963
5601.689941 0.017864
5602.979980 0.017850
5604.270020 0.017955
5605.560059 0.018253
5606.850098 0.018597
5608.140137 0.018868
5609.430176 0.019028
5610.729980 0.019065
5612.020020 0.019034
5613.310059 0.018921
5614.600098 0.018672
5615.899902 0.018320
5617.189941 0.018060
5618.479980 0.018023
5619.779785 0.018128
5621.069824 0.018210
5622.370117 0.018281
5623.660156 0.018267
5624.959961 0.018164
5626.250000 0.018093
5627.549805 0.018156
5628.839844 0.018324
5630.140137 0.018532
5631.439941 0.018692
5632.729980 0.018757
5634.029785 0.018737
5635.330078 0.018645
5636.620117 0.018512
5637.919922 0.018384
5639.220215 0.018319
5640.520020 0.018288
5641.819824 0.018272
5643.120117 0.018286
5644.419922 0.018341
5645.720215 0.018412
5647.020020 0.018507
5648.319824 0.018585
5649.620117 0.018627
5650.919922 0.018656
5652.220215 0.018674
5653.520020 0.018679
5654.819824 0.018606
5656.129883 0.018438
5657.430176 0.018245
5658.729980 0.018021
5660.029785 0.017870
5661.339844 0.017856
5662.640137 0.017958
5663.950195 0.018067
5665.250000 0.018198
5666.549805 0.018328
5667.859863 0.018398
5669.169922 0.018419
5670.470215 0.018475
5671.779785 0.018587
5673.080078 0.018739
5674.390137 0.018890
5675.700195 0.018988
5677.000000 0.019029
5678.310059 0.019031
5679.620117 0.018974
5680.930176 0.018872
5682.229980 0.018728
5683.540039 0.018589
5684.850098 0.018470
5686.160156 0.018425
5687.470215 0.018389
5688.779785 0.018376
5690.089844 0.018465
5691.399902 0.018625
5692.709961 0.018800
5694.020020 0.018943
5695.330078 0.018997
5696.640137 0.018969
5697.959961 0.018879
5699.270020 0.018745
5700.580078 0.018580
5701.890137 0.018421
5703.209961 0.018300
5704.520020 0.018251
5705.830078 0.018172
5707.149902 0.018040
5708.459961 0.017846
5709.779785 0.017710
5711.089844 0.017661
5712.410156 0.017752
5713.720215 0.017972
5715.040039 0.018271
5716.350098 0.018560
5717.669922 0.018781
5718.990234 0.018954
5720.299805 0.019098
5721.620117 0.019216
5722.939941 0.019322
5724.259766 0.019373
5725.569824 0.019363
5726.890137 0.019291
5728.209961 0.019182
5729.529785 0.019122
5730.850098 0.019100
5732.169922 0.019085
5733.490234 0.019089
5734.810059 0.019147
5736.129883 0.019204
5737.450195 0.019220
5738.770020 0.019207
5740.100098 0.019192
5741.419922 0.019177
5742.740234 0.019160
5744.060059 0.019156
5745.379883 0.019173
5746.709961 0.019197
5748.029785 0.019145
5749.350098 0.019084
5750.680176 0.019021
5752.000000 0.018979
5753.330078 0.018908
5754.649902 0.018845
5755.979980 0.018867
5757.299805 0.018971
5758.629883 0.019071
5759.959961 0.019060
5761.279785 0.018946
5762.609863 0.018808
5763.939941 0.018767
5765.259766 0.018874
5766.589844 0.019062
5767.919922 0.019229
5769.250000 0.019306
5770.580078 0.019302
5771.899902 0.019254
5773.229980 0.019175
5774.560059 0.019096
5775.890137 0.019036
5777.220215 0.018993
5778.549805 0.018907
5779.879883 0.018715
5781.209961 0.018436
5782.549805 0.018143
5783.879883 0.017996
5785.209961 0.017964
5786.540039 0.018039
5787.870117 0.018205
5789.209961 0.018423
5790.540039 0.018605
5791.870117 0.018724
5793.209961 0.018831
5794.540039 0.018946
5795.879883 0.019047
5797.209961 0.019103
5798.549805 0.019110
5799.879883 0.019163
5801.220215 0.019282
5802.549805 0.019372
5803.890137 0.019385
5805.229980 0.019298
5806.560059 0.019209
5807.899902 0.019159
5809.240234 0.019159
5810.569824 0.019187
5811.910156 0.019213
5813.250000 0.019211
5814.589844 0.019172
5815.930176 0.019109
5817.270020 0.019068
5818.609863 0.019115
5819.950195 0.019229
5821.290039 0.019344
5822.629883 0.019395
5823.970215 0.019425
5825.310059 0.019416
5826.649902 0.019422
5827.990234 0.019454
5829.339844 0.019456
5830.680176 0.019453
5832.020020 0.019437
5833.359863 0.019395
5834.709961 0.019352
5836.049805 0.019313
5837.399902 0.019300
5838.740234 0.019294
5840.080078 0.019313
5841.430176 0.019364
5842.770020 0.019408
5844.120117 0.019424
5845.470215 0.019363
5846.810059 0.019260
5848.160156 0.019141
5849.500000 0.019041
5850.850098 0.018941
5852.200195 0.018834
5853.549805 0.018683
5854.890137 0.018538
5856.240234 0.018419
5857.589844 0.018305
5858.939941 0.018229
5860.290039 0.018240
5861.640137 0.018340
5862.990234 0.018456
5864.339844 0.018544
5865.689941 0.018592
5867.040039 0.018626
5868.390137 0.018683
5869.740234 0.018758
5871.089844 0.018847
5872.450195 0.018939
5873.799805 0.019043
5875.149902 0.019277
5876.500000 0.019530
5877.859863 0.019489
5879.209961 0.019116
5880.569824 0.018692
5881.919922 0.018417
5883.270020 0.018244
5884.629883 0.018043
5885.979980 0.017753
5887.339844 0.017307
5888.700195 0.016610
5890.049805 0.015763
5891.410156 0.015111
5892.759766 0.014967
5894.120117 0.015155
5895.479980 0.015281
5896.839844 0.015329
5898.189941 0.015590
5899.549805 0.016180
5900.910156 0.016867
5902.270020 0.017424
5903.629883 0.017815
5904.990234 0.018060
5906.350098 0.018198
5907.709961 0.018305
5909.069824 0.018390
5910.430176 0.018466
5911.790039 0.018485
5913.149902 0.018460
5914.509766 0.018356
5915.879883 0.018268
5917.240234 0.018251
5918.600098 0.018322
5919.959961 0.018435
5921.330078 0.018517
5922.689941 0.018574
5924.060059 0.018604
5925.419922 0.018617
5926.779785 0.018627
5928.149902 0.018595
5929.509766 0.018539
5930.879883 0.018466
5932.250000 0.018472
5933.609863 0.018500
5934.979980 0.018516
5936.339844 0.018527
5937.709961 0.018571
5939.080078 0.018632
5940.450195 0.018662
5941.810059 0.018653
5943.180176 0.018640
5944.549805 0.018658
5945.919922 0.018696
5947.290039 0.018703
5948.660156 0.018659
5950.029785 0.018560
5951.399902 0.018489
5952.770020 0.018451
5954.140137 0.018419
5955.509766 0.018412
5956.879883 0.018423
5958.250000 0.018449
5959.629883 0.018502
5961.000000 0.018590
5962.370117 0.018687
5963.750000 0.018763
5965.120117 0.018778
5966.490234 0.018770
5967.870117 0.018795
5969.240234 0.018845
5970.620117 0.018903
5971.990234 0.018930
5973.370117 0.018918
5974.740234 0.018840
5976.120117 0.018723
5977.490234 0.018583
5978.870117 0.018510
5980.250000 0.018492
5981.620117 0.018499
5983.000000 0.018449
5984.379883 0.018362
5985.759766 0.018299
5987.140137 0.018311
5988.509766 0.018401
5989.890137 0.018508
5991.270020 0.018588
5992.649902 0.018655
5994.029785 0.018710
5995.410156 0.018734
5996.790039 0.018704
5998.169922 0.018624
5999.560059 0.018559
6000.939941 0.018515
6002.319824 0.018486
6003.700195 0.018458
6005.080078 0.018418
6006.470215 0.018361
6007.850098 0.018296
6009.229980 0.018221
6010.620117 0.018237
6012.000000 0.018289
6013.390137 0.018309
6014.770020 0.018282
6016.160156 0.018261
6017.540039 0.018243
6018.930176 0.018219
6020.310059 0.018198
6021.700195 0.018187
6023.089844 0.018209
6024.470215 0.018285
6025.859863 0.018395
6027.250000 0.018516
6028.640137 0.018638
6030.020020 0.018747
6031.410156 0.018854
6032.799805 0.018921
6034.189941 0.018988
6035.580078 0.019027
6036.970215 0.019045
6038.359863 0.019039
6039.750000 0.019012
6041.140137 0.018980
6042.529785 0.018962
6043.930176 0.018994
6045.319824 0.019051
6046.709961 0.019107
6048.100098 0.019154
6049.490234 0.019173
6050.890137 0.019168
6052.279785 0.019124
6053.669922 0.019049
6055.069824 0.018962
6056.459961 0.018867
6057.859863 0.018824
6059.250000 0.018829
6060.649902 0.018854
6062.040039 0.018859
6063.439941 0.018810
6064.839844 0.018730
6066.229980 0.018684
6067.629883 0.018737
6069.029785 0.018899
6070.419922 0.019077
6071.819824 0.019212
6073.220215 0.019265
6074.620117 0.019261
6076.020020 0.019215
6077.419922 0.019096
6078.819824 0.018939
6080.220215 0.018796
6081.620117 0.018687
6083.020020 0.018622
6084.419922 0.018578
6085.819824 0.018570
6087.220215 0.018578
6088.620117 0.018589
6090.029785 0.018564
6091.430176 0.018525
6092.830078 0.018510
6094.229980 0.018551
6095.640137 0.018632
6097.040039 0.018693
6098.439941 0.018717
6099.850098 0.018683
6101.250000 0.018581
6102.660156 0.018399
6104.060059 0.018242
6105.470215 0.018234
6106.879883 0.018376
6108.279785 0.018525
6109.689941 0.018631
6111.100098 0.018706
6112.500000 0.018753
6113.910156 0.018799
6115.319824 0.018799
6116.729980 0.018781
6118.140137 0.018699
6119.540039 0.018572
6120.950195 0.018386
6122.359863 0.018198
6123.770020 0.018116
6125.180176 0.018179
6126.589844 0.018294
6128.000000 0.018390
6129.419922 0.018450
6130.830078 0.018512
6132.240234 0.018553
6133.649902 0.018521
6135.060059 0.018367
6136.479980 0.018084
6137.890137 0.017813
6139.299805 0.017744
6140.720215 0.017898
6142.129883 0.018126
6143.549805 0.018307
6144.959961 0.018472
6146.379883 0.018589
6147.790039 0.018607
6149.209961 0.018524
6150.620117 0.018424
6152.040039 0.018353
6153.459961 0.018315
6154.870117 0.018267
6156.290039 0.018142
6157.709961 0.017970
6159.129883 0.017757
6160.540039 0.017479
6161.959961 0.017135
6163.379883 0.016850
6164.799805 0.016767
6166.220215 0.016894
6167.640137 0.017073
6169.060059 0.017171
6170.479980 0.017195
6171.899902 0.017262
6173.319824 0.017411
6174.750000 0.017577
6176.169922 0.017711
6177.589844 0.017796
6179.009766 0.017886
6180.439941 0.017973
6181.859863 0.018053
6183.279785 0.018086
6184.709961 0.018086
6186.129883 0.017999
6187.560059 0.017852
6188.979980 0.017678
6190.410156 0.017505
6191.830078 0.017376
6193.259766 0.017347
6194.680176 0.017462
6196.109863 0.017654
6197.540039 0.017808
6198.959961 0.017870
6200.390137 0.017867
6201.819824 0.017864
6203.250000 0.017923
6204.680176 0.018021
6206.100098 0.018093
6207.529785 0.018135
6208.959961 0.018120
6210.390137 0.018041
6211.819824 0.017901
6213.250000 0.017687
6214.680176 0.017440
6216.120117 0.017258
6217.549805 0.017175
6218.979980 0.017170
6220.410156 0.017197
6221.839844 0.017226
6223.279785 0.017276
6224.709961 0.017350
6226.140137 0.017390
6227.580078 0.017385
6229.009766 0.017312
6230.450195 0.017166
6231.879883 0.017033
6233.310059 0.017017
6234.750000 0.017152
6236.189941 0.017329
6237.620117 0.017412
6239.060059 0.017350
6240.500000 0.017217
6241.930176 0.017085
6243.370117 0.016992
6244.810059 0.016933
6246.250000 0.016925
6247.680176 0.016987
6249.120117 0.017102
6250.560059 0.017189
6252.000000 0.017178
6253.439941 0.017039
6254.879883 0.016872
6256.319824 0.016757
6257.759766 0.016692
6259.200195 0.016685
6260.649902 0.016786
6262.089844 0.017003
6263.529785 0.017240
6264.970215 0.017413
6266.410156 0.017488
6267.859863 0.017522
6269.299805 0.017560
6270.740234 0.017578
6272.189941 0.017614
6273.629883 0.017668
6275.080078 0.017731
6276.520020 0.017764
6277.970215 0.017753
6279.410156 0.017712
6280.859863 0.017615
6282.310059 0.017544
6283.750000 0.017524
6285.200195 0.017587
6286.649902 0.017698
6288.089844 0.017834
6289.540039 0.017961
6290.990234 0.018007
6292.439941 0.017976
6293.890137 0.017924
6295.339844 0.017877
6296.790039 0.017842
6298.240234 0.017894
6299.689941 0.018150
6301.140137 0.018482
6302.589844 0.018524
6304.040039 0.018230
6305.490234 0.017942
6306.950195 0.017861
6308.399902 0.017906
6309.850098 0.017944
6311.299805 0.017928
6312.759766 0.017859
6314.209961 0.017751
6315.669922 0.017602
6317.120117 0.017452
6318.569824 0.017347
6320.029785 0.017334
6321.479980 0.017431
6322.939941 0.017593
6324.399902 0.017755
6325.850098 0.017907
6327.310059 0.018022
6328.770020 0.018091
6330.220215 0.018115
6331.680176 0.018108
6333.140137 0.018087
6334.600098 0.018014
6336.060059 0.017884
6337.520020 0.017749
6338.979980 0.017708
6340.439941 0.017762
6341.899902 0.017824
6343.359863 0.017834
6344.819824 0.017808
6346.279785 0.017796
6347.740234 0.017851
6349.200195 0.017959
6350.660156 0.018058
6352.129883 0.018100
6353.589844 0.018063
6355.049805 0.017953
6356.520020 0.017805
6357.979980 0.017646
6359.439941 0.017486
6360.910156 0.017359
6362.370117 0.017334
6363.839844 0.017457
6365.299805 0.017659
6366.770020 0.017810
6368.229980 0.017905
6369.700195 0.018003
6371.169922 0.018104
6372.640137 0.018209
6374.100098 0.018300
6375.569824 0.018353
6377.040039 0.018354
6378.509766 0.018312
6379.979980 0.018242
6381.450195 0.018193
6382.919922 0.018180
6384.390137 0.018201
6385.859863 0.018239
6387.330078 0.018267
6388.799805 0.018290
6390.270020 0.018274
6391.740234 0.018206
6393.209961 0.018077
6394.680176 0.017958
6396.160156 0.017921
6397.629883 0.017967
6399.100098 0.017975
6400.580078 0.017927
6402.049805 0.017908
6403.520020 0.017994
6405.000000 0.018134
6406.470215 0.018180
6407.950195 0.018132
6409.430176 0.018046
6410.899902 0.017991
6412.379883 0.017952
6413.850098 0.017931
6415.330078 0.017939
6416.810059 0.017963
6418.290039 0.017962
6419.759766 0.017912
6421.240234 0.017857
6422.720215 0.017872
6424.200195 0.017983
6425.680176 0.018137
6427.160156 0.018226
6428.640137 0.018253
6430.120117 0.018170
6431.600098 0.018041
6433.080078 0.017963
6434.560059 0.017990
6436.049805 0.018074
6437.529785 0.018110
6439.009766 0.018067
6440.490234 0.018058
6441.979980 0.018137
6443.459961 0.018289
6444.939941 0.018390
6446.430176 0.018398
6447.910156 0.018283
6449.399902 0.018047
6450.879883 0.017800
6452.370117 0.017693
6453.850098 0.017760
6455.339844 0.017887
6456.830078 0.017977
6458.310059 0.018069
6459.799805 0.018168
6461.290039 0.018207
6462.779785 0.018127
6464.259766 0.018031
6465.750000 0.018061
6467.240234 0.018193
6468.729980 0.018303
6470.220215 0.018345
6471.709961 0.018330
6473.200195 0.018322
6474.689941 0.018341
6476.180176 0.018372
6477.669922 0.018391
6479.169922 0.018386
6480.660156 0.018331
6482.149902 0.018222
6483.640137 0.018109
6485.140137 0.018072
6486.629883 0.018105
6488.120117 0.018136
6489.620117 0.018094
6491.109863 0.017943
6492.609863 0.017684
6494.100098 0.017330
6495.600098 0.016965
6497.089844 0.016747
6498.589844 0.016748
6500.089844 0.016956
6501.580078 0.017258
6503.080078 0.017561
6504.580078 0.017818
6506.080078 0.018011
6507.569824 0.018130
6509.069824 0.018188
6510.569824 0.018217
6512.069824 0.018256
6513.569824 0.018271
6515.069824 0.018265
6516.569824 0.018214
6518.069824 0.018151
6519.569824 0.018137
6521.069824 0.018164
6522.580078 0.018242
6524.080078 0.018307
6525.580078 0.018335
6527.080078 0.018308
6528.589844 0.018263
6530.089844 0.018256
6531.589844 0.018256
6533.100098 0.018262
6534.600098 0.018275
6536.109863 0.018329
6537.609863 0.018401
6539.120117 0.018465
6540.620117 0.018496
6542.129883 0.018528
6543.640137 0.018582
6545.140137 0.018770
6546.649902 0.019393
6548.160156 0.020516
6549.669922 0.021298
6551.169922 0.020852
6552.680176 0.019547
6554.189941 0.018462
6555.700195 0.017905
6557.209961 0.017754
6558.720215 0.018262
6560.229980 0.020578
6561.740234 0.027354
6563.250000 0.037882
6564.759766 0.042906
6566.279785 0.036262
6567.790039 0.025793
6569.299805 0.019895
6570.810059 0.018068
6572.330078 0.017610
6573.839844 0.017549
6575.350098 0.017627
6576.870117 0.017832
6578.379883 0.018261
6579.899902 0.019067
6581.410156 0.020847
6582.930176 0.024230
6584.439941 0.027741
6585.959961 0.028052
6587.479980 0.024821
6588.990234 0.021301
6590.509766 0.019355
6592.029785 0.018500
6593.549805 0.018020
6595.060059 0.017767
6596.580078 0.017721
6598.100098 0.017794
6599.620117 0.017884
6601.140137 0.017975
6602.660156 0.018050
6604.180176 0.018082
6605.700195 0.018019
6607.220215 0.017925
6608.750000 0.017851
6610.270020 0.017816
6611.790039 0.017871
6613.310059 0.017981
6614.839844 0.018079
6616.359863 0.018154
6617.879883 0.018218
6619.410156 0.018245
6620.930176 0.018251
6622.459961 0.018213
6623.979980 0.018122
6625.509766 0.018026
6627.029785 0.017946
6628.560059 0.017909
6630.080078 0.017878
6631.609863 0.017819
6633.140137 0.017729
6634.669922 0.017644
6636.189941 0.017632
6637.720215 0.017712
6639.250000 0.017780
6640.779785 0.017837
6642.310059 0.017838
6643.839844 0.017810
6645.370117 0.017784
6646.899902 0.017796
6648.430176 0.017825
6649.959961 0.017851
6651.490234 0.017854
6653.020020 0.017851
6654.560059 0.017821
6656.089844 0.017801
6657.620117 0.017783
6659.149902 0.017754
6660.689941 0.017695
6662.220215 0.017611
6663.759766 0.017514
6665.290039 0.017444
6666.830078 0.017459
6668.359863 0.017513
6669.899902 0.017602
6671.430176 0.017708
6672.970215 0.017769
6674.509766 0.017797
6676.040039 0.017768
6677.580078 0.017725
6679.120117 0.017673
6680.660156 0.017617
6682.189941 0.017592
6683.729980 0.017611
6685.270020 0.017663
6686.810059 0.017701
6688.350098 0.017724
6689.890137 0.017737
6691.430176 0.017731
6692.970215 0.017709
6694.509766 0.017666
6696.060059 0.017585
6697.600098 0.017500
6699.140137 0.017467
6700.680176 0.017496
6702.229980 0.017551
6703.770020 0.017576
6705.310059 0.017575
6706.859863 0.017585
6708.399902 0.017604
6709.950195 0.017639
6711.490234 0.017702
6713.040039 0.017933
6714.580078 0.018708
6716.129883 0.020527
6717.680176 0.022333
6719.220215 0.022141
6720.770020 0.020129
6722.319824 0.018431
6723.870117 0.017792
6725.419922 0.017664
6726.959961 0.017762
6728.509766 0.018230
6730.060059 0.019433
6731.609863 0.021006
6733.160156 0.021425
6734.709961 0.020183
6736.259766 0.018676
6737.810059 0.017884
6739.370117 0.017566
6740.919922 0.017410
6742.470215 0.017327
6744.020020 0.017288
6745.580078 0.017253
6747.129883 0.017232
6748.680176 0.017211
6750.240234 0.017170
6751.790039 0.017150
6753.350098 0.017157
6754.899902 0.017209
6756.459961 0.017298
6758.009766 0.017401
6759.569824 0.017495
6761.129883 0.017555
6762.680176 0.017574
6764.240234 0.017549
6765.799805 0.017499
6767.359863 0.017413
6768.919922 0.017332
6770.470215 0.017313
6772.029785 0.017333
6773.589844 0.017397
6775.149902 0.017495
6776.709961 0.017593
6778.270020 0.017653
6779.830078 0.017659
6781.399902 0.017603
6782.959961 0.017486
6784.520020 0.017338
6786.080078 0.017240
6787.640137 0.017218
6789.209961 0.017263
6790.770020 0.017309
6792.330078 0.017344
6793.899902 0.017347
6795.459961 0.017328
6797.029785 0.017315
6798.589844 0.017338
6800.160156 0.017383
6801.729980 0.017423
6803.290039 0.017453
6804.859863 0.017465
6806.430176 0.017467
6807.990234 0.017451
6809.560059 0.017448
6811.129883 0.017439
6812.700195 0.017428
6814.270020 0.017428
6815.839844 0.017416
6817.399902 0.017433
6818.970215 0.017463
6820.540039 0.017499
6822.120117 0.017519
6823.689941 0.017550
6825.259766 0.017579
6826.830078 0.017577
6828.399902 0.017542
6829.970215 0.017493
6831.549805 0.017487
6833.120117 0.017498
6834.689941 0.017515
6836.270020 0.017503
6837.839844 0.017449
6839.419922 0.017339
6840.990234 0.017206
6842.569824 0.017111
6844.140137 0.017100
6845.720215 0.017187
6847.299805 0.017316
6848.870117 0.017404
6850.450195 0.017426
6852.029785 0.017414
6853.600098 0.017361
6855.180176 0.017273
6856.759766 0.017186
6858.339844 0.017128
6859.919922 0.017121
6861.500000 0.017131
6863.080078 0.017181
6864.660156 0.017263
6866.240234 0.017388
6867.819824 0.017493
6869.399902 0.017549
6870.990234 0.017566
6872.569824 0.017552
6874.149902 0.017525
6875.729980 0.017499
6877.319824 0.017497
6878.899902 0.017499
6880.490234 0.017478
6882.069824 0.017428
6883.649902 0.017394
6885.240234 0.017417
6886.830078 0.017495
6888.410156 0.017585
6890.000000 0.017677
6891.580078 0.017743
6893.169922 0.017774
6894.759766 0.017760
6896.350098 0.017739
6897.930176 0.017729
6899.520020 0.017727
6901.109863 0.017726
6902.700195 0.017733
6904.290039 0.017743
6905.879883 0.017754
6907.470215 0.017763
6909.060059 0.017760
6910.649902 0.017751
6912.240234 0.017701
6913.839844 0.017632
6915.430176 0.017547
6917.020020 0.017509
6918.609863 0.017507
6920.209961 0.017547
6921.799805 0.017572
6923.390137 0.017567
6924.990234 0.017497
6926.580078 0.017435
6928.180176 0.017408
6929.770020 0.017447
6931.370117 0.017489
6932.970215 0.017509
6934.560059 0.017505
6936.160156 0.017531
6937.759766 0.017567
6939.350098 0.017611
6940.950195 0.017633
6942.549805 0.017626
6944.149902 0.017564
6945.750000 0.017483
6947.350098 0.017441
6948.950195 0.017470
6950.549805 0.017494
6952.149902 0.017481
6953.750000 0.017443
6955.350098 0.017447
6956.950195 0.017491
6958.560059 0.017555
6960.160156 0.017627
6961.759766 0.017672
6963.359863 0.017692
6964.970215 0.017703
6966.569824 0.017713
6968.180176 0.017715
6969.779785 0.017726
6971.390137 0.017730
6972.990234 0.017688
6974.600098 0.017614
6976.200195 0.017482
6977.810059 0.017305
6979.419922 0.017177
6981.020020 0.017157
6982.629883 0.017294
6984.240234 0.017489
6985.850098 0.017644
6987.459961 0.017727
6989.060059 0.017740
6990.669922 0.017731
6992.279785 0.017714
6993.890137 0.017718
6995.509766 0.017717
6997.120117 0.017684
6998.729980 0.017623
7000.339844 0.017546
7001.950195 0.017467
7003.560059 0.017432
7005.180176 0.017408
7006.790039 0.017400
7008.399902 0.017409
7010.020020 0.017464
7011.629883 0.017496
7013.250000 0.017475
7014.859863 0.017410
7016.479980 0.017319
7018.089844 0.017253
7019.709961 0.017292
7021.330078 0.017391
7022.939941 0.017442
7024.560059 0.017418
7026.180176 0.017390
7027.790039 0.017423
7029.410156 0.017488
7031.029785 0.017549
7032.649902 0.017588
7034.270020 0.017601
7035.890137 0.017603
7037.509766 0.017599
7039.129883 0.017597
7040.750000 0.017657
7042.370117 0.017769
7044.000000 0.017913
7045.620117 0.017975
7047.240234 0.017979
7048.859863 0.017969
7050.490234 0.017921
7052.109863 0.017769
7053.729980 0.017527
7055.359863 0.017264
7056.979980 0.017069
7058.609863 0.016942
7060.229980 0.016853
7061.859863 0.016763
7063.490234 0.016724
7065.109863 0.016742
7066.740234 0.016756
7068.370117 0.016695
7069.990234 0.016653
7071.620117 0.016720
7073.250000 0.016842
7074.879883 0.016954
7076.509766 0.017014
7078.140137 0.017054
7079.770020 0.017062
7081.399902 0.017036
7083.029785 0.016920
7084.660156 0.016737
7086.290039 0.016524
7087.919922 0.016369
7089.560059 0.016268
7091.189941 0.016211
7092.819824 0.016187
7094.459961 0.016177
7096.089844 0.016205
7097.720215 0.016240
7099.359863 0.016289
7100.990234 0.016332
7102.629883 0.016348
7104.259766 0.016354
7105.899902 0.016355
7107.540039 0.016346
7109.169922 0.016318
7110.810059 0.016253
7112.450195 0.016203
7114.089844 0.016182
7115.720215 0.016202
7117.359863 0.016261
7119.000000 0.016267
7120.640137 0.016250
7122.279785 0.016212
7123.919922 0.016160
7125.560059 0.016090
7127.200195 0.015995
7128.839844 0.015886
7130.490234 0.015795
7132.129883 0.015737
7133.770020 0.015787
7135.410156 0.015988
7137.060059 0.016221
7138.700195 0.016259
7140.339844 0.016122
7141.990234 0.016013
7143.629883 0.015976
7145.279785 0.015946
7146.919922 0.015881
7148.569824 0.015812
7150.209961 0.015778
7151.859863 0.015821
7153.509766 0.015937
7155.160156 0.016030
7156.799805 0.016087
7158.450195 0.016111
7160.100098 0.016087
7161.750000 0.016049
7163.399902 0.015998
7165.049805 0.015921
7166.700195 0.015881
7168.350098 0.015943
7170.000000 0.016077
7171.649902 0.016195
7173.299805 0.016271
7174.950195 0.016295
7176.609863 0.016267
7178.259766 0.016207
7179.910156 0.016153
7181.560059 0.016079
7183.220215 0.016036
7184.870117 0.016015
7186.529785 0.015984
7188.180176 0.015886
7189.839844 0.015802
7191.490234 0.015807
7193.149902 0.015853
7194.810059 0.015893
7196.459961 0.015935
7198.120117 0.015971
7199.779785 0.016003
7201.439941 0.016004
7203.089844 0.015990
7204.750000 0.015985
7206.410156 0.015946
7208.069824 0.015877
7209.729980 0.015830
7211.390137 0.015884
7213.049805 0.015991
7214.709961 0.016070
7216.379883 0.016104
7218.040039 0.016149
7219.700195 0.016197
7221.359863 0.016215
7223.020020 0.016199
7224.689941 0.016191
7226.350098 0.016241
7228.020020 0.016320
7229.680176 0.016410
7231.350098 0.016471
7233.009766 0.016534
7234.680176 0.016580
7236.339844 0.016587
7238.009766 0.016560
7239.680176 0.016537
7241.339844 0.016529
7243.009766 0.016521
7244.680176 0.016517
7246.350098 0.016504
7248.020020 0.016535
7249.680176 0.016579
7251.350098 0.016577
7253.020020 0.016535
7254.689941 0.016518
7256.359863 0.016555
7258.040039 0.016601
7259.709961 0.016597
7261.379883 0.016555
7263.049805 0.016494
7264.720215 0.016499
7266.399902 0.016573
7268.069824 0.016656
7269.740234 0.016690
7271.419922 0.016691
7273.089844 0.016654
7274.770020 0.016652
7276.439941 0.016645
7278.120117 0.016636
7279.790039 0.016587
7281.470215 0.016532
7283.149902 0.016440
7284.819824 0.016351
7286.500000 0.016323
7288.180176 0.016316
7289.859863 0.016280
7291.540039 0.016233
7293.220215 0.016239
7294.899902 0.016329
7296.580078 0.016495
7298.259766 0.016656
7299.939941 0.016726
7301.620117 0.016750
7303.299805 0.016751
7304.979980 0.016759
7306.660156 0.016765
7308.350098 0.016727
7310.029785 0.016701
7311.709961 0.016698
7313.399902 0.016728
7315.080078 0.016793
7316.759766 0.016848
7318.450195 0.016892
7320.129883 0.016953
7321.819824 0.017001
7323.509766 0.016959
7325.189941 0.016842
7326.879883 0.016760
7328.569824 0.016772
7330.250000 0.016874
7331.939941 0.016969
7333.629883 0.017002
7335.319824 0.017004
7337.009766 0.017058
7338.700195 0.017131
7340.390137 0.017186
7342.080078 0.017188
7343.770020 0.017148
7345.459961 0.017065
7347.149902 0.017006
7348.839844 0.016999
7350.540039 0.016991
7352.229980 0.016922
7353.919922 0.016831
7355.620117 0.016722
7357.310059 0.016646
7359.000000 0.016639
7360.700195 0.016699
7362.390137 0.016749
7364.089844 0.016767
7365.790039 0.016799
7367.479980 0.016894
7369.180176 0.017024
7370.879883 0.017149
7372.569824 0.017254
7374.270020 0.017317
7375.970215 0.017341
7377.669922 0.017376
7379.370117 0.017415
7381.069824 0.017397
7382.770020 0.017322
7384.470215 0.017171
7386.169922 0.017005
7387.870117 0.016869
7389.569824 0.016780
7391.270020 0.016775
7392.970215 0.016865
7394.669922 0.016982
7396.379883 0.017082
7398.080078 0.017149
7399.779785 0.017164
7401.490234 0.017136
7403.189941 0.017153
7404.899902 0.017204
7406.600098 0.017235
7408.310059 0.017194
7410.020020 0.017093
7411.720215 0.017006
7413.430176 0.016946
7415.140137 0.016881
7416.839844 0.016799
7418.549805 0.016775
7420.259766 0.016806
7421.970215 0.016843
7423.680176 0.016858
7425.390137 0.016911
7427.100098 0.017064
7428.810059 0.017207
7430.520020 0.017268
7432.229980 0.017259
7433.939941 0.017243
7435.649902 0.017267
7437.359863 0.017297
7439.080078 0.017285
7440.790039 0.017207
7442.500000 0.017113
7444.220215 0.017065
7445.930176 0.017048
7447.649902 0.017066
7449.359863 0.017124
7451.080078 0.017220
7452.790039 0.017311
7454.509766 0.017378
7456.229980 0.017390
7457.939941 0.017355
7459.660156 0.017271
7461.379883 0.017172
7463.100098 0.017079
7464.819824 0.017081
7466.529785 0.017176
7468.250000 0.017276
7469.970215 0.017324
7471.689941 0.017291
7473.410156 0.017237
7475.140137 0.017192
7476.859863 0.017188
7478.580078 0.017212
7480.299805 0.017250
7482.020020 0.017257
7483.750000 0.017245
7485.470215 0.017267
7487.189941 0.017292
7488.919922 0.017295
7490.640137 0.017245
7492.370117 0.017124
7494.089844 0.017002
7495.819824 0.016917
7497.540039 0.016938
7499.270020 0.017063
7501.000000 0.017197
7502.729980 0.017288
7504.450195 0.017315
7506.180176 0.017301
7507.910156 0.017258
7509.640137 0.017202
7511.370117 0.017164
7513.100098 0.017163
7514.830078 0.017227
7516.560059 0.017330
7518.290039 0.017408
7520.020020 0.017454
7521.750000 0.017435
7523.490234 0.017362
7525.220215 0.017291
7526.950195 0.017260
7528.680176 0.017277
7530.419922 0.017306
7532.149902 0.017319
7533.890137 0.017339
7535.620117 0.017411
7537.359863 0.017482
7539.089844 0.017515
7540.830078 0.017495
7542.569824 0.017471
7544.299805 0.017470
7546.040039 0.017453
7547.779785 0.017413
7549.520020 0.017398
7551.250000 0.017421
7552.990234 0.017427
7554.729980 0.017389
7556.470215 0.017343
7558.209961 0.017324
7559.950195 0.017339
7561.689941 0.017356
7563.439941 0.017363
7565.180176 0.017377
7566.919922 0.017364
7568.660156 0.017339
7570.399902 0.017305
7572.149902 0.017294
7573.890137 0.017316
7575.640137 0.017337
7577.379883 0.017360
7579.120117 0.017376
7580.870117 0.017347
7582.620117 0.017249
7584.359863 0.017113
7586.109863 0.016940
7587.859863 0.016797
7589.600098 0.016716
7591.350098 0.016655
7593.100098 0.016636
7594.850098 0.016644
7596.600098 0.016650
7598.350098 0.016630
7600.100098 0.016588
7601.850098 0.016535
7603.600098 0.016504
7605.350098 0.016509
7607.100098 0.016508
7608.850098 0.016516
7610.600098 0.016537
7612.359863 0.016544
7614.109863 0.016501
7615.859863 0.016448
7617.620117 0.016335
7619.370117 0.016267
7621.120117 0.016273
7622.879883 0.016352
7624.640137 0.016491
7626.390137 0.016583
7628.149902 0.016584
7629.899902 0.016532
7631.660156 0.016485
7633.419922 0.016465
7635.180176 0.016472
7636.930176 0.016458
7638.689941 0.016445
7640.450195 0.016449
7642.209961 0.016467
7643.970215 0.016494
7645.729980 0.016507
7647.490234 0.016492
7649.250000 0.016433
7651.020020 0.016364
7652.779785 0.016268
7654.540039 0.016148
7656.299805 0.016018
7658.069824 0.015854
7659.830078 0.015693
7661.589844 0.015556
7663.359863 0.015418
7665.120117 0.015273
7666.890137 0.015207
7668.649902 0.015329
7670.419922 0.015552
7672.189941 0.015707
7673.950195 0.015808
7675.720215 0.015898
7677.490234 0.015942
7679.250000 0.015953
7681.020020 0.015937
7682.790039 0.015937
7684.560059 0.015969
7686.330078 0.015981
7688.100098 0.015977
7689.870117 0.015923
7691.640137 0.015848
7693.410156 0.015801
7695.189941 0.015773
7696.959961 0.015757
7698.729980 0.015692
7700.500000 0.015631
7702.279785 0.015680
7704.049805 0.015780
7705.819824 0.015846
7707.600098 0.015853
7709.370117 0.015788
7711.149902 0.015666
7712.919922 0.015543
7714.700195 0.015446
7716.479980 0.015427
7718.250000 0.015498
7720.029785 0.015611
7721.810059 0.015686
7723.589844 0.015725
7725.370117 0.015736
7727.149902 0.015760
7728.919922 0.015814
7730.700195 0.015877
7732.479980 0.015965
7734.270020 0.016024
7736.049805 0.016075
7737.830078 0.016123
7739.609863 0.016131
7741.390137 0.016093
7743.180176 0.015990
7744.959961 0.015845
7746.740234 0.015697
7748.529785 0.015569
7750.310059 0.015495
7752.089844 0.015534
7753.879883 0.015656
7755.669922 0.015760
7757.450195 0.015828
7759.240234 0.015858
7761.020020 0.015869
7762.810059 0.015886
7764.600098 0.015914
7766.390137 0.015933
7768.180176 0.015946
7769.970215 0.015944
7771.750000 0.015906
7773.540039 0.015847
7775.330078 0.015806
7777.120117 0.015809
7778.919922 0.015824
7780.709961 0.015812
7782.500000 0.015798
7784.290039 0.015808
7786.080078 0.015822
7787.879883 0.015807
7789.669922 0.015791
7791.459961 0.015790
7793.259766 0.015836
7795.049805 0.015874
7796.850098 0.015878
7798.640137 0.015859
7800.439941 0.015826
7802.240234 0.015819
7804.029785 0.015894
7805.830078 0.015954
7807.629883 0.015948
7809.430176 0.015925
7811.220215 0.015922
7813.020020 0.015956
7814.819824 0.016013
7816.620117 0.016095
7818.419922 0.016155
7820.220215 0.016186
7822.020020 0.016168
7823.819824 0.016146
7825.629883 0.016124
7827.430176 0.016074
7829.229980 0.015977
7831.029785 0.015844
7832.839844 0.015680
7834.640137 0.015558
7836.439941 0.015531
7838.250000 0.015552
7840.049805 0.015648
7841.859863 0.015752
7843.669922 0.015824
7845.470215 0.015866
7847.279785 0.015869
7849.089844 0.015849
7850.890137 0.015805
7852.700195 0.015747
7854.509766 0.015730
7856.319824 0.015771
7858.129883 0.015812
7859.939941 0.015865
7861.750000 0.015906
7863.560059 0.015918
7865.370117 0.015919
7867.180176 0.015910
7868.990234 0.015879
7870.799805 0.015811
7872.620117 0.015740
7874.430176 0.015686
7876.240234 0.015636
7878.060059 0.015627
7879.870117 0.015613
7881.689941 0.015600
7883.500000 0.015615
7885.319824 0.015656
7887.129883 0.015694
7888.950195 0.015749
7890.759766 0.015762
7892.580078 0.015732
7894.399902 0.015667
7896.220215 0.015533
7898.040039 0.015442
7899.850098 0.015443
7901.669922 0.015468
7903.490234 0.015498
7905.310059 0.015504
7907.129883 0.015484
7908.950195 0.015427
7910.779785 0.015304
7912.600098 0.015218
7914.419922 0.015132
7916.240234 0.015094
7918.069824 0.015093
7919.890137 0.015117
7921.709961 0.015150
7923.540039 0.015210
7925.359863 0.015228
7927.189941 0.015241
7929.009766 0.015243
7930.839844 0.015201
7932.660156 0.015143
7934.490234 0.015094
7936.319824 0.015077
7938.149902 0.015040
7939.970215 0.014987
7941.799805 0.014946
7943.629883 0.014898
7945.459961 0.014840
7947.290039 0.014824
7949.120117 0.014896
7950.950195 0.015047
7952.779785 0.015194
7954.609863 0.015283
7956.450195 0.015329
7958.279785 0.015350
7960.109863 0.015371
7961.939941 0.015412
7963.779785 0.015443
7965.609863 0.015456
7967.450195 0.015493
7969.279785 0.015540
7971.120117 0.015560
7972.950195 0.015564
7974.790039 0.015576
7976.620117 0.015556
7978.459961 0.015514
7980.299805 0.015470
7982.140137 0.015466
7983.970215 0.015490
7985.810059 0.015509
7987.649902 0.015471
7989.490234 0.015423
7991.330078 0.015443
7993.169922 0.015423
7995.009766 0.015355
7996.850098 0.015311
7998.689941 0.015256
8000.540039 0.015232
8002.379883 0.015289
8004.220215 0.015361
8006.060059 0.015445
8007.910156 0.015500
8009.750000 0.015549
8011.600098 0.015580
8013.439941 0.015603
8015.290039 0.015640
8017.129883 0.015674
8018.979980 0.015698
8020.830078 0.015685
8022.669922 0.015603
8024.520020 0.015490
8026.370117 0.015329
8028.220215 0.015188
8030.069824 0.015184
8031.910156 0.015327
8033.759766 0.015502
8035.609863 0.015642
8037.459961 0.015715
8039.319824 0.015752
8041.169922 0.015721
8043.020020 0.015613
8044.870117 0.015476
8046.720215 0.015294
8048.580078 0.015194
8050.430176 0.015206
8052.279785 0.015276
8054.140137 0.015375
8055.990234 0.015476
8057.850098 0.015560
8059.700195 0.015623
8061.560059 0.015629
8063.419922 0.015613
8065.270020 0.015564
8067.129883 0.015494
8068.990234 0.015401
8070.850098 0.015256
8072.709961 0.015166
8074.560059 0.015152
8076.419922 0.015187
8078.279785 0.015245
8080.140137 0.015286
8082.000000 0.015319
8083.870117 0.015312
8085.729980 0.015283
8087.589844 0.015269
8089.450195 0.015240
8091.310059 0.015179
8093.180176 0.015052
8095.040039 0.014970
8096.910156 0.014977
8098.770020 0.015037
8100.640137 0.015082
8102.500000 0.015148
8104.370117 0.015223
8106.229980 0.015241
8108.100098 0.015237
8109.970215 0.015241
8111.830078 0.015244
8113.700195 0.015247
8115.569824 0.015192
8117.439941 0.015106
8119.310059 0.015086
8121.180176 0.015186
8123.049805 0.015301
8124.919922 0.015397
8126.790039 0.015411
8128.660156 0.015405
8130.529785 0.015419
8132.410156 0.015405
8134.279785 0.015381
8136.149902 0.015408
8138.029785 0.015456
8139.899902 0.015463
8141.770020 0.015431
8143.649902 0.015415
8145.520020 0.015398
8147.399902 0.015381
8149.279785 0.015394
8151.149902 0.015418
8153.029785 0.015423
8154.910156 0.015449
8156.790039 0.015473
8158.660156 0.015467
8160.540039 0.015422
8162.419922 0.015329
8164.299805 0.015298
8166.180176 0.015337
8168.060059 0.015397
8169.939941 0.015424
8171.830078 0.015440
8173.709961 0.015444
8175.589844 0.015431
8177.470215 0.015427
8179.359863 0.015360
8181.240234 0.015235
8183.120117 0.015034
8185.009766 0.014873
8186.890137 0.014844
8188.779785 0.014918
8190.660156 0.015020
8192.549805 0.015056
8194.440430 0.014933
8196.320312 0.014712
8198.209961 0.014624
8200.099609 0.014674
8201.990234 0.014680
8203.879883 0.014675
8205.759766 0.014689
8207.660156 0.014667
8209.540039 0.014664
8211.440430 0.014683
8213.330078 0.014701
8215.219727 0.014669
8217.110352 0.014696
8219.000000 0.014730
8220.889648 0.014755
8222.790039 0.014784
8224.679688 0.014870
8226.580078 0.015021
8228.469727 0.015122
8230.360352 0.015130
8232.259766 0.015071
8234.160156 0.015004
8236.049805 0.014958
8237.950195 0.014990
8239.849609 0.014994
8241.740234 0.014997
8243.639648 0.015035
8245.540039 0.015035
8247.440430 0.014997
8249.339844 0.014962
8251.240234 0.014904
8253.139648 0.014812
8255.040039 0.014736
8256.940430 0.014697
8258.839844 0.014746
8260.740234 0.014848
8262.639648 0.014957
8264.549805 0.014982
8266.450195 0.014936
8268.349609 0.014892
8270.259766 0.014854
8272.160156 0.014822
8274.070312 0.014752
8275.969727 0.014666
8277.879883 0.014654
8279.790039 0.014687
8281.690430 0.014699
8283.599609 0.014688
8285.509766 0.014654
8287.419922 0.014597
8289.320312 0.014530
8291.230469 0.014476
8293.139648 0.014417
8295.049805 0.014385
8296.959961 0.014340
8298.870117 0.014310
8300.780273 0.014272
8302.700195 0.014219
8304.610352 0.014183
8306.519531 0.014101
8308.429688 0.014018
8310.349609 0.013928
8312.259766 0.013937
8314.169922 0.014049
8316.089844 0.014169
8318.000000 0.014249
8319.919922 0.014292
8321.830078 0.014272
8323.750000 0.014191
8325.669922 0.014107
8327.580078 0.013964
8329.500000 0.013871
8331.419922 0.013843
8333.339844 0.013819
8335.259766 0.013796
8337.179688 0.013789
8339.099609 0.013823
8341.019531 0.013875
8342.940430 0.013949
8344.860352 0.013958
8346.780273 0.013858
8348.700195 0.013811
