3450.000000 -0.058603
3450.790039 -0.058677
3451.590088 -0.060089
3452.379883 -0.061611
3453.179932 -0.060594
3453.969971 -0.062305
3454.770020 -0.061743
3455.570068 -0.058887
3456.360107 -0.060156
3457.159912 -0.062982
3457.949951 -0.060954
3458.750000 -0.061461
3459.550049 -0.064243
3460.340088 -0.062358
3461.139893 -0.059750
3461.939941 -0.059992
3462.729980 -0.059460
3463.530029 -0.059706
3464.330078 -0.059446
3465.129883 -0.061520
3465.919922 -0.059710
3466.719971 -0.059194
3467.520020 -0.061524
3468.320068 -0.062537
3469.120117 -0.062088
3469.919922 -0.059246
3470.719971 -0.058772
3471.520020 -0.060296
3472.310059 -0.059363
3473.110107 -0.057070
3473.909912 -0.059377
3474.709961 -0.060099
3475.510010 -0.059845
3476.310059 -0.061011
3477.120117 -0.060020
3477.919922 -0.059365
3478.719971 -0.059902
3479.520020 -0.059093
3480.320068 -0.057744
3481.120117 -0.058561
3481.919922 -0.058935
3482.719971 -0.058586
3483.530029 -0.058616
3484.330078 -0.060453
3485.129883 -0.061790
3485.929932 -0.061161
3486.739990 -0.056798
3487.540039 -0.056585
3488.340088 -0.058317
3489.149902 -0.058225
3489.949951 -0.060453
3490.750000 -0.059322
3491.560059 -0.057702
3492.360107 -0.057672
3493.169922 -0.056209
3493.969971 -0.057362
3494.770020 -0.058258
3495.580078 -0.056946
3496.379883 -0.057685
3497.189941 -0.055934
3497.989990 -0.055840
3498.800049 -0.057592
3499.610107 -0.057287
3500.409912 -0.056209
3501.219971 -0.055858
3502.020020 -0.054097
3502.830078 -0.055457
3503.639893 -0.056979
3504.439941 -0.054812
3505.250000 -0.054739
3506.060059 -0.058207
3506.870117 -0.060720
3507.669922 -0.058490
3508.479980 -0.057310
3509.290039 -0.055581
3510.100098 -0.056226
3510.909912 -0.057021
3511.709961 -0.054349
3512.520020 -0.055739
3513.330078 -0.054027
3514.139893 -0.053265
3514.949951 -0.054303
3515.760010 -0.053419
3516.570068 -0.052606
3517.379883 -0.052832
3518.189941 -0.052384
3519.000000 -0.051921
3519.810059 -0.052631
3520.620117 -0.049762
3521.429932 -0.050524
3522.239990 -0.051240
3523.050049 -0.048092
3523.860107 -0.048141
3524.679932 -0.047772
3525.489990 -0.047825
3526.300049 -0.048145
3527.110107 -0.046789
3527.919922 -0.045023
3528.739990 -0.045758
3529.550049 -0.045412
3530.360107 -0.044113
3531.169922 -0.045783
3531.989990 -0.048007
3532.800049 -0.048066
3533.610107 -0.048112
3534.429932 -0.047322
3535.239990 -0.046339
3536.060059 -0.047745
3536.870117 -0.047151
3537.679932 -0.047861
3538.500000 -0.046899
3539.310059 -0.046302
3540.129883 -0.044875
3540.939941 -0.044864
3541.760010 -0.043585
3542.580078 -0.042754
3543.389893 -0.044720
3544.209961 -0.042862
3545.020020 -0.041353
3545.840088 -0.040536
3546.659912 -0.044068
3547.469971 -0.044564
3548.290039 -0.041972
3549.110107 -0.042172
3549.919922 -0.042286
3550.739990 -0.040569
3551.560059 -0.038555
3552.379883 -0.039826
3553.199951 -0.039241
3554.010010 -0.039477
3554.830078 -0.040359
3555.649902 -0.038601
3556.469971 -0.038925
3557.290039 -0.038092
3558.110107 -0.036558
3558.929932 -0.037508
3559.750000 -0.038773
3560.570068 -0.039070
3561.389893 -0.034921
3562.209961 -0.034721
3563.030029 -0.034572
3563.850098 -0.033397
3564.669922 -0.034683
3565.489990 -0.034352
3566.310059 -0.036315
3567.129883 -0.034536
3567.949951 -0.031638
3568.770020 -0.032948
3569.600098 -0.031719
3570.419922 -0.032607
3571.239990 -0.032052
3572.060059 -0.032726
3572.889893 -0.033223
3573.709961 -0.033912
3574.530029 -0.032246
3575.350098 -0.031446
3576.179932 -0.030685
3577.000000 -0.029031
3577.820068 -0.028848
3578.649902 -0.028904
3579.469971 -0.029383
3580.300049 -0.030074
3581.120117 -0.030051
3581.949951 -0.028890
3582.770020 -0.026755
3583.600098 -0.024324
3584.419922 -0.024890
3585.250000 -0.026309
3586.070068 -0.027457
3586.899902 -0.028045
3587.719971 -0.028373
3588.550049 -0.027818
3589.379883 -0.027315
3590.199951 -0.024757
3591.030029 -0.026406
3591.860107 -0.028503
3592.679932 -0.027170
3593.510010 -0.028489
3594.340088 -0.029686
3595.169922 -0.030280
3596.000000 -0.029424
3596.820068 -0.028235
3597.649902 -0.028670
3598.479980 -0.030248
3599.310059 -0.030606
3600.139893 -0.030309
3600.969971 -0.029653
3601.800049 -0.028990
3602.629883 -0.029823
3603.449951 -0.030061
3604.280029 -0.030250
3605.110107 -0.028897
3605.949951 -0.027448
3606.780029 -0.026720
3607.610107 -0.025868
3608.439941 -0.025106
3609.270020 -0.026221
3610.100098 -0.026064
3610.929932 -0.025963
3611.760010 -0.024932
3612.590088 -0.024898
3613.429932 -0.025622
3614.260010 -0.027188
3615.090088 -0.025856
3615.919922 -0.025196
3616.760010 -0.024027
3617.590088 -0.024806
3618.419922 -0.027157
3619.250000 -0.027469
3620.090088 -0.026640
3620.919922 -0.025751
3621.760010 -0.024221
3622.590088 -0.023573
3623.419922 -0.025670
3624.260010 -0.025375
3625.090088 -0.026177
3625.929932 -0.026403
3626.760010 -0.025774
3627.600098 -0.024089
3628.429932 -0.023573
3629.270020 -0.024886
3630.100098 -0.025466
3630.939941 -0.027834
3631.780029 -0.027555
3632.610107 -0.026160
3633.449951 -0.024188
3634.290039 -0.023169
3635.120117 -0.022820
3635.959961 -0.022656
3636.800049 -0.023837
3637.629883 -0.023333
3638.469971 -0.023437
3639.310059 -0.022707
3640.149902 -0.022266
3640.989990 -0.023095
3641.830078 -0.023538
3642.659912 -0.023795
3643.500000 -0.023483
3644.340088 -0.023861
3645.179932 -0.023836
3646.020020 -0.023351
3646.860107 -0.022499
3647.699951 -0.022032
3648.540039 -0.022145
3649.379883 -0.022922
3650.219971 -0.022614
3651.060059 -0.021218
3651.899902 -0.021807
3652.739990 -0.021540
3653.580078 -0.022394
3654.429932 -0.022561
3655.270020 -0.023054
3656.110107 -0.024928
3656.949951 -0.024874
3657.790039 -0.023387
3658.639893 -0.023738
3659.479980 -0.024526
3660.320068 -0.023836
3661.159912 -0.024066
3662.010010 -0.024202
3662.850098 -0.023689
3663.689941 -0.023202
3664.540039 -0.022972
3665.379883 -0.022411
3666.219971 -0.021356
3667.070068 -0.020710
3667.909912 -0.020910
3668.760010 -0.021873
3669.600098 -0.023324
3670.449951 -0.023813
3671.290039 -0.022206
3672.139893 -0.021191
3672.979980 -0.020888
3673.830078 -0.021823
3674.679932 -0.020796
3675.520020 -0.020504
3676.370117 -0.020336
3677.219971 -0.021132
3678.060059 -0.022141
3678.909912 -0.021652
3679.760010 -0.020617
3680.600098 -0.020601
3681.449951 -0.020544
3682.300049 -0.018810
3683.149902 -0.017998
3684.000000 -0.018396
3684.840088 -0.017884
3685.689941 -0.018853
3686.540039 -0.019626
3687.389893 -0.019555
3688.239990 -0.019540
3689.090088 -0.019703
3689.939941 -0.018552
3690.790039 -0.017643
3691.639893 -0.017298
3692.489990 -0.018165
3693.340088 -0.019183
3694.189941 -0.018888
3695.040039 -0.019548
3695.889893 -0.019115
3696.739990 -0.019046
3697.590088 -0.019866
3698.439941 -0.020059
3699.300049 -0.019360
3700.149902 -0.018023
3701.000000 -0.017200
3701.850098 -0.018562
3702.699951 -0.019190
3703.560059 -0.018708
3704.409912 -0.018051
3705.260010 -0.019034
3706.120117 -0.018874
3706.969971 -0.017834
3707.820068 -0.016181
3708.679932 -0.014952
3709.530029 -0.015240
3710.389893 -0.017095
3711.239990 -0.017971
3712.100098 -0.018886
3712.949951 -0.018999
3713.800049 -0.018264
3714.659912 -0.016869
3715.520020 -0.016605
3716.370117 -0.016119
3717.229980 -0.014809
3718.080078 -0.014038
3718.939941 -0.015351
3719.800049 -0.017471
3720.649902 -0.019520
3721.510010 -0.021375
3722.370117 -0.023735
3723.219971 -0.026514
3724.080078 -0.027119
3724.939941 -0.017515
3725.800049 0.002174
3726.649902 0.013572
3727.510010 0.011451
3728.370117 0.018150
3729.229980 0.031352
3730.090088 0.025781
3730.949951 -0.002858
3731.810059 -0.027258
3732.669922 -0.029787
3733.530029 -0.024581
3734.389893 -0.021897
3735.250000 -0.019359
3736.110107 -0.017708
3736.969971 -0.015551
3737.830078 -0.012978
3738.689941 -0.011185
3739.550049 -0.008852
3740.409912 -0.006886
3741.270020 -0.007125
3742.129883 -0.008394
3742.989990 -0.008696
3743.860107 -0.008719
3744.719971 -0.009640
3745.580078 -0.010257
3746.439941 -0.010586
3747.310059 -0.011339
3748.169922 -0.012192
3749.030029 -0.014248
3749.889893 -0.016205
3750.760010 -0.015803
3751.620117 -0.013983
3752.489990 -0.013637
3753.350098 -0.012152
3754.209961 -0.011108
3755.080078 -0.010127
3755.939941 -0.008026
3756.810059 -0.008897
3757.669922 -0.011204
3758.540039 -0.013017
3759.399902 -0.014037
3760.270020 -0.012031
3761.139893 -0.009272
3762.000000 -0.007933
3762.870117 -0.007245
3763.739990 -0.007864
3764.600098 -0.009062
3765.469971 -0.008583
3766.340088 -0.009412
3767.199951 -0.011175
3768.070068 -0.012285
3768.939941 -0.013191
3769.810059 -0.014822
3770.679932 -0.016601
3771.540039 -0.017551
3772.409912 -0.016377
3773.280029 -0.013997
3774.149902 -0.012688
3775.020020 -0.012334
3775.889893 -0.011982
3776.760010 -0.011040
3777.629883 -0.009850
3778.500000 -0.010223
3779.370117 -0.010004
3780.239990 -0.009315
3781.110107 -0.008443
3781.979980 -0.008215
3782.850098 -0.008800
3783.719971 -0.008543
3784.590088 -0.008172
3785.459961 -0.007514
3786.340088 -0.007858
3787.209961 -0.009433
3788.080078 -0.009115
3788.949951 -0.007904
3789.820068 -0.007604
3790.699951 -0.006935
3791.570068 -0.006451
3792.439941 -0.005791
3793.320068 -0.007249
3794.189941 -0.008830
3795.060059 -0.010261
3795.939941 -0.011743
3796.810059 -0.012394
3797.689941 -0.013063
3798.560059 -0.014679
3799.439941 -0.016135
3800.310059 -0.014558
3801.189941 -0.011095
3802.060059 -0.008605
3802.939941 -0.007811
3803.810059 -0.006219
3804.689941 -0.004904
3805.560059 -0.005692
3806.439941 -0.006637
3807.320068 -0.008406
3808.189941 -0.007350
3809.070068 -0.004200
3809.949951 -0.003152
3810.830078 -0.001424
3811.699951 -0.000826
3812.580078 -0.002287
3813.459961 -0.003728
3814.340088 -0.005323
3815.219971 -0.005445
3816.090088 -0.005166
3816.969971 -0.003286
3817.850098 -0.001032
3818.729980 0.001113
3819.610107 0.001351
3820.489990 -0.001909
3821.370117 -0.004788
3822.250000 -0.002123
3823.129883 0.001660
3824.010010 0.001493
3824.889893 -0.000292
3825.770020 -0.003474
3826.649902 -0.002981
3827.530029 -0.001935
3828.419922 -0.001879
3829.300049 -0.002012
3830.179932 -0.001665
3831.060059 -0.000896
3831.939941 -0.002672
3832.830078 -0.005274
3833.709961 -0.008287
3834.590088 -0.009516
3835.469971 -0.008437
3836.360107 -0.008279
3837.239990 -0.007123
3838.120117 -0.007346
3839.010010 -0.006976
3839.889893 -0.006147
3840.780029 -0.005942
3841.659912 -0.004313
3842.550049 -0.002376
3843.429932 -0.000491
3844.320068 0.000789
3845.199951 0.000490
3846.090088 0.000373
3846.969971 0.001186
3847.860107 0.001436
3848.739990 0.001095
3849.629883 0.000949
3850.520020 0.000314
3851.399902 0.000460
3852.290039 0.001932
3853.179932 0.002247
3854.070068 0.003868
3854.949951 0.004084
3855.840088 0.002627
3856.729980 0.002282
3857.620117 0.003118
3858.510010 0.003665
3859.389893 0.002446
3860.280029 0.000299
3861.169922 -0.000393
3862.060059 0.002250
3862.949951 0.003725
3863.840088 0.003252
3864.729980 0.001429
3865.620117 -0.000617
3866.510010 -0.003596
3867.399902 -0.008324
3868.290039 -0.015832
3869.179932 -0.023103
3870.070068 -0.023140
3870.959961 -0.015706
3871.850098 -0.009260
3872.750000 -0.005939
3873.639893 -0.003965
3874.530029 -0.001295
3875.419922 0.001015
3876.320068 0.003183
3877.209961 0.001425
3878.100098 -0.001744
3878.989990 -0.002449
3879.889893 -0.001621
3880.780029 0.000285
3881.669922 0.000453
3882.570068 -0.001491
3883.459961 -0.002322
3884.360107 -0.002215
3885.250000 -0.003205
3886.149902 -0.006949
3887.040039 -0.012398
3887.939941 -0.014240
3888.830078 -0.012678
3889.729980 -0.012127
3890.620117 -0.013317
3891.520020 -0.013142
3892.409912 -0.012302
3893.310059 -0.010700
3894.209961 -0.009061
3895.100098 -0.009192
3896.000000 -0.008691
3896.899902 -0.006791
3897.800049 -0.005952
3898.689941 -0.006091
3899.590088 -0.007351
3900.489990 -0.006531
3901.389893 -0.004863
3902.290039 -0.003445
3903.179932 -0.002364
3904.080078 -0.001836
3904.979980 -0.002499
3905.879883 -0.003369
3906.780029 -0.004169
3907.679932 -0.004038
3908.580078 -0.002330
3909.479980 -0.000976
3910.379883 -0.000973
3911.280029 -0.001345
3912.179932 -0.001193
3913.080078 -0.001296
3913.979980 -0.002753
3914.889893 -0.003684
3915.790039 -0.003140
3916.689941 -0.002431
3917.590088 -0.002038
3918.489990 -0.001427
3919.399902 -0.000528
3920.300049 -0.000714
3921.199951 -0.000916
3922.100098 -0.000904
3923.010010 0.000232
3923.909912 0.001681
3924.810059 0.003059
3925.719971 0.003785
3926.620117 0.003151
3927.530029 0.003102
3928.429932 0.003064
3929.340088 0.002527
3930.239990 0.002427
3931.149902 0.002089
3932.050049 0.000138
3932.959961 -0.002973
3933.860107 -0.006600
3934.770020 -0.007515
3935.669922 -0.004530
3936.580078 -0.000382
3937.489990 0.002257
3938.389893 0.003696
3939.300049 0.004972
3940.209961 0.005517
3941.110107 0.005693
3942.020020 0.005587
3942.929932 0.004166
3943.840088 0.003713
3944.750000 0.003152
3945.649902 0.002939
3946.560059 0.003341
3947.469971 0.003233
3948.379883 0.001734
3949.290039 -0.000366
3950.199951 -0.001347
3951.110107 -0.000468
3952.020020 -0.000904
3952.929932 -0.002003
3953.840088 -0.002312
3954.750000 -0.001498
3955.659912 -0.001237
3956.570068 -0.002015
3957.479980 -0.002808
3958.389893 -0.002790
3959.310059 -0.000175
3960.219971 0.001506
3961.129883 0.001563
3962.040039 0.000462
3962.949951 -0.000821
3963.870117 -0.001059
3964.780029 -0.001601
3965.689941 -0.003555
3966.610107 -0.008107
3967.520020 -0.014744
3968.429932 -0.019614
3969.350098 -0.019129
3970.260010 -0.013774
3971.179932 -0.008472
3972.090088 -0.006414
3973.000000 -0.006585
3973.919922 -0.006054
3974.830078 -0.004547
3975.750000 -0.003448
3976.669922 -0.003108
3977.580078 -0.003083
3978.500000 -0.002899
3979.409912 -0.001929
3980.330078 -0.001585
3981.250000 -0.001157
3982.159912 -0.002281
3983.080078 -0.003537
3984.000000 -0.003154
3984.919922 -0.002236
3985.830078 -0.001803
3986.750000 -0.001695
3987.669922 -0.001260
3988.590088 -0.000739
3989.510010 -0.000133
3990.419922 -0.001034
3991.340088 -0.001929
3992.260010 -0.000406
3993.179932 0.000536
3994.100098 0.000736
3995.020020 0.000270
3995.939941 -0.000351
3996.860107 -0.001244
3997.780029 -0.001990
3998.699951 -0.002010
3999.620117 -0.001314
4000.540039 0.000316
4001.469971 0.001331
4002.389893 0.001158
4003.310059 0.001583
4004.229980 0.002034
4005.149902 0.000007
4006.080078 -0.002135
4007.000000 -0.001978
4007.919922 -0.000304
4008.840088 0.001802
4009.770020 0.002089
4010.689941 0.001648
4011.610107 0.001128
4012.540039 0.000954
4013.459961 0.000676
4014.389893 0.000540
4015.310059 0.000451
4016.229980 0.001160
4017.159912 0.000823
4018.080078 0.000198
4019.010010 0.000601
4019.939941 0.002270
4020.860107 0.003434
4021.790039 0.002066
4022.709961 0.001329
4023.639893 0.001146
4024.570068 0.000658
4025.489990 -0.000122
4026.419922 -0.000005
4027.350098 0.002201
4028.270020 0.003997
4029.199951 0.005096
4030.129883 0.004457
4031.060059 0.002303
4031.989990 0.001229
4032.919922 0.001394
4033.840088 0.002936
4034.770020 0.004138
4035.699951 0.004727
4036.629883 0.005347
4037.560059 0.006052
4038.489990 0.007324
4039.419922 0.007080
4040.350098 0.004883
4041.280029 0.003525
4042.209961 0.004129
4043.139893 0.005904
4044.070068 0.006379
4045.010010 0.004355
4045.939941 0.000744
4046.870117 0.000403
4047.800049 0.004250
4048.729980 0.006547
4049.669922 0.008028
4050.600098 0.008686
4051.530029 0.007023
4052.459961 0.006702
4053.399902 0.005787
4054.330078 0.004013
4055.260010 0.004779
4056.199951 0.005840
4057.129883 0.006454
4058.070068 0.006380
4059.000000 0.006345
4059.939941 0.008136
4060.870117 0.010727
4061.810059 0.010936
4062.739990 0.008127
4063.679932 0.003876
4064.610107 0.002495
4065.550049 0.005084
4066.479980 0.006896
4067.419922 0.006631
4068.360107 0.008231
4069.290039 0.009768
4070.229980 0.010100
4071.169922 0.006914
4072.110107 0.003287
4073.040039 0.002906
4073.979980 0.006247
4074.919922 0.008603
4075.860107 0.008275
4076.800049 0.005852
4077.739990 0.002528
4078.669922 0.001593
4079.610107 0.002306
4080.550049 0.005168
4081.489990 0.008037
4082.429932 0.008009
4083.370117 0.006266
4084.310059 0.004497
4085.250000 0.002141
4086.199951 0.001814
4087.139893 0.002227
4088.080078 0.003718
4089.020020 0.004640
4089.959961 0.004270
4090.899902 0.003054
4091.840088 0.002842
4092.790039 0.002751
4093.729980 0.002482
4094.669922 0.002870
4095.610107 0.002396
4096.560059 0.000409
4097.500000 -0.000606
4098.439941 -0.001682
4099.390137 -0.002752
4100.330078 -0.004040
4101.279785 -0.004282
4102.220215 -0.001713
4103.169922 -0.001099
4104.109863 -0.003865
4105.060059 -0.005053
4106.000000 -0.002314
4106.950195 0.000595
4107.890137 0.002062
4108.839844 0.002626
4109.779785 0.002750
4110.729980 0.002258
4111.680176 0.003198
4112.620117 0.004141
4113.569824 0.005811
4114.520020 0.007752
4115.470215 0.008624
4116.410156 0.009327
4117.359863 0.009539
4118.310059 0.008506
4119.259766 0.006847
4120.209961 0.006222
4121.160156 0.007481
4122.109863 0.008749
4123.049805 0.008986
4124.000000 0.008828
4124.950195 0.010315
4125.899902 0.011804
4126.850098 0.011539
4127.799805 0.009939
4128.750000 0.008847
4129.709961 0.009660
4130.660156 0.010702
4131.609863 0.010048
4132.560059 0.009432
4133.509766 0.007973
4134.459961 0.008130
4135.419922 0.010282
4136.370117 0.012370
4137.319824 0.013419
4138.270020 0.014173
4139.229980 0.014497
4140.180176 0.015944
4141.129883 0.017012
4142.089844 0.014753
4143.040039 0.010809
4143.990234 0.007604
4144.950195 0.008334
4145.899902 0.011777
4146.859863 0.014690
4147.810059 0.016625
4148.770020 0.016749
4149.720215 0.015288
4150.680176 0.014020
4151.629883 0.014659
4152.589844 0.015710
4153.549805 0.015091
4154.500000 0.014029
4155.459961 0.013384
4156.419922 0.013126
4157.370117 0.013357
4158.330078 0.014150
4159.290039 0.015681
4160.250000 0.016109
4161.200195 0.014633
4162.160156 0.013969
4163.120117 0.015274
4164.080078 0.015317
4165.040039 0.014871
4166.000000 0.015002
4166.959961 0.014958
4167.919922 0.014597
4168.879883 0.014642
4169.839844 0.016334
4170.799805 0.016929
4171.759766 0.014970
4172.720215 0.012150
4173.680176 0.010234
4174.640137 0.010971
4175.600098 0.013303
4176.560059 0.015114
4177.529785 0.015141
4178.490234 0.013745
4179.450195 0.013966
4180.410156 0.015750
4181.370117 0.015682
4182.339844 0.014314
4183.299805 0.013630
4184.259766 0.014073
4185.229980 0.014831
4186.189941 0.014932
4187.160156 0.013480
4188.120117 0.011321
4189.080078 0.010977
4190.049805 0.013043
4191.009766 0.014203
4191.979980 0.013849
4192.939941 0.014313
4193.910156 0.016301
4194.879883 0.016670
4195.839844 0.015406
4196.810059 0.014523
4197.770020 0.013285
4198.740234 0.012177
4199.709961 0.011574
4200.680176 0.013304
4201.640137 0.013843
4202.609863 0.012882
4203.580078 0.012503
4204.549805 0.012886
4205.509766 0.013028
4206.479980 0.013180
4207.450195 0.013546
4208.419922 0.013895
4209.390137 0.014295
4210.359863 0.013106
4211.330078 0.013240
4212.299805 0.015054
4213.270020 0.016636
4214.240234 0.016145
4215.209961 0.013436
4216.180176 0.010422
4217.149902 0.010276
4218.120117 0.012268
4219.089844 0.013560
4220.060059 0.013282
4221.040039 0.013886
4222.009766 0.014787
4222.979980 0.014723
4223.950195 0.014124
4224.930176 0.012931
4225.899902 0.010563
4226.870117 0.006837
4227.850098 0.005882
4228.819824 0.010082
4229.790039 0.015389
4230.770020 0.018054
4231.740234 0.017991
4232.720215 0.015438
4233.689941 0.011787
4234.669922 0.010873
4235.640137 0.011407
4236.620117 0.010755
4237.589844 0.009335
4238.569824 0.009910
4239.540039 0.011278
4240.520020 0.012172
4241.500000 0.012239
4242.470215 0.011755
4243.450195 0.010121
4244.430176 0.010341
4245.399902 0.011800
4246.379883 0.011718
4247.359863 0.010455
4248.339844 0.008941
4249.319824 0.009196
4250.299805 0.009542
4251.270020 0.008859
4252.250000 0.011019
4253.229980 0.013690
4254.209961 0.012798
4255.189941 0.010162
4256.169922 0.010431
4257.149902 0.013662
4258.129883 0.015217
4259.109863 0.013283
4260.089844 0.009802
4261.069824 0.007114
4262.060059 0.007176
4263.040039 0.009658
4264.020020 0.012391
4265.000000 0.013528
4265.979980 0.013619
4266.970215 0.013477
4267.950195 0.012868
4268.930176 0.012590
4269.910156 0.012836
4270.899902 0.011458
4271.879883 0.009224
4272.859863 0.008823
4273.850098 0.010404
4274.830078 0.011603
4275.819824 0.011641
4276.799805 0.012561
4277.790039 0.014866
4278.770020 0.016133
4279.759766 0.014279
4280.740234 0.011615
4281.729980 0.010054
4282.709961 0.010242
4283.700195 0.010948
4284.689941 0.012017
4285.669922 0.012212
4286.660156 0.012109
4287.649902 0.013564
4288.640137 0.012938
4289.620117 0.009998
4290.609863 0.007137
4291.600098 0.007856
4292.589844 0.011457
4293.580078 0.013876
4294.560059 0.014049
4295.549805 0.013238
4296.540039 0.012942
4297.529785 0.013556
4298.520020 0.013515
4299.509766 0.010812
4300.500000 0.008470
4301.490234 0.009577
4302.479980 0.011757
4303.470215 0.012450
4304.459961 0.013715
4305.459961 0.015837
4306.450195 0.015947
4307.439941 0.014522
4308.430176 0.012467
4309.419922 0.010835
4310.419922 0.011483
4311.410156 0.013039
4312.399902 0.012861
4313.390137 0.011196
4314.390137 0.008755
4315.379883 0.006439
4316.370117 0.007480
4317.370117 0.009943
4318.359863 0.010052
4319.359863 0.009250
4320.350098 0.008218
4321.350098 0.007871
4322.339844 0.008232
4323.339844 0.008559
4324.330078 0.006989
4325.330078 0.003175
4326.319824 0.000281
4327.319824 0.001707
4328.319824 0.005759
4329.310059 0.008617
4330.310059 0.007457
4331.310059 0.004388
4332.310059 0.001965
4333.299805 0.001253
4334.299805 0.001208
4335.299805 0.001186
4336.299805 0.000492
4337.299805 -0.002971
4338.290039 -0.008056
4339.290039 -0.008902
4340.290039 -0.000552
4341.290039 0.006951
4342.290039 0.004642
4343.290039 -0.002978
4344.290039 -0.007442
4345.290039 -0.004963
4346.290039 -0.000954
4347.290039 0.000099
4348.299805 0.000757
4349.299805 0.002667
4350.299805 0.004412
4351.299805 0.003360
4352.299805 -0.000269
4353.310059 -0.001063
4354.310059 0.003109
4355.310059 0.006603
4356.310059 0.007509
4357.319824 0.008035
4358.319824 0.007886
4359.319824 0.005226
4360.330078 0.003023
4361.330078 0.003649
4362.339844 0.004113
4363.339844 0.003194
4364.350098 0.002360
4365.350098 0.003988
4366.359863 0.005933
4367.359863 0.005034
4368.370117 0.003482
4369.370117 0.004025
4370.379883 0.005740
4371.390137 0.007357
4372.390137 0.008765
4373.399902 0.009426
4374.410156 0.007489
4375.410156 0.004497
4376.419922 0.004786
4377.430176 0.007547
4378.439941 0.011373
4379.450195 0.013196
4380.450195 0.013247
4381.459961 0.014251
4382.470215 0.012007
4383.479980 0.007084
4384.490234 0.002749
4385.500000 0.002677
4386.509766 0.008018
4387.520020 0.012150
4388.529785 0.012374
4389.540039 0.011407
4390.549805 0.010104
4391.560059 0.009553
4392.569824 0.010241
4393.589844 0.010936
4394.600098 0.009671
4395.609863 0.006376
4396.620117 0.006647
4397.629883 0.009640
4398.649902 0.011283
4399.660156 0.009366
4400.669922 0.006648
4401.689941 0.005987
4402.700195 0.009602
4403.709961 0.011949
4404.729980 0.008514
4405.740234 0.005907
4406.759766 0.007575
4407.770020 0.009817
4408.790039 0.008326
4409.799805 0.007251
4410.819824 0.008460
4411.830078 0.010183
4412.850098 0.011385
4413.870117 0.010833
4414.879883 0.007045
4415.899902 0.002944
4416.919922 0.001965
4417.930176 0.003815
4418.950195 0.006195
4419.970215 0.007880
4420.990234 0.008714
4422.000000 0.007673
4423.020020 0.005693
4424.040039 0.005859
4425.060059 0.007085
4426.080078 0.006885
4427.100098 0.005931
4428.120117 0.006035
4429.140137 0.006580
4430.160156 0.006417
4431.180176 0.006054
4432.200195 0.006724
4433.220215 0.008473
4434.240234 0.007784
4435.259766 0.005041
4436.279785 0.003292
4437.299805 0.005063
4438.319824 0.008669
4439.350098 0.011173
4440.370117 0.010781
4441.390137 0.008155
4442.410156 0.004554
4443.439941 0.001497
4444.459961 0.001281
4445.479980 0.004289
4446.509766 0.006391
4447.529785 0.006762
4448.560059 0.006230
4449.580078 0.005534
4450.609863 0.005472
4451.629883 0.005729
4452.660156 0.007176
4453.680176 0.008351
4454.709961 0.007193
4455.729980 0.005147
4456.759766 0.005801
4457.779785 0.007931
4458.810059 0.009686
4459.839844 0.009530
4460.870117 0.007730
4461.890137 0.006910
4462.919922 0.006707
4463.950195 0.007663
4464.979980 0.009266
4466.000000 0.008874
4467.029785 0.007451
4468.060059 0.005979
4469.089844 0.004924
4470.120117 0.004008
4471.149902 0.003636
4472.180176 0.004504
4473.209961 0.006534
4474.240234 0.007388
4475.270020 0.006935
4476.299805 0.006117
4477.330078 0.006176
4478.359863 0.007925
4479.390137 0.007694
4480.419922 0.004458
4481.459961 0.001198
4482.490234 -0.000465
4483.520020 0.001237
4484.549805 0.005131
4485.580078 0.007497
4486.620117 0.008775
4487.649902 0.008197
4488.680176 0.005600
4489.720215 0.003390
4490.750000 0.002476
4491.790039 0.004900
4492.819824 0.007904
4493.859863 0.009032
4494.890137 0.006903
4495.930176 0.005042
4496.959961 0.005285
4498.000000 0.006192
4499.029785 0.007596
4500.069824 0.008079
4501.100098 0.005849
4502.140137 0.003357
4503.180176 0.003535
4504.209961 0.005127
4505.250000 0.006846
4506.290039 0.006720
4507.330078 0.004482
4508.370117 0.003318
4509.399902 0.003398
4510.439941 0.004310
4511.479980 0.005546
4512.520020 0.006668
4513.560059 0.006430
4514.600098 0.004691
4515.640137 0.004207
4516.680176 0.005021
4517.720215 0.005389
4518.759766 0.004772
4519.799805 0.004210
4520.839844 0.005544
4521.879883 0.006498
4522.919922 0.005725
4523.959961 0.005129
4525.009766 0.005204
4526.049805 0.006184
4527.089844 0.006925
4528.129883 0.006503
4529.169922 0.006103
4530.220215 0.006636
4531.259766 0.008210
4532.299805 0.009966
4533.350098 0.010078
4534.390137 0.007707
4535.439941 0.004364
4536.479980 0.004337
4537.529785 0.007607
4538.569824 0.010445
4539.620117 0.010058
4540.660156 0.007511
4541.709961 0.005243
4542.750000 0.005449
4543.799805 0.007025
4544.850098 0.007372
4545.890137 0.006439
4546.939941 0.006294
4547.990234 0.007373
4549.029785 0.006312
4550.080078 0.004330
4551.129883 0.004205
4552.180176 0.005624
4553.220215 0.006077
4554.270020 0.004570
4555.319824 0.002235
4556.370117 0.001395
4557.419922 0.003273
4558.470215 0.005300
4559.520020 0.005672
4560.569824 0.005423
4561.620117 0.005974
4562.669922 0.006254
4563.720215 0.005404
4564.770020 0.003590
4565.819824 0.002085
4566.870117 0.002964
4567.930176 0.005661
4568.979980 0.007516
4570.029785 0.007948
4571.080078 0.005590
4572.140137 0.002785
4573.189941 0.002451
4574.240234 0.005174
4575.290039 0.007113
4576.350098 0.006861
4577.399902 0.007013
4578.459961 0.007337
4579.509766 0.006619
4580.569824 0.004696
4581.620117 0.003936
4582.680176 0.004288
4583.729980 0.005086
4584.790039 0.005629
4585.839844 0.004965
4586.899902 0.004819
4587.950195 0.005815
4589.009766 0.006716
4590.069824 0.007653
4591.120117 0.007338
4592.180176 0.005258
4593.240234 0.004825
4594.299805 0.006032
4595.359863 0.006240
4596.410156 0.006380
4597.470215 0.007334
4598.529785 0.007801
4599.589844 0.007755
4600.649902 0.007660
4601.709961 0.006681
4602.770020 0.005727
4603.830078 0.006331
4604.890137 0.006911
4605.950195 0.006149
4607.009766 0.005776
4608.069824 0.005800
4609.129883 0.007044
4610.189941 0.008181
4611.250000 0.007235
4612.319824 0.005019
4613.379883 0.004366
4614.439941 0.004186
4615.500000 0.004412
4616.569824 0.005040
4617.629883 0.004667
4618.689941 0.004301
4619.759766 0.003674
4620.819824 0.003368
4621.879883 0.004526
4622.950195 0.005285
4624.009766 0.005500
4625.080078 0.005106
4626.140137 0.005296
4627.209961 0.005181
4628.270020 0.005282
4629.339844 0.005149
4630.410156 0.004669
4631.470215 0.005485
4632.540039 0.007006
4633.609863 0.006334
4634.669922 0.005450
4635.740234 0.005861
4636.810059 0.006643
4637.879883 0.006732
4638.939941 0.006522
4640.009766 0.006905
4641.080078 0.007917
4642.149902 0.009226
4643.220215 0.010694
4644.290039 0.010636
4645.359863 0.009939
4646.430176 0.008420
4647.500000 0.006391
4648.569824 0.006349
4649.640137 0.007734
4650.709961 0.009145
4651.779785 0.010277
4652.850098 0.010367
4653.919922 0.009354
4654.990234 0.007782
4656.069824 0.005859
4657.140137 0.005073
4658.209961 0.006613
4659.279785 0.009208
4660.359863 0.010904
4661.430176 0.010169
4662.500000 0.008535
4663.580078 0.007795
4664.649902 0.008979
4665.720215 0.010053
4666.799805 0.009080
4667.870117 0.006738
4668.950195 0.005423
4670.020020 0.007447
4671.100098 0.010086
4672.169922 0.011614
4673.250000 0.011462
4674.330078 0.009602
4675.399902 0.008939
4676.479980 0.010769
4677.560059 0.011710
4678.629883 0.010670
4679.709961 0.009055
4680.790039 0.007934
4681.870117 0.007062
4682.950195 0.007301
4684.020020 0.008125
4685.100098 0.008606
4686.180176 0.007502
4687.259766 0.006207
4688.339844 0.006619
4689.419922 0.007421
4690.500000 0.007773
4691.580078 0.008180
4692.660156 0.008866
4693.740234 0.009418
4694.819824 0.010447
4695.899902 0.011707
4696.979980 0.013231
4698.069824 0.012859
4699.149902 0.010746
4700.229980 0.009514
4701.310059 0.010185
4702.399902 0.010977
4703.479980 0.009946
4704.560059 0.009126
4705.640137 0.010614
4706.729980 0.011847
4707.810059 0.010588
4708.899902 0.008524
4709.979980 0.007856
4711.060059 0.008755
4712.149902 0.010620
4713.229980 0.011347
4714.319824 0.009501
4715.410156 0.007571
4716.490234 0.007756
4717.580078 0.008891
4718.660156 0.009534
4719.750000 0.009230
4720.839844 0.009278
4721.930176 0.008976
4723.009766 0.007982
4724.100098 0.007778
4725.189941 0.009360
4726.279785 0.010363
4727.359863 0.009167
4728.450195 0.008141
4729.540039 0.007011
4730.629883 0.007693
4731.720215 0.009296
4732.810059 0.010262
4733.899902 0.010481
4734.990234 0.010531
4736.080078 0.010691
4737.169922 0.009267
4738.259766 0.007692
4739.350098 0.008022
4740.439941 0.008160
4741.540039 0.006806
4742.629883 0.006090
4743.720215 0.007085
4744.810059 0.008088
4745.910156 0.007801
4747.000000 0.007340
4748.089844 0.007907
4749.189941 0.008853
4750.279785 0.008750
4751.370117 0.008875
4752.470215 0.008835
4753.560059 0.008390
4754.660156 0.008312
4755.750000 0.007770
4756.850098 0.007410
4757.939941 0.008427
4759.040039 0.009284
4760.129883 0.010269
4761.229980 0.010675
4762.330078 0.009385
4763.419922 0.008415
4764.520020 0.008145
4765.620117 0.008299
4766.709961 0.008286
4767.810059 0.008657
4768.910156 0.010240
4770.009766 0.011135
4771.109863 0.011242
4772.209961 0.009955
4773.299805 0.008148
4774.399902 0.008485
4775.500000 0.009956
4776.600098 0.010205
4777.700195 0.009602
4778.799805 0.009744
4779.899902 0.009979
4781.000000 0.009216
4782.100098 0.009571
4783.209961 0.009974
4784.310059 0.009210
4785.410156 0.009192
4786.509766 0.009421
4787.609863 0.008783
4788.720215 0.008094
4789.819824 0.007584
4790.919922 0.007808
4792.029785 0.007999
4793.129883 0.008365
4794.229980 0.008972
4795.339844 0.009663
4796.439941 0.010073
4797.549805 0.009321
4798.649902 0.007702
4799.759766 0.005999
4800.859863 0.005955
4801.970215 0.007339
4803.069824 0.008637
4804.180176 0.009242
4805.279785 0.008238
4806.390137 0.007221
4807.500000 0.007068
4808.600098 0.007120
4809.709961 0.007747
4810.819824 0.008754
4811.930176 0.008518
4813.040039 0.008375
4814.140137 0.008068
4815.250000 0.007776
4816.359863 0.008324
4817.470215 0.008041
4818.580078 0.007849
4819.689941 0.008439
4820.799805 0.009005
4821.910156 0.008810
4823.020020 0.007300
4824.129883 0.005083
4825.240234 0.004405
4826.350098 0.006824
4827.459961 0.009263
4828.580078 0.009679
4829.689941 0.008893
4830.799805 0.007955
4831.910156 0.007863
4833.029785 0.007357
4834.140137 0.007556
4835.250000 0.008516
4836.370117 0.008747
4837.479980 0.008488
4838.589844 0.008283
4839.709961 0.007759
4840.819824 0.006324
4841.939941 0.006040
4843.049805 0.006561
4844.169922 0.006260
4845.279785 0.006429
4846.399902 0.007317
4847.509766 0.007533
4848.629883 0.005614
4849.750000 0.003618
4850.859863 0.003872
4851.979980 0.005199
4853.100098 0.005246
4854.220215 0.004728
4855.330078 0.002435
4856.450195 -0.000727
4857.569824 -0.002907
4858.689941 -0.004768
4859.810059 -0.003332
4860.930176 0.016656
4862.049805 0.045351
4863.169922 0.042844
4864.290039 0.013044
4865.410156 -0.005853
4866.529785 -0.005145
4867.649902 0.000004
4868.770020 0.003441
4869.890137 0.005502
4871.009766 0.004790
4872.129883 0.002289
4873.250000 0.002109
4874.379883 0.004411
4875.500000 0.006608
4876.620117 0.006490
4877.750000 0.005797
4878.870117 0.005765
4879.990234 0.007212
4881.120117 0.008353
4882.240234 0.007132
4883.359863 0.006904
4884.490234 0.007530
4885.609863 0.007759
4886.740234 0.007123
4887.859863 0.007393
4888.990234 0.008425
4890.120117 0.008376
4891.240234 0.005012
4892.370117 0.003322
4893.490234 0.005539
4894.620117 0.008250
4895.750000 0.010506
4896.879883 0.010403
4898.000000 0.009829
4899.129883 0.008796
4900.259766 0.007179
4901.390137 0.006626
4902.520020 0.006480
4903.649902 0.006736
4904.770020 0.006736
4905.899902 0.007880
4907.029785 0.010610
4908.160156 0.010878
4909.290039 0.009197
4910.430176 0.006746
4911.560059 0.005712
4912.689941 0.006358
4913.819824 0.008238
4914.950195 0.010110
4916.080078 0.012173
4917.209961 0.013558
4918.350098 0.011502
4919.479980 0.007634
4920.609863 0.004246
4921.740234 0.003939
4922.879883 0.006762
4924.009766 0.009045
4925.149902 0.008489
4926.279785 0.007818
4927.410156 0.009047
4928.549805 0.010239
4929.680176 0.010439
4930.819824 0.010370
4931.950195 0.010468
4933.089844 0.008776
4934.229980 0.005992
4935.359863 0.005887
4936.500000 0.007962
4937.640137 0.009219
4938.770020 0.007667
4939.910156 0.005279
4941.049805 0.006044
4942.189941 0.009221
4943.319824 0.010383
4944.459961 0.009988
4945.600098 0.008553
4946.740234 0.006651
4947.879883 0.005938
4949.020020 0.006593
4950.160156 0.006328
4951.299805 0.006052
4952.439941 0.005566
4953.580078 0.004031
4954.720215 0.001701
4955.859863 -0.002504
4957.000000 -0.012489
4958.140137 -0.036935
4959.290039 -0.075113
4960.430176 -0.086967
4961.569824 -0.057162
4962.709961 -0.023913
4963.850098 -0.007513
4965.000000 -0.000036
4966.140137 0.003028
4967.290039 0.004010
4968.430176 0.005687
4969.569824 0.007370
4970.720215 0.007311
4971.859863 0.007532
4973.009766 0.008989
4974.149902 0.010602
4975.299805 0.010863
4976.439941 0.011259
4977.589844 0.011202
4978.740234 0.010704
4979.879883 0.011290
4981.029785 0.011866
4982.180176 0.010865
4983.319824 0.008923
4984.470215 0.007507
4985.620117 0.008315
4986.770020 0.009600
4987.919922 0.011582
4989.060059 0.012238
4990.209961 0.009724
4991.359863 0.007843
4992.509766 0.006615
4993.660156 0.006749
4994.810059 0.006777
4995.959961 0.006214
4997.109863 0.006338
4998.259766 0.005496
4999.410156 0.002716
5000.560059 -0.002290
5001.720215 -0.008427
5002.870117 -0.016923
5004.020020 -0.031225
5005.169922 -0.059208
5006.330078 -0.131427
5007.479980 -0.242304
5008.629883 -0.264509
5009.790039 -0.166970
5010.939941 -0.078317
5012.089844 -0.038721
5013.250000 -0.019977
5014.399902 -0.009880
5015.560059 -0.002427
5016.709961 0.004474
5017.870117 0.007354
5019.020020 0.007382
5020.180176 0.007754
5021.330078 0.009761
5022.490234 0.010379
5023.649902 0.009631
5024.799805 0.010237
5025.959961 0.012358
5027.120117 0.011335
5028.279785 0.009379
5029.430176 0.009675
5030.589844 0.010691
5031.750000 0.011633
5032.910156 0.012922
5034.069824 0.013934
5035.229980 0.013383
5036.390137 0.011129
5037.549805 0.010633
5038.709961 0.012275
5039.870117 0.011827
5041.029785 0.008554
5042.189941 0.006194
5043.350098 0.007850
5044.509766 0.011640
5045.669922 0.013773
5046.830078 0.015115
5048.000000 0.014891
5049.160156 0.012107
5050.319824 0.009412
5051.490234 0.008221
5052.649902 0.008670
5053.810059 0.010200
5054.979980 0.011629
5056.140137 0.012374
5057.299805 0.011951
5058.470215 0.011076
5059.629883 0.011058
5060.799805 0.011739
5061.959961 0.012121
5063.129883 0.012461
5064.299805 0.011224
5065.459961 0.009176
5066.629883 0.008700
5067.799805 0.009987
5068.959961 0.010681
5070.129883 0.011283
5071.299805 0.011927
5072.470215 0.011869
5073.629883 0.011046
5074.799805 0.011454
5075.970215 0.011992
5077.140137 0.012623
5078.310059 0.013315
5079.479980 0.012154
5080.649902 0.009008
5081.819824 0.008058
5082.990234 0.010617
5084.160156 0.012732
5085.330078 0.012966
5086.500000 0.013228
5087.669922 0.013431
5088.839844 0.012442
5090.020020 0.011628
5091.189941 0.010834
5092.359863 0.010908
5093.529785 0.011877
5094.709961 0.012841
5095.879883 0.013557
5097.049805 0.012759
5098.229980 0.010354
5099.399902 0.008224
5100.569824 0.008470
5101.750000 0.010809
5102.919922 0.013820
5104.100098 0.014553
5105.270020 0.013585
5106.450195 0.012734
5107.629883 0.012014
5108.799805 0.010931
5109.979980 0.010068
5111.160156 0.010010
5112.330078 0.010588
5113.509766 0.011716
5114.689941 0.012086
5115.870117 0.011560
5117.040039 0.011485
5118.220215 0.012077
5119.399902 0.012631
5120.580078 0.013055
5121.759766 0.012137
5122.939941 0.011141
5124.120117 0.010345
5125.299805 0.009821
5126.479980 0.010740
5127.660156 0.012151
5128.839844 0.012458
5130.020020 0.011485
5131.200195 0.011528
5132.379883 0.011641
5133.569824 0.011545
5134.750000 0.011377
5135.930176 0.012319
5137.109863 0.012607
5138.299805 0.010769
5139.479980 0.009124
5140.660156 0.009045
5141.850098 0.010064
5143.029785 0.010024
5144.209961 0.009965
5145.399902 0.010649
5146.580078 0.011641
5147.770020 0.010821
5148.959961 0.011122
5150.140137 0.012847
5151.330078 0.013246
5152.509766 0.011609
5153.700195 0.010658
5154.890137 0.009720
5156.069824 0.010180
5157.259766 0.011688
5158.450195 0.013011
5159.640137 0.013593
5160.819824 0.014427
5162.009766 0.014061
5163.200195 0.013963
5164.390137 0.015343
5165.580078 0.016582
5166.770020 0.013797
5167.959961 0.009250
5169.149902 0.008189
5170.339844 0.012679
5171.529785 0.016676
5172.720215 0.014017
5173.910156 0.009824
5175.100098 0.011625
5176.299805 0.016818
5177.490234 0.019448
5178.680176 0.019520
5179.870117 0.019139
5181.069824 0.018781
5182.259766 0.017170
5183.450195 0.011335
5184.649902 0.005771
5185.839844 0.006695
5187.029785 0.012820
5188.229980 0.016848
5189.419922 0.015714
5190.620117 0.014110
5191.810059 0.011774
5193.009766 0.007788
5194.209961 0.006589
5195.399902 0.007344
5196.600098 0.006485
5197.790039 0.007320
5198.990234 0.009642
5200.189941 0.011520
5201.390137 0.011689
5202.580078 0.010956
5203.779785 0.010264
5204.979980 0.008467
5206.180176 0.006987
5207.379883 0.007388
5208.580078 0.007999
5209.779785 0.007853
5210.979980 0.008443
5212.180176 0.010505
5213.379883 0.012448
5214.580078 0.012486
5215.779785 0.009772
5216.979980 0.006243
5218.180176 0.005448
5219.379883 0.007319
5220.580078 0.009129
5221.790039 0.010057
5222.990234 0.010651
5224.189941 0.010586
5225.390137 0.008779
5226.600098 0.004889
5227.799805 0.001509
5229.009766 0.003177
5230.209961 0.007669
5231.410156 0.010540
5232.620117 0.010296
5233.819824 0.007620
5235.029785 0.004265
5236.229980 0.004083
5237.439941 0.006364
5238.649902 0.007737
5239.850098 0.007582
5241.060059 0.007103
5242.270020 0.006851
5243.470215 0.006792
5244.680176 0.007503
5245.890137 0.008262
5247.100098 0.007808
5248.310059 0.006354
5249.509766 0.005389
5250.720215 0.005783
5251.930176 0.005649
5253.140137 0.006074
5254.350098 0.007055
5255.560059 0.006162
5256.770020 0.005213
5257.979980 0.007215
5259.189941 0.009018
5260.399902 0.009715
5261.620117 0.010099
5262.830078 0.008783
5264.040039 0.006062
5265.250000 0.004174
5266.459961 0.004908
5267.680176 0.007471
5268.890137 0.009435
5270.100098 0.006754
5271.319824 0.003577
5272.529785 0.006137
5273.740234 0.009814
5274.959961 0.008061
5276.169922 0.005145
5277.390137 0.005208
5278.600098 0.007394
5279.819824 0.008970
5281.040039 0.007441
5282.250000 0.005108
5283.470215 0.003002
5284.680176 0.001234
5285.899902 0.002271
5287.120117 0.005536
5288.339844 0.006872
5289.549805 0.005665
5290.770020 0.005116
5291.990234 0.005743
5293.209961 0.005400
5294.430176 0.005292
5295.649902 0.005775
5296.870117 0.005033
5298.089844 0.002674
5299.310059 0.002157
5300.529785 0.003610
5301.750000 0.004941
5302.970215 0.004275
5304.189941 0.003730
5305.410156 0.005319
5306.629883 0.006006
5307.859863 0.003860
5309.080078 0.002356
5310.299805 0.002472
5311.520020 0.003254
5312.750000 0.003492
5313.970215 0.002798
5315.189941 0.003050
5316.419922 0.002901
5317.640137 0.001905
5318.870117 0.002272
5320.089844 0.003685
5321.319824 0.005339
5322.540039 0.006065
5323.770020 0.005703
5324.990234 0.004941
5326.220215 0.006326
5327.450195 0.005792
5328.669922 0.002221
5329.899902 -0.000489
5331.129883 0.002553
5332.359863 0.007284
5333.580078 0.007681
5334.810059 0.006665
5336.040039 0.006401
5337.270020 0.006158
5338.500000 0.006049
5339.729980 0.005176
5340.959961 0.002515
5342.189941 0.001961
5343.419922 0.004440
5344.649902 0.007542
5345.879883 0.007276
5347.109863 0.005325
5348.339844 0.004737
5349.569824 0.003666
5350.799805 0.002674
5352.040039 0.003337
5353.270020 0.003700
5354.500000 0.003115
5355.729980 0.003547
5356.970215 0.004025
5358.200195 0.003659
5359.439941 0.004207
5360.669922 0.004747
5361.899902 0.003863
5363.140137 0.002241
5364.370117 0.002011
5365.609863 0.003013
5366.850098 0.003770
5368.080078 0.004791
5369.319824 0.005599
5370.549805 0.003727
5371.790039 0.000054
5373.029785 -0.000276
5374.270020 0.002939
5375.500000 0.006503
5376.740234 0.007703
5377.979980 0.006086
5379.220215 0.005183
5380.459961 0.004188
5381.700195 0.002924
5382.930176 0.002311
5384.169922 0.002011
5385.410156 0.002905
5386.649902 0.004345
5387.890137 0.005413
5389.140137 0.005308
5390.379883 0.004643
5391.620117 0.004377
5392.859863 0.004259
5394.100098 0.004918
5395.339844 0.005599
5396.589844 0.005180
5397.830078 0.003125
5399.069824 0.003159
5400.310059 0.005768
5401.560059 0.007713
5402.799805 0.008342
5404.049805 0.007663
5405.290039 0.004498
5406.540039 0.001279
5407.779785 0.002033
5409.029785 0.005712
5410.270020 0.005332
5411.520020 0.003773
5412.759766 0.005018
5414.009766 0.006057
5415.259766 0.005198
5416.500000 0.004220
5417.750000 0.004756
5419.000000 0.004759
5420.250000 0.003493
5421.500000 0.002616
5422.740234 0.003845
5423.990234 0.003520
5425.240234 0.002089
5426.490234 0.003083
5427.740234 0.005610
5428.990234 0.006334
5430.240234 0.003438
5431.490234 0.001422
5432.740234 0.003203
5433.990234 0.004561
5435.240234 0.002910
5436.500000 0.001146
5437.750000 0.002068
5439.000000 0.003986
5440.250000 0.005469
5441.509766 0.005956
5442.759766 0.005726
5444.009766 0.005700
5445.270020 0.004879
5446.520020 0.001937
5447.770020 -0.000588
5449.029785 0.000183
5450.279785 0.004194
5451.540039 0.007347
5452.790039 0.008139
5454.049805 0.006749
5455.310059 0.003981
5456.560059 0.000258
5457.819824 0.000802
5459.080078 0.004890
5460.330078 0.007722
5461.589844 0.006848
5462.850098 0.004449
5464.109863 0.002717
5465.359863 0.002832
5466.620117 0.004788
5467.879883 0.005555
5469.140137 0.005175
5470.399902 0.005147
5471.660156 0.005830
5472.919922 0.005866
5474.180176 0.005425
5475.439941 0.004694
5476.700195 0.003784
5477.959961 0.002351
5479.220215 0.003663
5480.490234 0.006011
5481.750000 0.005558
5483.009766 0.003691
5484.270020 0.004025
5485.540039 0.006211
5486.799805 0.006753
5488.060059 0.004941
5489.330078 0.003129
5490.589844 0.003269
5491.859863 0.004577
5493.120117 0.005384
5494.379883 0.004929
5495.649902 0.004476
5496.919922 0.004210
5498.180176 0.003742
5499.450195 0.003804
5500.709961 0.005352
5501.979980 0.004784
5503.250000 0.003307
5504.520020 0.004091
5505.779785 0.004717
5507.049805 0.004294
5508.319824 0.003821
5509.589844 0.005089
5510.859863 0.005966
5512.129883 0.005058
5513.390137 0.003749
5514.660156 0.002969
5515.930176 0.003019
5517.200195 0.003810
5518.479980 0.005109
5519.750000 0.006063
5521.020020 0.005034
5522.290039 0.004319
5523.560059 0.003974
5524.830078 0.004592
5526.100098 0.004925
5527.379883 0.003520
5528.649902 0.002052
5529.919922 0.001668
5531.200195 0.003582
5532.470215 0.005383
5533.740234 0.004534
5535.020020 0.002848
5536.290039 0.002586
5537.569824 0.002811
5538.839844 0.003179
5540.120117 0.003852
5541.390137 0.004466
5542.669922 0.004300
5543.950195 0.003832
5545.220215 0.002317
5546.500000 0.001431
5547.779785 0.001493
5549.060059 0.002481
5550.330078 0.004118
5551.609863 0.004323
5552.890137 0.003003
5554.169922 0.002005
5555.450195 0.001938
5556.729980 0.002627
5558.009766 0.002748
5559.290039 0.002992
5560.569824 0.003560
5561.850098 0.003989
5563.129883 0.003346
5564.410156 0.002749
5565.689941 0.002906
5566.970215 0.002761
5568.250000 0.003029
5569.540039 0.003234
5570.819824 0.002995
5572.100098 0.003139
5573.390137 0.002478
5574.669922 0.002116
5575.950195 0.002476
5577.240234 0.003178
5578.520020 0.003795
5579.810059 0.004306
5581.089844 0.004124
5582.379883 0.004258
5583.660156 0.003900
5584.950195 0.004982
5586.229980 0.005338
5587.520020 0.003627
5588.810059 0.001028
5590.089844 0.000905
5591.379883 0.003347
5592.669922 0.004904
5593.959961 0.004875
5595.240234 0.004094
5596.529785 0.004557
5597.819824 0.005193
5599.109863 0.004429
5600.399902 0.002951
5601.689941 0.002048
5602.979980 0.001268
5604.270020 0.001288
5605.560059 0.002338
5606.850098 0.003796
5608.140137 0.004416
5609.430176 0.004129
5610.729980 0.003374
5612.020020 0.003454
5613.310059 0.004276
5614.600098 0.003997
5615.899902 0.001212
5617.189941 -0.000498
5618.479980 0.001633
5619.779785 0.003972
5621.069824 0.004485
5622.370117 0.005099
5623.660156 0.005443
5624.959961 0.003507
5626.250000 0.001598
5627.549805 0.001985
5628.839844 0.003879
5630.140137 0.004782
5631.439941 0.004928
5632.729980 0.004944
5634.029785 0.003914
5635.330078 0.003155
5636.620117 0.003047
5637.919922 0.002528
5639.220215 0.002428
5640.520020 0.003320
5641.819824 0.003822
5643.120117 0.003115
5644.419922 0.003344
5645.720215 0.003508
5647.020020 0.003497
5648.319824 0.003358
5649.620117 0.003283
5650.919922 0.003245
5652.220215 0.003020
5653.520020 0.003369
5654.819824 0.003600
5656.129883 0.003925
5657.430176 0.003156
5658.729980 0.001756
5660.029785 0.000742
5661.339844 0.001815
5662.640137 0.002967
5663.950195 0.002515
5665.250000 0.003048
5666.549805 0.004372
5667.859863 0.003908
5669.169922 0.002454
5670.470215 0.002214
5671.779785 0.002425
5673.080078 0.003030
5674.390137 0.003012
5675.700195 0.003367
5677.000000 0.002914
5678.310059 0.002321
5679.620117 0.002270
5680.930176 0.002563
5682.229980 0.003054
5683.540039 0.002735
5684.850098 0.002319
5686.160156 0.002797
5687.470215 0.003006
5688.779785 0.002306
5690.089844 0.002249
5691.399902 0.002829
5692.709961 0.003414
5694.020020 0.002952
5695.330078 0.002592
5696.640137 0.002910
5697.959961 0.002934
5699.270020 0.002436
5700.580078 0.002071
5701.890137 0.002057
5703.209961 0.002171
5704.520020 0.002920
5705.830078 0.004198
5707.149902 0.003769
5708.459961 0.003079
5709.779785 0.001730
5711.089844 0.000970
5712.410156 0.001634
5713.720215 0.001907
5715.040039 0.002852
5716.350098 0.003654
5717.669922 0.002907
5718.990234 0.002056
5720.299805 0.001569
5721.620117 0.001213
5722.939941 0.001339
5724.259766 0.001824
5725.569824 0.001741
5726.890137 0.000831
5728.209961 0.000524
5729.529785 0.000820
5730.850098 0.001508
5732.169922 0.000922
5733.490234 0.000861
5734.810059 0.001542
5736.129883 0.001445
5737.450195 0.001455
5738.770020 0.001807
5740.100098 0.001479
5741.419922 0.001250
5742.740234 0.000980
5744.060059 0.000704
5745.379883 0.001198
5746.709961 0.001465
5748.029785 0.001551
5749.350098 0.001125
5750.680176 0.001362
5752.000000 0.001885
5753.330078 0.001325
5754.649902 0.000185
5755.979980 0.000617
5757.299805 0.001728
5758.629883 0.003167
5759.959961 0.003008
5761.279785 0.001754
5762.609863 0.000576
5763.939941 -0.000251
5765.259766 0.000350
5766.589844 0.001665
5767.919922 0.002633
5769.250000 0.002487
5770.580078 0.001356
5771.899902 0.000523
5773.229980 0.000870
5774.560059 0.001224
5775.890137 0.001240
5777.220215 0.001959
5778.549805 0.003439
5779.879883 0.003176
5781.209961 0.001820
5782.549805 0.000727
5783.879883 0.000983
5785.209961 0.001758
5786.540039 0.002053
5787.870117 0.002662
5789.209961 0.003284
5790.540039 0.003115
5791.870117 0.002340
5793.209961 0.001713
5794.540039 0.001328
5795.879883 0.001792
5797.209961 0.001495
5798.549805 -0.000100
5799.879883 -0.000265
5801.220215 0.001140
5802.549805 0.001993
5803.890137 0.001662
5805.229980 0.000804
5806.560059 -0.000115
5807.899902 -0.000039
5809.240234 0.000343
5810.569824 0.000446
5811.910156 0.001265
5813.250000 0.001422
5814.589844 0.001209
5815.930176 0.000872
5817.270020 -0.000258
5818.609863 -0.000053
5819.950195 0.001173
5821.290039 0.001621
5822.629883 0.001843
5823.970215 0.000983
5825.310059 0.000243
5826.649902 0.000333
5827.990234 0.000312
5829.339844 0.000581
5830.680176 0.001240
5832.020020 0.001439
5833.359863 0.001336
5834.709961 0.001141
5836.049805 0.000856
5837.399902 0.000812
5838.740234 0.000794
5840.080078 0.000404
5841.430176 0.001048
5842.770020 0.001186
5844.120117 0.001173
5845.470215 0.001396
5846.810059 0.001277
5848.160156 0.000810
5849.500000 0.001354
5850.850098 0.001832
5852.200195 0.001885
5853.549805 0.001825
5854.890137 0.001594
5856.240234 0.001494
5857.589844 0.001500
5858.939941 0.000907
5860.290039 0.001259
5861.640137 0.002426
5862.990234 0.002498
5864.339844 0.002487
5865.689941 0.002462
5867.040039 0.002530
5868.390137 0.001903
5869.740234 0.001714
5871.089844 0.001785
5872.450195 0.001959
5873.799805 0.002465
5875.149902 0.004493
5876.500000 0.007500
5877.859863 0.007756
5879.209961 0.005078
5880.569824 0.002993
5881.919922 0.003316
5883.270020 0.004480
5884.629883 0.006029
5885.979980 0.008156
5887.339844 0.010449
5888.700195 0.010705
5890.049805 0.007378
5891.410156 0.005007
5892.759766 0.007430
5894.120117 0.011687
5895.479980 0.011873
5896.839844 0.008536
5898.189941 0.007016
5899.549805 0.007883
5900.910156 0.008852
5902.270020 0.008508
5903.629883 0.007617
5904.990234 0.005840
5906.350098 0.004353
5907.709961 0.003656
5909.069824 0.003542
5910.430176 0.003322
5911.790039 0.003224
5913.149902 0.003651
5914.509766 0.002624
5915.879883 0.001889
5917.240234 0.001832
5918.600098 0.002072
5919.959961 0.003297
5921.330078 0.003428
5922.689941 0.003058
5924.060059 0.003196
5925.419922 0.002881
5926.779785 0.002714
5928.149902 0.003096
5929.509766 0.002324
5930.879883 0.001826
5932.250000 0.002152
5933.609863 0.002355
5934.979980 0.002130
5936.339844 0.001845
5937.709961 0.001723
5939.080078 0.002359
5940.450195 0.003064
5941.810059 0.002413
5943.180176 0.001769
5944.549805 0.001998
5945.919922 0.002609
5947.290039 0.002942
5948.660156 0.002272
5950.029785 0.001795
5951.399902 0.002248
5952.770020 0.002029
5954.140137 0.001474
5955.509766 0.001751
5956.879883 0.002496
5958.250000 0.002234
5959.629883 0.001638
5961.000000 0.002257
5962.370117 0.002824
5963.750000 0.002985
5965.120117 0.002319
5966.490234 0.001940
5967.870117 0.001509
5969.240234 0.001528
5970.620117 0.001919
5971.990234 0.002593
5973.370117 0.002550
5974.740234 0.002161
5976.120117 0.001725
5977.490234 0.001488
5978.870117 0.001369
5980.250000 0.002025
5981.620117 0.003283
5983.000000 0.003388
5984.379883 0.002286
5985.759766 0.001546
5987.140137 0.001552
5988.509766 0.002029
5989.890137 0.002152
5991.270020 0.002520
5992.649902 0.002172
5994.029785 0.002186
5995.410156 0.002720
5996.790039 0.002837
5998.169922 0.002224
5999.560059 0.002002
6000.939941 0.002431
6002.319824 0.002292
6003.700195 0.002469
6005.080078 0.002481
6006.470215 0.002373
6007.850098 0.001931
6009.229980 0.001506
6010.620117 0.001664
6012.000000 0.002636
6013.390137 0.002792
6014.770020 0.002438
6016.160156 0.002697
6017.540039 0.002815
6018.930176 0.002478
6020.310059 0.001945
6021.700195 0.001410
6023.089844 0.001499
6024.470215 0.001679
6025.859863 0.001341
6027.250000 0.001504
6028.640137 0.001624
6030.020020 0.001824
6031.410156 0.001557
6032.799805 0.001201
6034.189941 0.001021
6035.580078 0.001259
6036.970215 0.001226
6038.359863 0.000806
6039.750000 0.000770
6041.140137 0.000977
6042.529785 0.000490
6043.930176 0.000212
6045.319824 0.000581
6046.709961 0.000708
6048.100098 0.000602
6049.490234 0.000875
6050.890137 0.001150
6052.279785 0.001079
6053.669922 0.000873
6055.069824 0.000377
6056.459961 0.000216
6057.859863 0.000333
6059.250000 0.000880
6060.649902 0.001115
6062.040039 0.001553
6063.439941 0.001247
6064.839844 0.000351
6066.229980 -0.000995
6067.629883 -0.001235
6069.029785 0.000065
6070.419922 0.000921
6071.819824 0.001130
6073.220215 0.001117
6074.620117 0.000618
6076.020020 0.000886
6077.419922 0.000806
6078.819824 0.000435
6080.220215 -0.000235
6081.620117 -0.000526
6083.020020 0.000132
6084.419922 0.000426
6085.819824 0.000512
6087.220215 0.000473
6088.620117 0.000808
6090.029785 0.000634
6091.430176 0.000604
6092.830078 0.000297
6094.229980 0.000856
6095.640137 0.001463
6097.040039 0.001323
6098.439941 0.001753
6099.850098 0.001820
6101.250000 0.001894
6102.660156 0.000044
6104.060059 -0.001821
6105.470215 -0.001321
6106.879883 0.000576
6108.279785 0.001272
6109.689941 0.001107
6111.100098 0.000884
6112.500000 0.000791
6113.910156 0.000612
6115.319824 0.000681
6116.729980 0.000810
6118.140137 0.001218
6119.540039 0.001367
6120.950195 0.000940
6122.359863 -0.000343
6123.770020 -0.000876
6125.180176 0.000040
6126.589844 0.001272
6128.000000 0.000710
6129.419922 0.000102
6130.830078 0.000528
6132.240234 0.001374
6133.649902 0.002245
6135.060059 0.001968
6136.479980 0.000139
6137.890137 -0.002249
6139.299805 -0.002424
6140.720215 -0.000744
6142.129883 -0.000167
6143.549805 -0.000516
6144.959961 -0.000017
6146.379883 0.000945
6147.790039 0.000656
6149.209961 -0.000303
6150.620117 -0.000724
6152.040039 -0.000372
6153.459961 0.001118
6154.870117 0.001982
6156.290039 0.002373
6157.709961 0.002580
6159.129883 0.002880
6160.540039 0.003021
6161.959961 0.002186
6163.379883 0.000021
6164.799805 -0.000287
6166.220215 0.001810
6167.640137 0.003347
6169.060059 0.003477
6170.479980 0.001559
6171.899902 0.000381
6173.319824 0.001273
6174.750000 0.002199
6176.169922 0.002045
6177.589844 0.001348
6179.009766 0.001254
6180.439941 0.001618
6181.859863 0.001676
6183.279785 0.001436
6184.709961 0.001879
6186.129883 0.002227
6187.560059 0.002376
6188.979980 0.001989
6190.410156 0.001355
6191.830078 0.000258
6193.259766 0.000197
6194.680176 0.001420
6196.109863 0.002787
6197.540039 0.003279
6198.959961 0.002650
6200.390137 0.000995
6201.819824 0.000156
6203.250000 0.000653
6204.680176 0.001151
6206.100098 0.001553
6207.529785 0.001972
6208.959961 0.001914
6210.390137 0.002191
6211.819824 0.002352
6213.250000 0.002265
6214.680176 0.001411
6216.120117 0.000691
6217.549805 0.001587
6218.979980 0.002961
6220.410156 0.002659
6221.839844 0.002016
6223.279785 0.001985
6224.709961 0.002434
6226.140137 0.002992
6227.580078 0.003625
6229.009766 0.003658
6230.450195 0.002476
6231.879883 0.000735
6233.310059 0.000267
6234.750000 0.001572
6236.189941 0.003329
6237.620117 0.004074
6239.060059 0.003445
6240.500000 0.002403
6241.930176 0.002084
6243.370117 0.002304
6244.810059 0.002137
6246.250000 0.001525
6247.680176 0.001517
6249.120117 0.002315
6250.560059 0.003422
6252.000000 0.003341
6253.439941 0.002113
6254.879883 0.001478
6256.319824 0.001667
6257.759766 0.001614
6259.200195 0.001190
6260.649902 0.001023
6262.089844 0.001746
6263.529785 0.002712
6264.970215 0.002641
6266.410156 0.001530
6267.859863 0.001228
6269.299805 0.000982
6270.740234 0.000703
6272.189941 0.000521
6273.629883 0.000495
6275.080078 0.001319
6276.520020 0.001487
6277.970215 0.001264
6279.410156 0.001020
6280.859863 0.000080
6282.310059 -0.001075
6283.750000 -0.001546
6285.200195 -0.001580
6286.649902 -0.001227
6288.089844 -0.000494
6289.540039 -0.000062
6290.990234 0.000151
6292.439941 -0.000293
6293.890137 -0.000712
6295.339844 -0.000964
6296.790039 -0.002150
6298.240234 -0.003262
6299.689941 -0.000900
6301.140137 0.004268
6302.589844 0.004324
6304.040039 -0.000772
6305.490234 -0.003492
6306.950195 -0.002654
6308.399902 -0.001213
6309.850098 -0.000062
6311.299805 0.000205
6312.759766 -0.000138
6314.209961 -0.000094
6315.669922 -0.000558
6317.120117 -0.000481
6318.569824 -0.001155
6320.029785 -0.000950
6321.479980 -0.000441
6322.939941 0.000223
6324.399902 0.000339
6325.850098 -0.000187
6327.310059 0.000077
6328.770020 -0.000220
6330.220215 -0.000552
6331.680176 -0.000447
6333.140137 -0.000055
6334.600098 0.000148
6336.060059 -0.000976
6337.520020 -0.002231
6338.979980 -0.002107
6340.439941 -0.000641
6341.899902 0.000764
6343.359863 0.001346
6344.819824 -0.000137
6346.279785 -0.001329
6347.740234 -0.001233
6349.200195 -0.000362
6350.660156 -0.000039
6352.129883 -0.000155
6353.589844 0.000042
6355.049805 -0.000192
6356.520020 -0.000489
6357.979980 -0.000489
6359.439941 -0.000688
6360.910156 -0.001326
6362.370117 -0.001135
6363.839844 0.000197
6365.299805 0.001297
6366.770020 0.000707
6368.229980 -0.001125
6369.700195 -0.001594
6371.169922 -0.001741
6372.640137 -0.001783
6374.100098 -0.001454
6375.569824 -0.001523
6377.040039 -0.001687
6378.509766 -0.002111
6379.979980 -0.002276
6381.450195 -0.002310
6382.919922 -0.001902
6384.390137 -0.002158
6385.859863 -0.002166
6387.330078 -0.001841
6388.799805 -0.001473
6390.270020 -0.001522
6391.740234 -0.001975
6393.209961 -0.002888
6394.680176 -0.003719
6396.160156 -0.003274
6397.629883 -0.001274
6399.100098 -0.000833
6400.580078 -0.002879
6402.049805 -0.004074
6403.520020 -0.002901
6405.000000 -0.001187
6406.470215 -0.000782
6407.950195 -0.001794
6409.430176 -0.002223
6410.899902 -0.002227
6412.379883 -0.002636
6413.850098 -0.002341
6415.330078 -0.001764
6416.810059 -0.001683
6418.290039 -0.001715
6419.759766 -0.001695
6421.240234 -0.002856
6422.720215 -0.003697
6424.200195 -0.002498
6425.680176 -0.001325
6427.160156 -0.001176
6428.640137 -0.001584
6430.120117 -0.001944
6431.600098 -0.003165
6433.080078 -0.004189
6434.560059 -0.003527
6436.049805 -0.002044
6437.529785 -0.002316
6439.009766 -0.003613
6440.490234 -0.004514
6441.979980 -0.004178
6443.459961 -0.002773
6444.939941 -0.001796
6446.430176 -0.001445
6447.910156 -0.001031
6449.399902 -0.002247
6450.879883 -0.004354
6452.370117 -0.004328
6453.850098 -0.002926
6455.339844 -0.002419
6456.830078 -0.003281
6458.310059 -0.003642
6459.799805 -0.002816
6461.290039 -0.002497
6462.779785 -0.003945
6464.259766 -0.005546
6465.750000 -0.005500
6467.240234 -0.003623
6468.729980 -0.002573
6470.220215 -0.003185
6471.709961 -0.004017
6473.200195 -0.004572
6474.689941 -0.004438
6476.180176 -0.004108
6477.669922 -0.003736
6479.169922 -0.003065
6480.660156 -0.003133
6482.149902 -0.004066
6483.640137 -0.004459
6485.140137 -0.004971
6486.629883 -0.003902
6488.120117 -0.002170
6489.620117 -0.001617
6491.109863 -0.001259
6492.609863 -0.001541
6494.100098 -0.003047
6495.600098 -0.004922
6497.089844 -0.006349
6498.589844 -0.006010
6500.089844 -0.004748
6501.580078 -0.003521
6503.080078 -0.002672
6504.580078 -0.002354
6506.080078 -0.002538
6507.569824 -0.003038
6509.069824 -0.003675
6510.569824 -0.004182
6512.069824 -0.003793
6513.569824 -0.003527
6515.069824 -0.003964
6516.569824 -0.004572
6518.069824 -0.005017
6519.569824 -0.005535
6521.069824 -0.005514
6522.580078 -0.004604
6524.080078 -0.004712
6525.580078 -0.004839
6527.080078 -0.005323
6528.589844 -0.005971
6530.089844 -0.006273
6531.589844 -0.006461
6533.100098 -0.006616
6534.600098 -0.006839
6536.109863 -0.007431
6537.609863 -0.006954
6539.120117 -0.006717
6540.620117 -0.007625
6542.129883 -0.008748
6543.640137 -0.010874
6545.140137 -0.014019
6546.649902 -0.013058
6548.160156 -0.000677
6549.669922 0.011572
6551.169922 0.005090
6552.680176 -0.010924
6554.189941 -0.018407
6555.700195 -0.018669
6557.209961 -0.020357
6558.720215 -0.028173
6560.229980 -0.031023
6561.740234 0.025379
6563.250000 0.149276
6564.759766 0.209699
6566.279785 0.124201
6567.790039 0.006125
6569.299805 -0.033392
6570.810059 -0.025384
6572.330078 -0.017649
6573.839844 -0.015362
6575.350098 -0.014984
6576.870117 -0.016399
6578.379883 -0.019248
6579.899902 -0.026562
6581.410156 -0.028609
6582.930176 -0.000315
6584.439941 0.046186
6585.959961 0.050583
6587.479980 0.005445
6588.990234 -0.027015
6590.509766 -0.026034
6592.029785 -0.017379
6593.549805 -0.012992
6595.060059 -0.011240
6596.580078 -0.009039
6598.100098 -0.006554
6599.620117 -0.005608
6601.140137 -0.005326
6602.660156 -0.004633
6604.180176 -0.004267
6605.700195 -0.004481
6607.220215 -0.004648
6608.750000 -0.005286
6610.270020 -0.006040
6611.790039 -0.005646
6613.310059 -0.004782
6614.839844 -0.004161
6616.359863 -0.004687
6617.879883 -0.004873
6619.410156 -0.003933
6620.930176 -0.004102
6622.459961 -0.003784
6623.979980 -0.003854
6625.509766 -0.004693
6627.029785 -0.004238
6628.560059 -0.003448
6630.080078 -0.002599
6631.609863 -0.002588
6633.140137 -0.003253
6634.669922 -0.003977
6636.189941 -0.003826
6637.720215 -0.002940
6639.250000 -0.002720
6640.779785 -0.002711
6642.310059 -0.002805
6643.839844 -0.003043
6645.370117 -0.003800
6646.899902 -0.004094
6648.430176 -0.003793
6649.959961 -0.003156
6651.490234 -0.002923
6653.020020 -0.003146
6654.560059 -0.003018
6656.089844 -0.002549
6657.620117 -0.002404
6659.149902 -0.002159
6660.689941 -0.002034
6662.220215 -0.002373
6663.759766 -0.002949
6665.290039 -0.003411
6666.830078 -0.002770
6668.359863 -0.002722
6669.899902 -0.002981
6671.430176 -0.002380
6672.970215 -0.002065
6674.509766 -0.002092
6676.040039 -0.002011
6677.580078 -0.002261
6679.120117 -0.002341
6680.660156 -0.002125
6682.189941 -0.002941
6683.729980 -0.002762
6685.270020 -0.002380
6686.810059 -0.002323
6688.350098 -0.001936
6689.890137 -0.002398
6691.430176 -0.002383
6692.970215 -0.002118
6694.509766 -0.002129
6696.060059 -0.002023
6697.600098 -0.002119
6699.140137 -0.002639
6700.680176 -0.002478
6702.229980 -0.001817
6703.770020 -0.002233
6705.310059 -0.003114
6706.859863 -0.003694
6708.399902 -0.003589
6709.950195 -0.004103
6711.490234 -0.005651
6713.040039 -0.008334
6714.580078 -0.004152
6716.129883 0.023136
6717.680176 0.057147
6719.220215 0.052750
6720.770020 0.016356
6722.319824 -0.007277
6723.870117 -0.009349
6725.419922 -0.007705
6726.959961 -0.008837
6728.509766 -0.007966
6730.060059 0.006764
6731.609863 0.033107
6733.160156 0.040384
6734.709961 0.017390
6736.259766 -0.004682
6737.810059 -0.008255
6739.370117 -0.005565
6740.919922 -0.004326
6742.470215 -0.003141
6744.020020 -0.002655
6745.580078 -0.002279
6747.129883 -0.001961
6748.680176 -0.002276
6750.240234 -0.002475
6751.790039 -0.002582
6753.350098 -0.002527
6754.899902 -0.002213
6756.459961 -0.001833
6758.009766 -0.001907
6759.569824 -0.002230
6761.129883 -0.001831
6762.680176 -0.002116
6764.240234 -0.002123
6765.799805 -0.001676
6767.359863 -0.002172
6768.919922 -0.002086
6770.470215 -0.002565
6772.029785 -0.002734
6773.589844 -0.002329
6775.149902 -0.002818
6776.709961 -0.002355
6778.270020 -0.002154
6779.830078 -0.001903
6781.399902 -0.001211
6782.959961 -0.001515
6784.520020 -0.002156
6786.080078 -0.002893
6787.640137 -0.002772
6789.209961 -0.002279
6790.770020 -0.001694
6792.330078 -0.001558
6793.899902 -0.002100
6795.459961 -0.002345
6797.029785 -0.002068
6798.589844 -0.002243
6800.160156 -0.001914
6801.729980 -0.001854
6803.290039 -0.001723
6804.859863 -0.001866
6806.430176 -0.002561
6807.990234 -0.002675
6809.560059 -0.002423
6811.129883 -0.002581
6812.700195 -0.002290
6814.270020 -0.002319
6815.839844 -0.002518
6817.399902 -0.002425
6818.970215 -0.002610
6820.540039 -0.002901
6822.120117 -0.002909
6823.689941 -0.002538
6825.259766 -0.001634
6826.830078 -0.001771
6828.399902 -0.002558
6829.970215 -0.002859
6831.549805 -0.003135
6833.120117 -0.002645
6834.689941 -0.001939
6836.270020 -0.001655
6837.839844 -0.001834
6839.419922 -0.001827
6840.990234 -0.002742
6842.569824 -0.003484
6844.140137 -0.003374
6845.720215 -0.002658
6847.299805 -0.002291
6848.870117 -0.002094
6850.450195 -0.001832
6852.029785 -0.002029
6853.600098 -0.002059
6855.180176 -0.002131
6856.759766 -0.003123
6858.339844 -0.003082
6859.919922 -0.002606
6861.500000 -0.002454
6863.080078 -0.003039
6864.660156 -0.003023
6866.240234 -0.002142
6867.819824 -0.001966
6869.399902 -0.001945
6870.990234 -0.002130
6872.569824 -0.002423
6874.149902 -0.002592
6875.729980 -0.002706
6877.319824 -0.003010
6878.899902 -0.002174
6880.490234 -0.001955
6882.069824 -0.002570
6883.649902 -0.003120
6885.240234 -0.003636
6886.830078 -0.003289
6888.410156 -0.002843
6890.000000 -0.002673
6891.580078 -0.002423
6893.169922 -0.002651
6894.759766 -0.003090
6896.350098 -0.003188
6897.930176 -0.003493
6899.520020 -0.003401
6901.109863 -0.003763
6902.700195 -0.004058
6904.290039 -0.003775
6905.879883 -0.003335
6907.470215 -0.003262
6909.060059 -0.003005
6910.649902 -0.002820
6912.240234 -0.002840
6913.839844 -0.003202
6915.430176 -0.003706
6917.020020 -0.003758
6918.609863 -0.003914
6920.209961 -0.003175
6921.799805 -0.002568
6923.390137 -0.003076
6924.990234 -0.003184
6926.580078 -0.003368
6928.180176 -0.003597
6929.770020 -0.002998
6931.370117 -0.002573
6932.970215 -0.002805
6934.560059 -0.003631
6936.160156 -0.003695
6937.759766 -0.003019
6939.350098 -0.003228
6940.950195 -0.002916
6942.549805 -0.002500
6944.149902 -0.003069
6945.750000 -0.003803
6947.350098 -0.004152
6948.950195 -0.003613
6950.549805 -0.002847
6952.149902 -0.003260
6953.750000 -0.004109
6955.350098 -0.003819
6956.950195 -0.003724
6958.560059 -0.003419
6960.160156 -0.003165
6961.759766 -0.003281
6963.359863 -0.003496
6964.970215 -0.003190
6966.569824 -0.003303
6968.180176 -0.003346
6969.779785 -0.002979
6971.390137 -0.003299
6972.990234 -0.003571
6974.600098 -0.002742
6976.200195 -0.002802
6977.810059 -0.004046
6979.419922 -0.005163
6981.020020 -0.005207
6982.629883 -0.004298
6984.240234 -0.002939
6985.850098 -0.002892
6987.459961 -0.003319
6989.060059 -0.003534
6990.669922 -0.003740
6992.279785 -0.004197
6993.890137 -0.003756
6995.509766 -0.003585
6997.120117 -0.003823
6998.729980 -0.003867
7000.339844 -0.003934
7001.950195 -0.004197
7003.560059 -0.003780
7005.180176 -0.003222
7006.790039 -0.003818
7008.399902 -0.003940
7010.020020 -0.003635
7011.629883 -0.003149
7013.250000 -0.002624
7014.859863 -0.003079
7016.479980 -0.004063
7018.089844 -0.004541
7019.709961 -0.003942
7021.330078 -0.002782
7022.939941 -0.002452
7024.560059 -0.003571
7026.180176 -0.004530
7027.790039 -0.003968
7029.410156 -0.003454
7031.029785 -0.003342
7032.649902 -0.003398
7034.270020 -0.003655
7035.890137 -0.004048
7037.509766 -0.004140
7039.129883 -0.004845
7040.750000 -0.005475
7042.370117 -0.004484
7044.000000 -0.003796
7045.620117 -0.004019
7047.240234 -0.004588
7048.859863 -0.004187
7050.490234 -0.002856
7052.109863 -0.002556
7053.729980 -0.003304
7055.359863 -0.004120
7056.979980 -0.003567
7058.609863 -0.002448
7060.229980 -0.001505
7061.859863 -0.001474
7063.490234 -0.001249
7065.109863 -0.000976
7066.740234 -0.000951
7068.370117 -0.001630
7069.990234 -0.002842
7071.620117 -0.002623
7073.250000 -0.001327
7074.879883 -0.001253
7076.509766 -0.001470
7078.140137 -0.002089
7079.770020 -0.002011
7081.399902 -0.000892
7083.029785 -0.000443
7084.660156 -0.001165
7086.290039 -0.001739
7087.919922 -0.001144
7089.560059 -0.000723
7091.189941 -0.000732
7092.819824 -0.000877
7094.459961 -0.000351
7096.089844 -0.000226
7097.720215 -0.000529
7099.359863 -0.000143
7100.990234 0.000053
7102.629883 0.000010
7104.259766 -0.000485
7105.899902 -0.000394
7107.540039 0.000187
7109.169922 0.000332
7110.810059 -0.000652
7112.450195 -0.001134
7114.089844 -0.000913
7115.720215 -0.000655
7117.359863 -0.000147
7119.000000 0.000375
7120.640137 0.000351
7122.279785 -0.000223
7123.919922 -0.000365
7125.560059 -0.000215
7127.200195 0.000264
7128.839844 0.000168
7130.490234 -0.000821
7132.129883 -0.001721
7133.770020 -0.001753
7135.410156 -0.000731
7137.060059 0.000865
7138.700195 0.000904
7140.339844 -0.000664
7141.990234 -0.000981
7143.629883 -0.000202
7145.279785 -0.000078
7146.919922 -0.000098
7148.569824 -0.000797
7150.209961 -0.001255
7151.859863 -0.001010
7153.509766 -0.000101
7155.160156 0.000317
7156.799805 0.000080
7158.450195 0.000311
7160.100098 0.000055
7161.750000 0.000292
7163.399902 -0.000275
7165.049805 -0.001043
7166.700195 -0.001444
7168.350098 -0.001415
7170.000000 -0.000729
7171.649902 0.000044
7173.299805 0.000196
7174.950195 -0.000125
7176.609863 -0.000828
7178.259766 -0.001020
7179.910156 -0.000893
7181.560059 -0.001436
7183.220215 -0.001641
7184.870117 -0.000443
7186.529785 0.000223
7188.180176 -0.000732
7189.839844 -0.001815
7191.490234 -0.001413
7193.149902 -0.000484
7194.810059 -0.000168
7196.459961 -0.000493
7198.120117 -0.000175
7199.779785 0.000078
7201.439941 -0.000616
7203.089844 -0.000860
7204.750000 -0.000660
7206.410156 -0.000444
7208.069824 -0.001080
7209.729980 -0.001902
7211.390137 -0.001575
7213.049805 -0.000423
7214.709961 -0.000310
7216.379883 -0.000769
7218.040039 -0.000868
7219.700195 -0.001601
7221.359863 -0.001738
7223.020020 -0.001818
7224.689941 -0.002274
7226.350098 -0.002338
7228.020020 -0.002093
7229.680176 -0.001944
7231.350098 -0.001768
7233.009766 -0.001428
7234.680176 -0.001496
7236.339844 -0.001968
7238.009766 -0.002330
7239.680176 -0.002184
7241.339844 -0.002500
7243.009766 -0.002437
7244.680176 -0.002278
7246.350098 -0.002376
7248.020020 -0.002311
7249.680176 -0.001997
7251.350098 -0.001830
7253.020020 -0.002634
7254.689941 -0.003131
7256.359863 -0.002299
7258.040039 -0.001795
7259.709961 -0.002062
7261.379883 -0.003127
7263.049805 -0.004083
7264.720215 -0.003691
7266.399902 -0.002359
7268.069824 -0.002226
7269.740234 -0.002798
7271.419922 -0.002255
7273.089844 -0.002277
7274.770020 -0.002874
7276.439941 -0.002562
7278.120117 -0.002244
7279.790039 -0.001875
7281.470215 -0.001877
7283.149902 -0.003193
7284.819824 -0.003087
7286.500000 -0.002529
7288.180176 -0.001926
7289.859863 -0.002172
7291.540039 -0.002968
7293.220215 -0.003292
7294.899902 -0.003419
7296.580078 -0.002862
7298.259766 -0.002200
7299.939941 -0.002468
7301.620117 -0.003425
7303.299805 -0.003780
7304.979980 -0.003269
7306.660156 -0.003219
7308.350098 -0.003778
7310.029785 -0.004439
7311.709961 -0.004975
7313.399902 -0.004797
7315.080078 -0.004432
7316.759766 -0.004220
7318.450195 -0.004430
7320.129883 -0.004220
7321.819824 -0.003661
7323.509766 -0.004017
7325.189941 -0.005114
7326.879883 -0.006073
7328.569824 -0.005592
7330.250000 -0.004303
7331.939941 -0.003831
7333.629883 -0.004565
7335.319824 -0.005237
7337.009766 -0.005138
7338.700195 -0.004654
7340.390137 -0.004736
7342.080078 -0.004378
7343.770020 -0.004769
7345.459961 -0.006178
7347.149902 -0.005844
7348.839844 -0.004987
7350.540039 -0.004232
7352.229980 -0.004535
7353.919922 -0.005174
7355.620117 -0.005373
7357.310059 -0.005722
7359.000000 -0.005728
7360.700195 -0.004402
7362.390137 -0.003782
7364.089844 -0.005020
7365.790039 -0.005637
7367.479980 -0.005382
7369.180176 -0.005165
7370.879883 -0.005201
7372.569824 -0.005524
7374.270020 -0.006190
7375.970215 -0.006473
7377.669922 -0.006380
7379.370117 -0.005289
7381.069824 -0.004790
7382.770020 -0.005544
7384.470215 -0.006208
7386.169922 -0.006014
7387.870117 -0.006479
7389.569824 -0.007165
7391.270020 -0.006958
7392.970215 -0.006451
7394.669922 -0.005590
7396.379883 -0.005649
7398.080078 -0.005835
7399.779785 -0.005644
7401.490234 -0.006718
7403.189941 -0.007315
7404.899902 -0.006812
7406.600098 -0.006288
7408.310059 -0.006495
7410.020020 -0.006983
7411.720215 -0.007107
7413.430176 -0.006640
7415.140137 -0.006226
7416.839844 -0.006647
7418.549805 -0.007294
7420.259766 -0.006535
7421.970215 -0.006309
7423.680176 -0.007255
7425.390137 -0.008015
7427.100098 -0.007041
7428.810059 -0.005899
7430.520020 -0.006289
7432.229980 -0.007517
7433.939941 -0.008143
7435.649902 -0.007481
7437.359863 -0.006663
7439.080078 -0.006729
7440.790039 -0.007119
7442.500000 -0.007329
7444.220215 -0.007822
7445.930176 -0.008261
7447.649902 -0.008582
7449.359863 -0.008166
7451.080078 -0.008206
7452.790039 -0.007756
7454.509766 -0.007035
7456.229980 -0.007197
7457.939941 -0.007161
7459.660156 -0.007202
7461.379883 -0.007610
7463.100098 -0.008997
7464.819824 -0.009996
7466.529785 -0.008372
7468.250000 -0.006464
7469.970215 -0.006210
7471.689941 -0.007414
7473.410156 -0.007939
7475.140137 -0.007926
7476.859863 -0.007810
7478.580078 -0.007830
7480.299805 -0.007778
7482.020020 -0.008291
7483.750000 -0.008701
7485.470215 -0.008931
7487.189941 -0.008405
7488.919922 -0.007966
7490.640137 -0.007787
7492.370117 -0.008162
7494.089844 -0.008580
7495.819824 -0.009214
7497.540039 -0.009561
7499.270020 -0.008734
7501.000000 -0.008028
7502.729980 -0.007738
7504.450195 -0.007582
7506.180176 -0.008046
7507.910156 -0.008892
7509.640137 -0.008721
7511.370117 -0.009083
7513.100098 -0.010110
7514.830078 -0.009778
7516.560059 -0.009052
7518.290039 -0.008575
7520.020020 -0.008265
7521.750000 -0.008834
7523.490234 -0.009406
7525.220215 -0.009857
7526.950195 -0.009896
7528.680176 -0.009164
7530.419922 -0.009073
7532.149902 -0.009700
7533.890137 -0.010148
7535.620117 -0.009590
7537.359863 -0.009034
7539.089844 -0.009116
7540.830078 -0.009834
7542.569824 -0.010444
7544.299805 -0.010047
7546.040039 -0.009645
7547.779785 -0.010431
7549.520020 -0.010572
7551.250000 -0.010046
7552.990234 -0.009436
7554.729980 -0.010089
7556.470215 -0.010974
7558.209961 -0.010457
7559.950195 -0.009885
7561.689941 -0.010078
7563.439941 -0.010376
7565.180176 -0.009907
7566.919922 -0.010377
7568.660156 -0.010764
7570.399902 -0.010969
7572.149902 -0.010851
7573.890137 -0.010156
7575.640137 -0.010823
7577.379883 -0.010550
7579.120117 -0.009718
7580.870117 -0.009843
7582.620117 -0.009232
7584.359863 -0.009930
7586.109863 -0.010559
7587.859863 -0.009931
7589.600098 -0.009309
7591.350098 -0.008996
7593.100098 -0.008666
7594.850098 -0.008151
7596.600098 -0.007921
7598.350098 -0.007990
7600.100098 -0.007508
7601.850098 -0.007886
7603.600098 -0.007933
7605.350098 -0.007977
7607.100098 -0.008311
7608.850098 -0.007814
7610.600098 -0.007788
7612.359863 -0.008138
7614.109863 -0.007718
7615.859863 -0.007521
7617.620117 -0.008386
7619.370117 -0.009591
7621.120117 -0.009154
7622.879883 -0.008393
7624.640137 -0.007353
7626.390137 -0.006996
7628.149902 -0.007711
7629.899902 -0.008598
7631.660156 -0.008827
7633.419922 -0.008240
7635.180176 -0.008116
7636.930176 -0.008402
7638.689941 -0.008130
7640.450195 -0.008541
7642.209961 -0.008825
7643.970215 -0.008388
7645.729980 -0.008191
7647.490234 -0.008602
7649.250000 -0.008644
7651.020020 -0.008485
7652.779785 -0.008791
7654.540039 -0.008061
7656.299805 -0.008093
7658.069824 -0.007564
7659.830078 -0.007042
7661.589844 -0.007017
7663.359863 -0.006295
7665.120117 -0.007417
7666.890137 -0.008712
7668.649902 -0.007903
7670.419922 -0.006567
7672.189941 -0.006340
7673.950195 -0.006453
7675.720215 -0.006811
7677.490234 -0.007258
7679.250000 -0.007186
7681.020020 -0.007734
7682.790039 -0.008264
7684.560059 -0.008283
7686.330078 -0.007479
7688.100098 -0.007318
7689.870117 -0.007479
7691.640137 -0.007719
7693.410156 -0.007872
7695.189941 -0.006963
7696.959961 -0.007039
7698.729980 -0.008570
7700.500000 -0.009222
7702.279785 -0.008975
7704.049805 -0.007649
7705.819824 -0.006434
7707.600098 -0.007008
7709.370117 -0.007338
7711.149902 -0.007430
7712.919922 -0.007618
7714.700195 -0.008018
7716.479980 -0.008370
7718.250000 -0.007541
7720.029785 -0.006670
7721.810059 -0.006680
7723.589844 -0.007722
7725.370117 -0.008192
7727.149902 -0.008371
7728.919922 -0.008774
7730.700195 -0.008572
7732.479980 -0.008351
7734.270020 -0.008464
7736.049805 -0.008665
7737.830078 -0.008619
7739.609863 -0.008251
7741.390137 -0.008136
7743.180176 -0.008193
7744.959961 -0.008240
7746.740234 -0.007852
7748.529785 -0.008910
7750.310059 -0.010269
7752.089844 -0.009461
7753.879883 -0.008075
7755.669922 -0.007577
7757.450195 -0.007700
7759.240234 -0.008238
7761.020020 -0.008443
7762.810059 -0.008123
7764.600098 -0.008391
7766.390137 -0.008862
7768.180176 -0.008969
7769.970215 -0.008584
7771.750000 -0.008560
7773.540039 -0.009523
7775.330078 -0.009419
7777.120117 -0.009335
7778.919922 -0.009082
7780.709961 -0.008931
7782.500000 -0.009580
7784.290039 -0.009331
7786.080078 -0.008427
7787.879883 -0.008470
7789.669922 -0.009236
7791.459961 -0.009495
7793.259766 -0.009202
7795.049805 -0.008405
7796.850098 -0.008136
7798.640137 -0.009115
7800.439941 -0.009901
7802.240234 -0.009593
7804.029785 -0.008682
7805.830078 -0.007987
7807.629883 -0.008764
7809.430176 -0.009557
7811.220215 -0.009470
7813.020020 -0.009259
7814.819824 -0.009009
7816.620117 -0.008880
7818.419922 -0.009134
7820.220215 -0.009583
7822.020020 -0.009933
7823.819824 -0.009906
7825.629883 -0.009516
7827.430176 -0.008680
7829.229980 -0.008593
7831.029785 -0.008897
7832.839844 -0.009476
7834.640137 -0.009716
7836.439941 -0.009614
7838.250000 -0.008911
7840.049805 -0.008017
7841.859863 -0.008407
7843.669922 -0.008958
7845.470215 -0.009496
7847.279785 -0.009368
7849.089844 -0.008456
7850.890137 -0.009602
7852.700195 -0.010225
7854.509766 -0.009365
7856.319824 -0.009529
7858.129883 -0.009593
7859.939941 -0.009241
7861.750000 -0.009245
7863.560059 -0.009029
7865.370117 -0.009118
7867.180176 -0.009193
7868.990234 -0.009231
7870.799805 -0.008732
7872.620117 -0.009217
7874.430176 -0.009451
7876.240234 -0.008950
7878.060059 -0.008601
7879.870117 -0.008555
7881.689941 -0.008731
7883.500000 -0.009503
7885.319824 -0.009750
7887.129883 -0.009738
7888.950195 -0.009385
7890.759766 -0.008466
7892.580078 -0.008093
7894.399902 -0.008404
7896.220215 -0.008650
7898.040039 -0.009535
7899.850098 -0.008982
7901.669922 -0.008237
7903.490234 -0.008194
7905.310059 -0.008151
7907.129883 -0.008130
7908.950195 -0.008157
7910.779785 -0.008039
7912.600098 -0.008028
7914.419922 -0.008451
7916.240234 -0.008005
7918.069824 -0.007553
7919.890137 -0.008042
7921.709961 -0.008087
7923.540039 -0.007493
7925.359863 -0.007130
7927.189941 -0.007543
7929.009766 -0.007901
7930.839844 -0.007740
7932.660156 -0.007654
7934.490234 -0.007759
7936.319824 -0.007986
7938.149902 -0.008012
7939.970215 -0.008302
7941.799805 -0.007798
7943.629883 -0.006782
7945.459961 -0.007599
7947.290039 -0.008931
7949.120117 -0.008778
7950.950195 -0.007716
7952.779785 -0.007675
7954.609863 -0.007740
7956.450195 -0.008281
7958.279785 -0.008646
7960.109863 -0.008156
7961.939941 -0.008202
7963.779785 -0.008531
7965.609863 -0.008709
7967.450195 -0.009083
7969.279785 -0.009037
7971.120117 -0.008525
7972.950195 -0.008810
7974.790039 -0.008565
7976.620117 -0.008210
7978.459961 -0.008187
7980.299805 -0.008645
7982.140137 -0.008856
7983.970215 -0.008188
7985.810059 -0.008023
7987.649902 -0.008447
7989.490234 -0.008694
7991.330078 -0.008426
7993.169922 -0.007817
7995.009766 -0.007587
7996.850098 -0.008259
7998.689941 -0.008358
8000.540039 -0.008623
8002.379883 -0.008814
8004.220215 -0.008037
8006.060059 -0.008224
8007.910156 -0.008124
8009.750000 -0.008147
8011.600098 -0.008546
8013.439941 -0.008475
8015.290039 -0.008337
8017.129883 -0.008109
8018.979980 -0.008576
8020.830078 -0.008664
8022.669922 -0.008081
8024.520020 -0.007908
8026.370117 -0.008434
8028.220215 -0.009428
8030.069824 -0.009680
8031.910156 -0.008437
8033.759766 -0.007569
8035.609863 -0.008511
8037.459961 -0.008730
8039.319824 -0.008110
8041.169922 -0.007643
8043.020020 -0.008033
8044.870117 -0.008336
8046.720215 -0.008828
8048.580078 -0.009418
8050.430176 -0.008920
8052.279785 -0.007960
8054.140137 -0.007595
8055.990234 -0.007740
8057.850098 -0.008330
8059.700195 -0.008242
8061.560059 -0.008143
8063.419922 -0.007983
8065.270020 -0.007750
8067.129883 -0.007775
8068.990234 -0.007955
8070.850098 -0.008096
8072.709961 -0.008399
8074.560059 -0.008496
8076.419922 -0.007638
8078.279785 -0.006589
8080.140137 -0.006929
8082.000000 -0.007753
8083.870117 -0.007371
8085.729980 -0.007046
8087.589844 -0.007309
8089.450195 -0.006684
8091.310059 -0.006602
8093.180176 -0.006969
8095.040039 -0.006554
8096.910156 -0.006358
8098.770020 -0.006431
8100.640137 -0.006320
8102.500000 -0.006005
8104.370117 -0.006030
8106.229980 -0.006352
8108.100098 -0.006560
8109.970215 -0.006675
8111.830078 -0.006583
8113.700195 -0.006403
8115.569824 -0.006992
8117.439941 -0.006856
8119.310059 -0.007123
8121.180176 -0.006950
8123.049805 -0.006663
8124.919922 -0.006123
8126.790039 -0.006023
8128.660156 -0.006642
8130.529785 -0.007298
8132.410156 -0.007479
8134.279785 -0.007463
8136.149902 -0.007397
8138.029785 -0.007315
8139.899902 -0.006766
8141.770020 -0.006860
8143.649902 -0.007609
8145.520020 -0.007588
8147.399902 -0.007076
8149.279785 -0.007059
8151.149902 -0.007545
8153.029785 -0.007690
8154.910156 -0.006866
8156.790039 -0.006688
8158.660156 -0.006199
8160.540039 -0.006529
8162.419922 -0.007129
8164.299805 -0.007647
8166.180176 -0.007303
8168.060059 -0.006637
8169.939941 -0.007283
8171.830078 -0.007252
8173.709961 -0.006963
8175.589844 -0.007286
8177.470215 -0.006721
8179.359863 -0.005564
8181.240234 -0.005728
8183.120117 -0.006150
8185.009766 -0.006509
8186.890137 -0.006154
8188.779785 -0.005128
8190.660156 -0.004153
8192.549805 -0.003763
8194.440430 -0.004355
8196.320312 -0.005758
8198.209961 -0.005683
8200.099609 -0.005230
8201.990234 -0.004842
8203.879883 -0.004357
8205.759766 -0.004458
8207.660156 -0.004706
8209.540039 -0.004024
8211.440430 -0.003492
8213.330078 -0.004070
8215.219727 -0.004893
8217.110352 -0.004697
8219.000000 -0.003915
8220.889648 -0.005090
8222.790039 -0.005523
8224.679688 -0.004828
8226.580078 -0.004223
8228.469727 -0.004164
8230.360352 -0.004255
8232.259766 -0.004316
8234.160156 -0.005681
8236.049805 -0.006179
8237.950195 -0.005142
8239.849609 -0.004605
8241.740234 -0.004764
8243.639648 -0.004978
8245.540039 -0.004866
8247.440430 -0.004619
8249.339844 -0.005205
8251.240234 -0.005708
8253.139648 -0.004803
8255.040039 -0.003808
8256.940430 -0.004176
8258.839844 -0.004348
8260.740234 -0.003694
8262.639648 -0.003412
8264.549805 -0.003719
8266.450195 -0.004281
8268.349609 -0.003931
8270.259766 -0.003540
8272.160156 -0.002999
8274.070312 -0.002940
8275.969727 -0.003263
8277.879883 -0.003225
8279.790039 -0.003007
8281.690430 -0.002706
8283.599609 -0.002175
8285.509766 -0.002083
8287.419922 -0.002510
8289.320312 -0.001743
8291.230469 -0.001484
8293.139648 -0.002018
8295.049805 -0.001336
8296.959961 -0.001450
8298.870117 -0.001063
8300.780273 -0.000536
8302.700195 -0.000186
8304.610352 -0.000274
8306.519531 -0.001049
8308.429688 -0.001971
8310.349609 -0.000996
8312.259766 -0.000556
8314.169922 -0.001013
8316.089844 -0.000872
8318.000000 -0.000864
8319.919922 -0.000830
8321.830078 -0.000640
8323.750000 -0.001227
8325.669922 -0.001354
8327.580078 -0.001593
8329.500000 -0.001891
8331.419922 -0.001327
8333.339844 -0.001014
8335.259766 -0.000604
8337.179688 -0.000592
8339.099609 -0.000348
8341.019531 -0.000235
8342.940430 -0.000743
8344.860352 -0.000610
8346.780273 -0.000397
8348.700195 -0.000590
